(0, 247)
(0, 253)
(1, 255)
(2, 5)
(3, 4)
(3, 5)
(3, 8)
(3, 149)
(3, 151)
(3, 398)
(3, 437)
(3, 463)
(3, 795)
(4, 6)
(4, 267)
(4, 398)
(4, 646)
(4, 764)
(4, 793)
(6, 8)
(6, 149)
(6, 151)
(6, 174)
(6, 398)
(6, 463)
(6, 494)
(6, 550)
(6, 646)
(6, 764)
(6, 769)
(6, 770)
(6, 793)
(6, 856)
(7, 769)
(8, 81)
(8, 151)
(8, 174)
(8, 325)
(8, 646)
(8, 776)
(8, 796)
(9, 435)
(10, 534)
(10, 832)
(12, 311)
(13, 96)
(13, 144)
(13, 271)
(13, 322)
(13, 406)
(13, 528)
(13, 778)
(13, 809)
(13, 850)
(13, 855)
(14, 192)
(14, 335)
(14, 814)
(15, 16)
(17, 122)
(18, 309)
(19, 167)
(20, 542)
(21, 22)
(22, 203)
(23, 188)
(23, 191)
(24, 53)
(24, 181)
(24, 227)
(24, 255)
(24, 455)
(26, 433)
(27, 28)
(29, 144)
(30, 478)
(30, 582)
(30, 819)
(31, 39)
(31, 203)
(31, 272)
(31, 613)
(31, 773)
(32, 281)
(33, 84)
(34, 120)
(35, 113)
(35, 181)
(35, 224)
(35, 227)
(35, 255)
(35, 375)
(35, 455)
(35, 474)
(35, 500)
(35, 629)
(35, 814)
(36, 123)
(36, 258)
(36, 596)
(36, 623)
(36, 641)
(37, 144)
(38, 179)
(38, 325)
(38, 398)
(38, 431)
(38, 780)
(39, 40)
(39, 71)
(39, 125)
(39, 144)
(39, 203)
(39, 218)
(39, 457)
(39, 500)
(39, 505)
(39, 550)
(39, 585)
(39, 613)
(39, 627)
(39, 675)
(39, 699)
(39, 706)
(39, 773)
(39, 822)
(40, 216)
(41, 159)
(41, 209)
(41, 799)
(42, 88)
(42, 258)
(42, 623)
(42, 641)
(42, 659)
(42, 790)
(42, 813)
(43, 47)
(43, 100)
(43, 109)
(43, 177)
(43, 234)
(43, 277)
(43, 344)
(43, 464)
(43, 483)
(43, 529)
(43, 608)
(43, 618)
(44, 258)
(45, 266)
(46, 124)
(46, 139)
(46, 401)
(46, 500)
(46, 524)
(46, 660)
(46, 855)
(47, 112)
(47, 344)
(47, 464)
(47, 483)
(47, 529)
(47, 565)
(47, 608)
(47, 618)
(48, 489)
(48, 572)
(49, 500)
(51, 135)
(51, 252)
(51, 518)
(51, 649)
(51, 722)
(51, 809)
(52, 654)
(53, 116)
(53, 154)
(53, 336)
(53, 448)
(53, 449)
(53, 468)
(53, 522)
(53, 565)
(53, 725)
(53, 750)
(53, 818)
(54, 144)
(54, 500)
(55, 284)
(56, 623)
(56, 861)
(57, 660)
(58, 356)
(58, 638)
(60, 836)
(61, 403)
(61, 474)
(62, 571)
(62, 692)
(65, 507)
(65, 727)
(66, 166)
(67, 448)
(68, 440)
(68, 470)
(68, 696)
(68, 707)
(69, 820)
(70, 71)
(70, 72)
(70, 73)
(70, 272)
(70, 471)
(70, 474)
(70, 500)
(71, 72)
(71, 73)
(71, 81)
(71, 505)
(71, 675)
(71, 698)
(71, 699)
(72, 73)
(74, 744)
(75, 254)
(75, 369)
(77, 78)
(77, 142)
(77, 519)
(77, 523)
(78, 379)
(78, 519)
(78, 523)
(79, 309)
(80, 252)
(80, 274)
(81, 107)
(81, 203)
(81, 218)
(81, 263)
(81, 292)
(81, 325)
(81, 368)
(81, 379)
(81, 411)
(81, 474)
(81, 505)
(81, 517)
(81, 660)
(81, 758)
(81, 770)
(81, 782)
(81, 821)
(82, 224)
(82, 227)
(82, 317)
(82, 409)
(82, 455)
(83, 700)
(84, 250)
(84, 252)
(84, 407)
(84, 532)
(84, 606)
(85, 585)
(86, 126)
(86, 566)
(86, 812)
(87, 116)
(87, 225)
(87, 226)
(87, 324)
(87, 337)
(87, 558)
(87, 840)
(87, 850)
(87, 851)
(88, 169)
(88, 623)
(88, 641)
(88, 659)
(89, 144)
(90, 508)
(91, 637)
(93, 107)
(93, 503)
(94, 440)
(94, 696)
(95, 500)
(95, 547)
(96, 144)
(96, 171)
(96, 179)
(96, 220)
(96, 222)
(96, 226)
(96, 275)
(96, 322)
(96, 325)
(96, 338)
(96, 474)
(96, 551)
(96, 553)
(96, 554)
(96, 558)
(96, 672)
(96, 673)
(96, 778)
(96, 783)
(96, 784)
(96, 785)
(96, 810)
(96, 850)
(96, 851)
(97, 438)
(97, 485)
(98, 474)
(99, 598)
(100, 165)
(100, 344)
(100, 464)
(100, 483)
(100, 529)
(100, 788)
(101, 800)
(102, 117)
(102, 172)
(102, 180)
(102, 182)
(102, 187)
(102, 222)
(102, 225)
(102, 265)
(102, 282)
(102, 283)
(102, 292)
(102, 293)
(102, 323)
(102, 324)
(102, 326)
(102, 327)
(102, 393)
(102, 432)
(102, 548)
(102, 552)
(102, 555)
(102, 556)
(102, 557)
(102, 559)
(102, 560)
(102, 660)
(102, 674)
(102, 688)
(102, 779)
(102, 782)
(102, 789)
(102, 790)
(102, 840)
(102, 849)
(102, 852)
(103, 252)
(103, 407)
(103, 533)
(103, 742)
(103, 807)
(104, 118)
(104, 738)
(105, 606)
(106, 474)
(107, 397)
(107, 503)
(107, 565)
(107, 574)
(108, 544)
(109, 413)
(110, 310)
(110, 832)
(111, 120)
(112, 205)
(112, 464)
(112, 608)
(113, 181)
(113, 227)
(113, 255)
(113, 304)
(113, 354)
(113, 455)
(113, 494)
(113, 642)
(113, 764)
(114, 448)
(114, 625)
(116, 448)
(116, 640)
(116, 725)
(116, 833)
(117, 172)
(117, 180)
(117, 182)
(117, 187)
(117, 222)
(117, 225)
(117, 283)
(117, 292)
(117, 293)
(117, 323)
(117, 324)
(117, 326)
(117, 327)
(117, 393)
(117, 432)
(117, 552)
(117, 555)
(117, 556)
(117, 557)
(117, 559)
(117, 560)
(117, 660)
(117, 674)
(117, 688)
(117, 779)
(117, 782)
(117, 789)
(117, 790)
(117, 840)
(117, 849)
(117, 852)
(118, 474)
(118, 614)
(118, 645)
(118, 656)
(118, 661)
(118, 740)
(120, 164)
(120, 353)
(120, 355)
(120, 374)
(120, 599)
(120, 647)
(120, 656)
(120, 767)
(120, 858)
(121, 474)
(122, 506)
(122, 508)
(122, 509)
(122, 536)
(122, 733)
(122, 734)
(123, 203)
(123, 360)
(123, 500)
(123, 505)
(123, 585)
(123, 623)
(123, 641)
(123, 716)
(123, 773)
(124, 135)
(124, 231)
(124, 274)
(124, 436)
(124, 818)
(125, 272)
(125, 613)
(126, 571)
(127, 130)
(128, 333)
(129, 483)
(129, 561)
(129, 608)
(129, 636)
(129, 808)
(129, 818)
(131, 134)
(132, 271)
(132, 410)
(132, 474)
(133, 257)
(135, 252)
(135, 274)
(135, 385)
(135, 407)
(135, 431)
(135, 441)
(135, 533)
(135, 649)
(135, 722)
(135, 724)
(135, 728)
(135, 737)
(135, 807)
(135, 850)
(135, 853)
(135, 855)
(136, 335)
(136, 725)
(138, 474)
(139, 198)
(139, 360)
(139, 496)
(139, 657)
(139, 756)
(140, 143)
(140, 177)
(140, 206)
(140, 406)
(140, 474)
(140, 550)
(140, 613)
(140, 661)
(141, 815)
(143, 270)
(143, 401)
(143, 499)
(143, 500)
(144, 151)
(144, 176)
(144, 179)
(144, 180)
(144, 182)
(144, 222)
(144, 223)
(144, 226)
(144, 282)
(144, 294)
(144, 298)
(144, 310)
(144, 322)
(144, 323)
(144, 324)
(144, 325)
(144, 326)
(144, 327)
(144, 334)
(144, 338)
(144, 359)
(144, 393)
(144, 399)
(144, 404)
(144, 435)
(144, 444)
(144, 460)
(144, 463)
(144, 480)
(144, 490)
(144, 499)
(144, 501)
(144, 512)
(144, 524)
(144, 533)
(144, 537)
(144, 550)
(144, 551)
(144, 552)
(144, 554)
(144, 555)
(144, 556)
(144, 557)
(144, 559)
(144, 560)
(144, 564)
(144, 584)
(144, 621)
(144, 624)
(144, 670)
(144, 673)
(144, 713)
(144, 716)
(144, 752)
(144, 760)
(144, 777)
(144, 778)
(144, 784)
(144, 789)
(144, 819)
(144, 829)
(144, 830)
(145, 147)
(145, 704)
(146, 500)
(147, 704)
(148, 151)
(148, 488)
(149, 267)
(149, 764)
(149, 769)
(149, 770)
(149, 791)
(150, 437)
(150, 796)
(151, 153)
(151, 644)
(151, 769)
(151, 770)
(151, 788)
(151, 798)
(151, 856)
(152, 379)
(152, 795)
(153, 437)
(153, 550)
(153, 732)
(154, 522)
(155, 268)
(155, 747)
(156, 435)
(157, 159)
(157, 366)
(158, 422)
(159, 740)
(159, 799)
(161, 692)
(162, 181)
(162, 255)
(163, 254)
(163, 579)
(163, 728)
(168, 474)
(169, 213)
(169, 372)
(169, 531)
(169, 651)
(170, 797)
(171, 179)
(171, 220)
(171, 275)
(171, 322)
(171, 325)
(171, 338)
(171, 551)
(171, 553)
(171, 554)
(171, 558)
(171, 672)
(171, 673)
(171, 778)
(171, 783)
(171, 784)
(171, 785)
(171, 810)
(171, 850)
(171, 851)
(172, 179)
(172, 180)
(172, 182)
(172, 187)
(172, 222)
(172, 225)
(172, 226)
(172, 282)
(172, 283)
(172, 292)
(172, 293)
(172, 323)
(172, 324)
(172, 326)
(172, 327)
(172, 393)
(172, 432)
(172, 552)
(172, 555)
(172, 556)
(172, 557)
(172, 559)
(172, 560)
(172, 660)
(172, 674)
(172, 688)
(172, 779)
(172, 782)
(172, 785)
(172, 789)
(172, 790)
(172, 840)
(172, 849)
(172, 852)
(174, 175)
(174, 194)
(174, 494)
(174, 764)
(174, 769)
(174, 793)
(176, 474)
(176, 868)
(177, 401)
(177, 474)
(179, 220)
(179, 275)
(179, 322)
(179, 325)
(179, 338)
(179, 551)
(179, 553)
(179, 554)
(179, 558)
(179, 672)
(179, 673)
(179, 778)
(179, 783)
(179, 784)
(179, 785)
(179, 810)
(179, 850)
(179, 851)
(179, 852)
(180, 182)
(180, 187)
(180, 222)
(180, 225)
(180, 226)
(180, 282)
(180, 283)
(180, 292)
(180, 293)
(180, 323)
(180, 324)
(180, 326)
(180, 327)
(180, 393)
(180, 432)
(180, 552)
(180, 555)
(180, 556)
(180, 557)
(180, 559)
(180, 560)
(180, 660)
(180, 674)
(180, 688)
(180, 742)
(180, 779)
(180, 782)
(180, 789)
(180, 790)
(180, 840)
(180, 849)
(180, 852)
(180, 853)
(181, 193)
(181, 224)
(181, 227)
(181, 255)
(181, 270)
(181, 311)
(181, 349)
(181, 354)
(181, 375)
(181, 435)
(181, 455)
(181, 474)
(181, 494)
(181, 640)
(181, 642)
(181, 664)
(181, 726)
(181, 814)
(182, 187)
(182, 222)
(182, 225)
(182, 226)
(182, 282)
(182, 283)
(182, 292)
(182, 293)
(182, 323)
(182, 324)
(182, 326)
(182, 327)
(182, 393)
(182, 432)
(182, 552)
(182, 555)
(182, 556)
(182, 557)
(182, 559)
(182, 560)
(182, 660)
(182, 672)
(182, 674)
(182, 688)
(182, 779)
(182, 782)
(182, 789)
(182, 790)
(182, 840)
(182, 849)
(182, 852)
(183, 185)
(183, 419)
(185, 419)
(186, 585)
(187, 201)
(187, 222)
(187, 225)
(187, 226)
(187, 282)
(187, 283)
(187, 292)
(187, 293)
(187, 323)
(187, 324)
(187, 326)
(187, 327)
(187, 393)
(187, 432)
(187, 533)
(187, 552)
(187, 555)
(187, 556)
(187, 557)
(187, 559)
(187, 560)
(187, 660)
(187, 674)
(187, 688)
(187, 712)
(187, 779)
(187, 782)
(187, 789)
(187, 790)
(187, 840)
(187, 849)
(187, 852)
(188, 191)
(189, 190)
(189, 474)
(190, 474)
(192, 335)
(192, 725)
(193, 455)
(194, 575)
(195, 735)
(195, 736)
(195, 738)
(195, 862)
(196, 221)
(196, 369)
(196, 781)
(197, 224)
(197, 510)
(198, 223)
(198, 401)
(198, 660)
(199, 509)
(201, 365)
(201, 712)
(201, 746)
(202, 203)
(203, 272)
(203, 285)
(203, 474)
(203, 500)
(203, 505)
(203, 550)
(203, 773)
(203, 803)
(204, 209)
(205, 208)
(206, 208)
(206, 237)
(206, 406)
(208, 209)
(209, 397)
(209, 606)
(212, 675)
(213, 372)
(214, 505)
(214, 509)
(215, 347)
(217, 234)
(217, 672)
(218, 500)
(218, 505)
(218, 698)
(218, 699)
(219, 249)
(220, 225)
(220, 275)
(220, 322)
(220, 325)
(220, 338)
(220, 474)
(220, 551)
(220, 553)
(220, 554)
(220, 558)
(220, 672)
(220, 673)
(220, 674)
(220, 690)
(220, 778)
(220, 783)
(220, 784)
(220, 785)
(220, 810)
(220, 850)
(220, 851)
(221, 369)
(221, 781)
(222, 225)
(222, 226)
(222, 282)
(222, 283)
(222, 292)
(222, 293)
(222, 323)
(222, 324)
(222, 326)
(222, 327)
(222, 385)
(222, 393)
(222, 432)
(222, 532)
(222, 552)
(222, 553)
(222, 555)
(222, 556)
(222, 557)
(222, 559)
(222, 560)
(222, 674)
(222, 688)
(222, 778)
(222, 779)
(222, 782)
(222, 785)
(222, 789)
(222, 790)
(222, 840)
(222, 849)
(222, 852)
(222, 855)
(222, 868)
(223, 225)
(223, 226)
(223, 373)
(223, 660)
(224, 227)
(224, 375)
(224, 410)
(224, 428)
(224, 455)
(224, 474)
(224, 499)
(224, 586)
(224, 629)
(225, 226)
(225, 282)
(225, 283)
(225, 292)
(225, 293)
(225, 320)
(225, 323)
(225, 324)
(225, 326)
(225, 327)
(225, 393)
(225, 432)
(225, 552)
(225, 555)
(225, 556)
(225, 557)
(225, 559)
(225, 560)
(225, 643)
(225, 660)
(225, 672)
(225, 674)
(225, 688)
(225, 779)
(225, 782)
(225, 789)
(225, 790)
(225, 840)
(225, 849)
(225, 852)
(226, 283)
(226, 292)
(226, 323)
(226, 324)
(226, 326)
(226, 327)
(226, 393)
(226, 474)
(226, 551)
(226, 552)
(226, 554)
(226, 555)
(226, 556)
(226, 557)
(226, 559)
(226, 560)
(226, 673)
(226, 778)
(226, 779)
(226, 789)
(226, 790)
(226, 840)
(226, 849)
(226, 850)
(226, 852)
(227, 244)
(227, 255)
(227, 354)
(227, 375)
(227, 455)
(227, 474)
(227, 494)
(227, 642)
(227, 814)
(231, 379)
(231, 407)
(231, 528)
(231, 747)
(231, 788)
(231, 807)
(232, 838)
(233, 235)
(236, 757)
(237, 500)
(238, 665)
(238, 675)
(239, 403)
(243, 258)
(245, 763)
(246, 474)
(247, 253)
(249, 410)
(249, 554)
(249, 622)
(250, 606)
(251, 254)
(251, 541)
(252, 274)
(252, 385)
(252, 441)
(252, 518)
(252, 532)
(252, 572)
(252, 649)
(252, 712)
(252, 722)
(252, 724)
(252, 737)
(252, 807)
(252, 809)
(252, 850)
(252, 853)
(253, 254)
(253, 394)
(253, 511)
(254, 394)
(254, 457)
(254, 624)
(254, 710)
(255, 311)
(255, 373)
(255, 455)
(255, 499)
(255, 589)
(255, 603)
(255, 664)
(255, 814)
(258, 641)
(258, 661)
(258, 683)
(258, 813)
(259, 455)
(260, 261)
(260, 867)
(260, 868)
(261, 866)
(261, 870)
(262, 465)
(264, 476)
(265, 275)
(266, 335)
(267, 398)
(267, 550)
(270, 278)
(270, 433)
(270, 716)
(270, 799)
(271, 272)
(271, 354)
(271, 474)
(271, 661)
(271, 809)
(272, 354)
(272, 426)
(272, 613)
(272, 661)
(272, 675)
(272, 717)
(274, 385)
(274, 407)
(274, 498)
(274, 532)
(274, 712)
(274, 807)
(274, 809)
(274, 853)
(274, 855)
(275, 322)
(275, 325)
(275, 338)
(275, 548)
(275, 551)
(275, 553)
(275, 554)
(275, 558)
(275, 672)
(275, 673)
(275, 778)
(275, 783)
(275, 784)
(275, 785)
(275, 810)
(275, 850)
(275, 851)
(276, 526)
(278, 354)
(278, 500)
(279, 424)
(279, 498)
(279, 532)
(279, 649)
(279, 809)
(279, 855)
(280, 474)
(281, 604)
(282, 283)
(282, 292)
(282, 293)
(282, 323)
(282, 324)
(282, 326)
(282, 327)
(282, 393)
(282, 432)
(282, 552)
(282, 553)
(282, 555)
(282, 556)
(282, 557)
(282, 559)
(282, 560)
(282, 576)
(282, 779)
(282, 782)
(282, 789)
(282, 790)
(282, 840)
(282, 849)
(282, 852)
(282, 855)
(283, 292)
(283, 293)
(283, 323)
(283, 324)
(283, 326)
(283, 327)
(283, 393)
(283, 432)
(283, 552)
(283, 555)
(283, 556)
(283, 557)
(283, 559)
(283, 560)
(283, 660)
(283, 674)
(283, 688)
(283, 779)
(283, 782)
(283, 789)
(283, 790)
(283, 840)
(283, 849)
(283, 852)
(286, 392)
(286, 772)
(287, 289)
(288, 289)
(289, 290)
(290, 642)
(291, 500)
(291, 742)
(291, 807)
(292, 293)
(292, 323)
(292, 324)
(292, 326)
(292, 327)
(292, 393)
(292, 432)
(292, 552)
(292, 555)
(292, 556)
(292, 557)
(292, 559)
(292, 560)
(292, 660)
(292, 674)
(292, 688)
(292, 779)
(292, 782)
(292, 789)
(292, 790)
(292, 840)
(292, 849)
(292, 852)
(293, 323)
(293, 324)
(293, 326)
(293, 327)
(293, 393)
(293, 432)
(293, 552)
(293, 555)
(293, 556)
(293, 557)
(293, 559)
(293, 560)
(293, 660)
(293, 672)
(293, 674)
(293, 688)
(293, 779)
(293, 782)
(293, 789)
(293, 790)
(293, 840)
(293, 849)
(293, 852)
(293, 853)
(295, 410)
(296, 723)
(297, 500)
(299, 300)
(301, 639)
(302, 797)
(303, 458)
(305, 613)
(306, 855)
(308, 775)
(310, 524)
(311, 364)
(311, 629)
(312, 715)
(313, 341)
(313, 505)
(313, 509)
(313, 734)
(314, 485)
(314, 581)
(315, 500)
(316, 600)
(317, 649)
(317, 780)
(317, 809)
(317, 849)
(318, 344)
(318, 419)
(318, 435)
(318, 530)
(318, 565)
(318, 576)
(318, 618)
(319, 500)
(320, 591)
(320, 672)
(321, 468)
(321, 518)
(322, 325)
(322, 338)
(322, 551)
(322, 553)
(322, 554)
(322, 558)
(322, 602)
(322, 672)
(322, 673)
(322, 778)
(322, 783)
(322, 784)
(322, 785)
(322, 810)
(322, 850)
(322, 851)
(323, 324)
(323, 326)
(323, 327)
(323, 393)
(323, 430)
(323, 432)
(323, 552)
(323, 555)
(323, 556)
(323, 557)
(323, 559)
(323, 560)
(323, 660)
(323, 674)
(323, 688)
(323, 725)
(323, 779)
(323, 782)
(323, 789)
(323, 790)
(323, 824)
(323, 840)
(323, 849)
(323, 852)
(324, 326)
(324, 327)
(324, 393)
(324, 432)
(324, 455)
(324, 532)
(324, 552)
(324, 555)
(324, 556)
(324, 557)
(324, 559)
(324, 560)
(324, 660)
(324, 674)
(324, 688)
(324, 779)
(324, 782)
(324, 789)
(324, 790)
(324, 814)
(324, 840)
(324, 849)
(324, 852)
(324, 855)
(325, 338)
(325, 431)
(325, 462)
(325, 551)
(325, 553)
(325, 554)
(325, 558)
(325, 672)
(325, 673)
(325, 764)
(325, 778)
(325, 783)
(325, 784)
(325, 785)
(325, 788)
(325, 810)
(325, 850)
(325, 851)
(326, 327)
(326, 393)
(326, 432)
(326, 524)
(326, 552)
(326, 555)
(326, 556)
(326, 557)
(326, 559)
(326, 560)
(326, 660)
(326, 674)
(326, 688)
(326, 779)
(326, 782)
(326, 789)
(326, 790)
(326, 840)
(326, 849)
(326, 852)
(327, 393)
(327, 432)
(327, 552)
(327, 555)
(327, 556)
(327, 557)
(327, 559)
(327, 560)
(327, 659)
(327, 660)
(327, 674)
(327, 688)
(327, 779)
(327, 782)
(327, 789)
(327, 790)
(327, 840)
(327, 849)
(327, 852)
(328, 442)
(329, 330)
(331, 689)
(332, 452)
(332, 842)
(333, 348)
(335, 448)
(335, 468)
(335, 725)
(335, 825)
(336, 448)
(336, 449)
(336, 518)
(336, 725)
(336, 787)
(338, 407)
(338, 533)
(338, 551)
(338, 553)
(338, 554)
(338, 558)
(338, 672)
(338, 673)
(338, 778)
(338, 783)
(338, 784)
(338, 785)
(338, 810)
(338, 850)
(338, 851)
(339, 340)
(342, 500)
(343, 500)
(344, 464)
(344, 483)
(344, 529)
(344, 565)
(344, 608)
(344, 618)
(345, 474)
(346, 711)
(350, 505)
(351, 508)
(351, 509)
(352, 396)
(352, 397)
(354, 455)
(354, 474)
(354, 661)
(354, 801)
(354, 814)
(356, 638)
(357, 402)
(357, 816)
(358, 500)
(360, 505)
(362, 500)
(363, 474)
(364, 629)
(365, 518)
(365, 853)
(367, 389)
(367, 772)
(367, 773)
(368, 517)
(369, 395)
(369, 436)
(369, 481)
(369, 508)
(369, 606)
(369, 624)
(369, 627)
(369, 654)
(369, 716)
(369, 781)
(369, 786)
(369, 802)
(369, 858)
(370, 658)
(371, 472)
(374, 484)
(375, 455)
(375, 629)
(375, 814)
(376, 378)
(377, 500)
(379, 462)
(379, 494)
(379, 769)
(380, 494)
(380, 644)
(380, 856)
(381, 855)
(382, 419)
(383, 774)
(384, 500)
(385, 407)
(385, 532)
(385, 533)
(385, 722)
(385, 807)
(385, 855)
(386, 794)
(386, 796)
(387, 868)
(388, 679)
(388, 687)
(389, 772)
(390, 417)
(391, 392)
(391, 772)
(391, 773)
(392, 771)
(392, 772)
(392, 773)
(393, 432)
(393, 552)
(393, 555)
(393, 556)
(393, 557)
(393, 559)
(393, 560)
(393, 660)
(393, 674)
(393, 688)
(393, 779)
(393, 782)
(393, 789)
(393, 790)
(393, 814)
(393, 840)
(393, 849)
(393, 852)
(393, 855)
(394, 500)
(396, 397)
(397, 401)
(397, 451)
(397, 505)
(397, 524)
(397, 606)
(397, 742)
(398, 433)
(398, 646)
(398, 747)
(398, 764)
(398, 769)
(398, 770)
(398, 793)
(400, 800)
(401, 660)
(401, 721)
(404, 501)
(405, 751)
(406, 813)
(407, 533)
(407, 551)
(407, 606)
(407, 724)
(407, 785)
(407, 853)
(408, 571)
(409, 608)
(409, 714)
(410, 486)
(410, 524)
(410, 622)
(410, 814)
(411, 517)
(412, 453)
(412, 530)
(412, 565)
(413, 615)
(414, 416)
(415, 416)
(418, 474)
(420, 476)
(423, 474)
(424, 425)
(426, 427)
(426, 474)
(426, 499)
(426, 793)
(427, 429)
(430, 532)
(430, 533)
(430, 742)
(430, 807)
(430, 850)
(430, 853)
(431, 524)
(431, 533)
(431, 673)
(431, 783)
(431, 784)
(432, 552)
(432, 555)
(432, 556)
(432, 557)
(432, 559)
(432, 560)
(432, 660)
(432, 674)
(432, 688)
(432, 779)
(432, 782)
(432, 789)
(432, 790)
(432, 840)
(432, 849)
(432, 852)
(433, 474)
(433, 780)
(435, 448)
(435, 453)
(435, 455)
(435, 485)
(435, 565)
(435, 576)
(435, 764)
(437, 462)
(437, 644)
(437, 769)
(437, 770)
(437, 788)
(438, 485)
(439, 799)
(440, 580)
(440, 696)
(441, 569)
(441, 649)
(441, 807)
(441, 818)
(445, 446)
(447, 800)
(448, 530)
(448, 725)
(448, 818)
(448, 833)
(449, 725)
(450, 500)
(450, 725)
(450, 817)
(451, 606)
(451, 827)
(453, 530)
(453, 565)
(454, 793)
(455, 494)
(455, 642)
(455, 694)
(455, 814)
(455, 853)
(456, 474)
(457, 497)
(457, 500)
(457, 579)
(459, 500)
(461, 474)
(461, 500)
(462, 550)
(462, 646)
(462, 769)
(462, 792)
(462, 794)
(462, 795)
(462, 798)
(463, 494)
(463, 575)
(463, 769)
(464, 483)
(464, 529)
(464, 608)
(464, 618)
(464, 697)
(464, 800)
(465, 503)
(466, 517)
(467, 855)
(468, 564)
(468, 725)
(468, 818)
(468, 834)
(469, 474)
(471, 474)
(471, 500)
(471, 678)
(472, 473)
(473, 668)
(474, 550)
(474, 562)
(474, 583)
(474, 601)
(474, 611)
(474, 613)
(474, 627)
(474, 632)
(474, 654)
(474, 661)
(474, 678)
(474, 705)
(474, 716)
(474, 717)
(474, 720)
(474, 730)
(474, 765)
(474, 777)
(474, 780)
(474, 799)
(474, 812)
(474, 814)
(474, 821)
(474, 828)
(474, 849)
(474, 855)
(475, 476)
(477, 480)
(478, 582)
(478, 819)
(479, 482)
(479, 500)
(481, 654)
(482, 500)
(483, 529)
(483, 608)
(483, 618)
(487, 500)
(488, 769)
(488, 770)
(488, 856)
(489, 572)
(491, 493)
(492, 527)
(492, 549)
(493, 644)
(494, 646)
(494, 732)
(494, 747)
(496, 710)
(497, 693)
(498, 780)
(498, 809)
(498, 855)
(499, 509)
(500, 504)
(500, 505)
(500, 568)
(500, 572)
(500, 577)
(500, 590)
(500, 597)
(500, 605)
(500, 621)
(500, 624)
(500, 648)
(500, 650)
(500, 655)
(500, 660)
(500, 674)
(500, 685)
(500, 690)
(500, 691)
(500, 701)
(500, 706)
(500, 725)
(500, 739)
(500, 745)
(500, 755)
(500, 759)
(500, 780)
(500, 799)
(500, 819)
(500, 823)
(500, 831)
(500, 832)
(500, 847)
(500, 857)
(500, 864)
(500, 865)
(500, 866)
(500, 868)
(502, 672)
(502, 850)
(503, 505)
(503, 508)
(503, 733)
(503, 734)
(505, 509)
(505, 613)
(505, 628)
(505, 698)
(505, 717)
(506, 508)
(506, 509)
(506, 536)
(506, 733)
(506, 734)
(507, 727)
(508, 509)
(508, 536)
(508, 733)
(508, 734)
(508, 781)
(509, 733)
(513, 516)
(514, 515)
(517, 569)
(517, 620)
(517, 821)
(518, 528)
(518, 673)
(518, 722)
(518, 783)
(518, 853)
(519, 523)
(520, 757)
(521, 749)
(522, 750)
(524, 532)
(524, 746)
(525, 545)
(526, 545)
(527, 545)
(528, 649)
(528, 742)
(528, 807)
(528, 853)
(529, 565)
(529, 608)
(529, 618)
(529, 697)
(530, 565)
(530, 576)
(530, 619)
(532, 551)
(532, 556)
(532, 724)
(532, 737)
(532, 742)
(532, 807)
(532, 809)
(532, 855)
(533, 708)
(533, 712)
(533, 850)
(534, 832)
(535, 823)
(536, 733)
(536, 734)
(538, 594)
(538, 855)
(539, 540)
(543, 610)
(546, 594)
(546, 597)
(550, 613)
(550, 660)
(550, 675)
(550, 769)
(551, 553)
(551, 554)
(551, 558)
(551, 672)
(551, 673)
(551, 778)
(551, 783)
(551, 784)
(551, 785)
(551, 810)
(551, 814)
(551, 850)
(551, 851)
(552, 555)
(552, 556)
(552, 557)
(552, 559)
(552, 560)
(552, 660)
(552, 674)
(552, 688)
(552, 779)
(552, 782)
(552, 789)
(552, 790)
(552, 840)
(552, 849)
(552, 852)
(553, 554)
(553, 558)
(553, 609)
(553, 672)
(553, 673)
(553, 778)
(553, 783)
(553, 784)
(553, 785)
(553, 810)
(553, 850)
(553, 851)
(554, 558)
(554, 672)
(554, 673)
(554, 778)
(554, 783)
(554, 784)
(554, 785)
(554, 810)
(554, 850)
(554, 851)
(555, 556)
(555, 557)
(555, 559)
(555, 560)
(555, 660)
(555, 674)
(555, 688)
(555, 779)
(555, 782)
(555, 789)
(555, 790)
(555, 840)
(555, 849)
(555, 852)
(556, 557)
(556, 559)
(556, 560)
(556, 660)
(556, 674)
(556, 688)
(556, 779)
(556, 782)
(556, 789)
(556, 790)
(556, 840)
(556, 849)
(556, 852)
(557, 559)
(557, 560)
(557, 570)
(557, 660)
(557, 674)
(557, 688)
(557, 779)
(557, 782)
(557, 789)
(557, 790)
(557, 840)
(557, 849)
(557, 852)
(558, 672)
(558, 673)
(558, 778)
(558, 783)
(558, 784)
(558, 785)
(558, 810)
(558, 850)
(558, 851)
(559, 560)
(559, 660)
(559, 674)
(559, 688)
(559, 779)
(559, 782)
(559, 789)
(559, 790)
(559, 840)
(559, 849)
(559, 852)
(560, 660)
(560, 672)
(560, 674)
(560, 688)
(560, 779)
(560, 782)
(560, 789)
(560, 790)
(560, 840)
(560, 849)
(560, 852)
(561, 808)
(562, 865)
(564, 818)
(565, 576)
(565, 618)
(565, 619)
(565, 757)
(567, 816)
(569, 620)
(571, 692)
(572, 649)
(572, 673)
(572, 853)
(573, 651)
(576, 618)
(578, 718)
(578, 861)
(582, 819)
(586, 800)
(587, 855)
(588, 629)
(592, 593)
(595, 596)
(596, 641)
(606, 607)
(606, 648)
(606, 686)
(606, 742)
(606, 786)
(608, 618)
(611, 872)
(613, 675)
(613, 698)
(613, 699)
(613, 717)
(613, 773)
(616, 737)
(616, 824)
(616, 849)
(617, 832)
(621, 660)
(621, 807)
(623, 641)
(624, 728)
(626, 627)
(627, 628)
(629, 814)
(630, 855)
(631, 633)
(631, 758)
(631, 773)
(631, 839)
(633, 773)
(633, 839)
(634, 635)
(639, 795)
(640, 818)
(646, 754)
(649, 728)
(649, 737)
(649, 742)
(649, 746)
(649, 785)
(649, 809)
(649, 855)
(652, 653)
(654, 691)
(656, 738)
(660, 779)
(660, 782)
(660, 789)
(660, 790)
(660, 840)
(660, 841)
(660, 849)
(660, 852)
(661, 740)
(661, 813)
(662, 663)
(666, 855)
(667, 843)
(669, 756)
(671, 676)
(671, 677)
(672, 673)
(672, 688)
(672, 778)
(672, 783)
(672, 784)
(672, 785)
(672, 810)
(672, 850)
(672, 851)
(672, 852)
(673, 725)
(673, 746)
(673, 778)
(673, 783)
(673, 784)
(673, 785)
(673, 810)
(673, 850)
(673, 851)
(673, 853)
(674, 688)
(674, 690)
(674, 779)
(674, 782)
(674, 789)
(674, 790)
(674, 840)
(674, 849)
(674, 852)
(675, 698)
(675, 699)
(675, 717)
(676, 677)
(679, 687)
(681, 753)
(682, 837)
(684, 703)
(688, 779)
(688, 782)
(688, 789)
(688, 790)
(688, 840)
(688, 849)
(688, 852)
(693, 761)
(694, 775)
(695, 696)
(698, 699)
(698, 717)
(699, 717)
(702, 712)
(702, 853)
(712, 790)
(712, 824)
(712, 853)
(716, 799)
(722, 807)
(722, 809)
(722, 853)
(725, 833)
(728, 742)
(729, 758)
(731, 855)
(733, 734)
(735, 736)
(735, 738)
(736, 738)
(737, 824)
(738, 802)
(738, 862)
(740, 860)
(741, 743)
(742, 807)
(742, 850)
(742, 853)
(746, 850)
(747, 793)
(748, 749)
(756, 778)
(758, 773)
(758, 839)
(761, 762)
(761, 764)
(762, 764)
(764, 793)
(766, 855)
(769, 770)
(771, 772)
(771, 773)
(772, 773)
(773, 839)
(778, 783)
(778, 784)
(778, 785)
(778, 810)
(778, 850)
(778, 851)
(779, 782)
(779, 789)
(779, 790)
(779, 840)
(779, 849)
(779, 852)
(780, 809)
(780, 855)
(782, 789)
(782, 790)
(782, 840)
(782, 849)
(782, 852)
(783, 784)
(783, 785)
(783, 790)
(783, 810)
(783, 850)
(783, 851)
(783, 853)
(784, 785)
(784, 810)
(784, 850)
(784, 851)
(785, 810)
(785, 814)
(785, 850)
(785, 851)
(789, 790)
(789, 840)
(789, 849)
(789, 852)
(790, 840)
(790, 849)
(790, 852)
(791, 793)
(791, 794)
(791, 795)
(791, 798)
(793, 794)
(794, 795)
(799, 860)
(804, 805)
(804, 806)
(805, 806)
(807, 853)
(807, 855)
(808, 818)
(809, 855)
(810, 850)
(810, 851)
(811, 812)
(811, 816)
(812, 816)
(832, 848)
(833, 834)
(833, 835)
(834, 835)
(837, 838)
(840, 849)
(840, 852)
(845, 846)
(849, 852)
(849, 855)
(849, 868)
(850, 851)
(854, 859)
(855, 863)
(866, 867)
(866, 868)
(866, 869)
(866, 870)
(866, 871)
(867, 869)
(867, 871)
(868, 869)
(868, 870)
(868, 871)
(869, 871)
(870, 871)
