896	141
896	349
1176	527
844	20
844	1104
844	636
844	1228
844	285
844	1184
844	1871
844	917
844	1643
844	1682
844	1409
844	1141
844	898
844	1219
844	1629
844	1847
844	1571
227	1256
227	1330
227	1641
227	682
227	1492
1072	200
1072	224
1072	1001
1072	605
1038	99
1150	1574
114	1823
1017	518
1248	1862
146	1754
146	1284
146	619
1325	536
1325	1499
504	357
1581	10
1581	59
1581	161
1581	1124
1581	1160
1581	1320
1581	1554
1581	1498
1581	1829
1581	67
1581	1271
1581	1651
1155	494
1155	1301
1155	445
1155	863
1155	204
1155	688
1155	435
1155	1353
1155	1807
980	414
980	609
893	655
893	1344
893	1529
893	485
893	837
893	339
893	360
893	1849
893	1714
44	1309
44	315
44	1741
1569	1131
1175	702
1175	616
1175	1086
1175	673
1175	1620
600	1225
600	1624
600	1727
639	1105
639	7
639	1727
639	1480
1649	944
1649	1650
1469	134
1685	1685
1685	591
1685	1839
591	1685
591	591
591	1839
57	144
675	1066
675	1244
675	70
303	147
303	229
303	1005
303	1245
303	1422
303	1758
303	521
303	1511
303	1779
389	854
389	1342
389	1270
389	1355
1751	1349
140	503
140	663
1662	1709
1662	1169
1662	1062
1662	1835
618	1709
618	1169
618	1062
618	1835
1783	1053
1783	7
1783	1823
1419	1291
685	1124
685	708
330	148
330	260
330	320
330	1201
330	1267
330	752
330	1595
330	707
914	586
914	621
969	992
969	151
969	1028
969	552
969	1021
969	565
969	854
969	882
358	1859
50	191
1314	494
1314	1301
1314	445
1314	863
355	714
355	120
355	137
355	268
355	1679
355	1678
355	1512
355	465
355	1806
1824	1276
1824	1298
1824	1601
1824	1059
258	8
654	1724
373	45
373	1051
373	1117
373	934
373	1313
508	1762
508	1109
508	1009
508	811
508	1089
1214	1762
1214	1109
1214	1009
1214	811
1214	1089
680	1762
680	1109
680	1009
680	811
680	1089
61	730
61	1612
61	1354
61	629
692	3
692	9
692	494
692	1301
692	445
692	863
692	92
692	1508
692	150
692	1028
692	271
692	310
692	1876
692	312
692	476
692	627
692	1721
692	27
692	667
692	1530
692	785
692	1241
692	237
692	297
692	679
692	1870
692	1076
692	1625
692	173
692	1348
692	1823
692	860
692	1655
692	1132
793	3
793	9
793	494
793	1301
793	445
793	863
793	92
793	1508
793	150
793	1028
793	271
793	310
793	1876
793	312
793	476
793	627
793	1721
793	27
793	667
793	1530
793	785
793	1241
793	237
793	297
793	679
793	1870
793	1076
793	1625
793	173
793	1348
793	1823
793	860
793	1655
793	1132
305	963
305	1653
305	1754
305	865
305	1840
305	1206
305	343
305	638
305	831
1839	1685
1839	591
674	694
440	1028
440	775
986	767
986	115
986	1776
986	1484
1204	698
1204	1059
1204	1707
1204	1601
53	1102
53	499
53	1071
1094	1102
1094	499
1094	1071
482	1102
482	499
482	1071
480	816
480	277
480	1513
480	537
480	849
480	955
515	816
515	277
515	1513
515	537
515	849
515	955
1857	1466
1857	1838
1324	172
1324	359
1324	532
719	257
719	350
719	1106
719	1063
719	1096
719	1101
1115	257
1115	350
1115	1106
1115	1063
1115	1096
1115	1101
1010	1085
901	494
901	1301
901	445
901	863
901	1028
1533	1212
442	233
1338	981
1338	426
1338	436
1338	1039
1338	1246
1338	1640
1338	1834
648	352
648	1754
169	1520
1307	786
1307	1530
1120	85
1120	333
1120	789
1120	1534
226	1256
1728	771
1728	915
1728	1631
1728	1473
1728	1828
1888	267
1888	384
594	976
1735	281
279	312
279	880
279	1473
1183	1080
997	1709
997	1169
997	1062
997	1835
797	570
797	1518
1781	570
1781	1518
85	1120
85	789
1303	812
1303	404
1303	727
1601	1665
1601	496
1601	761
1601	1204
1601	1276
1601	1707
1601	1468
1601	1059
1601	1824
421	1724
421	879
1370	77
1370	91
1370	754
1212	1533
1806	58
1806	487
1806	93
1806	1636
1806	714
1806	120
1806	268
1806	355
1806	465
1806	1512
1806	1498
1806	1829
1806	67
1806	1679
133	312
133	1656
133	828
1448	275
1448	894
1136	420
1136	683
1136	751
1537	109
1490	924
1490	1046
1108	592
1665	1468
1665	1059
1665	1002
1665	1707
1665	1276
1665	496
1665	1601
1206	305
1206	343
1206	638
1206	831
1206	865
1206	963
1206	1653
1206	1754
1030	155
1030	1125
1573	494
1573	1301
1573	445
1573	863
1573	1117
1573	934
1574	319
1574	449
1574	724
1574	916
1574	1150
1574	1796
1574	1655
1574	1132
1757	92
1757	1508
1757	649
1797	363
1797	643
1232	1762
1232	1109
1232	655
1232	1344
1232	1529
1232	485
1232	837
1232	339
1232	360
1232	1714
466	1122
10	1124
10	1498
10	1829
10	67
10	1554
10	1208
10	461
10	597
10	1581
10	546
10	1517
10	1229
323	1133
1055	498
1055	731
1840	305
288	729
281	686
281	1735
1141	9
1141	844
1141	936
1141	1598
1141	1530
1141	1409
1103	40
1103	996
1103	1065
1103	1833
1271	448
1271	903
1271	456
1271	1539
1271	1554
1271	1581
1651	448
1651	903
1651	456
1651	1539
1651	1554
1651	1581
109	561
109	60
109	1537
853	561
853	60
364	939
364	913
364	135
1746	1052
1746	1182
1774	1001
1774	605
439	1766
1018	163
1018	734
1018	159
1018	801
1018	835
1018	270
1018	326
1018	1403
1018	1810
1018	1697
1018	290
1302	163
1302	734
1302	159
1302	801
1302	835
1302	270
1302	326
1302	1403
1302	1810
1302	1697
1302	290
1420	476
854	79
854	1306
854	95
854	1028
854	1841
854	1800
854	678
854	767
854	969
854	858
854	389
854	1048
854	1286
854	1838
854	1320
854	1098
854	549
560	43
560	1615
52	271
1603	1779
1004	142
1004	1357
1004	1337
1004	1639
1004	913
1346	459
89	1188
31	1375
420	683
420	1136
549	678
549	854
549	1770
939	163
939	734
939	159
939	801
939	429
939	215
939	610
939	364
939	399
1780	501
1780	855
1780	1873
1169	74
1169	1662
1169	618
1169	1769
1169	997
1062	74
1062	1662
1062	618
1062	1769
1062	997
1427	1394
790	940
438	1240
438	1567
484	357
484	443
484	1445
484	1350
484	701
807	357
807	443
807	1445
807	1350
807	701
1288	561
1288	60
1288	1279
1288	1648
1064	108
1064	1061
850	429
850	215
850	957
850	1433
850	478
850	941
406	1869
406	1351
1122	295
1122	334
1122	466
1122	530
1122	1415
1122	1425
1122	1142
1122	1744
1122	1565
1414	903
1414	456
1414	1539
395	903
395	456
395	1539
1458	498
492	39
492	799
492	1280
1561	312
1561	1641
1768	592
414	980
1392	559
1392	556
1392	558
1392	661
1392	1116
878	454
878	1724
878	998
878	1552
1750	400
1750	1708
1750	398
1750	740
1750	805
1750	1494
1750	1615
634	1443
634	1504
284	371
284	810
1362	233
1394	1377
1394	1427
1464	835
1464	270
1464	326
1464	1403
1464	1810
1464	1538
1464	1432
1464	1820
6	1669
6	1535
6	1473
978	1669
978	1535
978	1473
1885	1245
1885	1422
1885	1005
78	1028
430	1022
418	1481
418	1289
418	450
165	1877
381	979
381	1333
381	1278
381	33
381	1418
381	1260
381	160
381	748
1891	1157
1180	1823
569	1430
569	362
569	1255
569	274
569	1417
569	332
398	400
398	1708
398	805
398	1750
398	1494
1446	1287
1446	1162
1446	1556
1456	1221
299	669
299	573
314	74
516	150
516	1703
516	1249
794	778
1345	312
1345	561
1345	60
1345	1701
1345	474
638	305
638	343
638	838
638	963
638	1653
638	1754
638	865
638	1206
638	831
743	1199
743	746
691	1724
691	1110
691	1858
1375	31
1375	1877
1375	1599
1227	1028
803	676
1616	263
300	561
300	60
300	429
300	215
300	211
300	529
300	1843
300	1462
736	137
736	1331
1170	1235
1170	1298
1831	1028
1831	682
1831	1476
1831	1584
1831	1632
1831	1252
1831	1465
1148	1315
1148	211
1148	529
1148	1589
875	1733
875	1091
1493	509
1235	49
1235	162
1235	240
1235	261
1235	369
1235	1170
1235	1553
1235	1397
1235	1399
1235	1492
586	69
586	93
586	1636
586	621
586	1775
586	1467
586	914
586	907
586	460
586	649
880	279
1027	643
1027	1808
1298	150
1298	1028
1298	909
1298	1170
1298	1272
1298	1495
1298	317
1298	1293
1298	1366
1298	1869
1298	1351
1298	1393
1298	1756
1298	1399
1298	1824
1298	1848
39	492
39	1280
1279	561
1279	60
1279	1306
1279	238
1279	376
1279	812
1279	404
1279	599
1279	1015
1279	1288
1648	561
1648	60
1648	1306
1648	238
1648	376
1648	812
1648	404
1648	599
1648	1015
1648	1288
1008	940
328	435
328	1353
74	314
74	702
74	1169
74	1062
565	340
565	969
971	936
971	1598
971	1184
971	1556
1669	6
1669	978
1669	391
1669	1772
249	525
249	559
249	556
249	558
765	469
1379	1384
1187	816
1187	277
1187	849
1187	955
1187	1513
1187	537
1436	859
1436	435
1436	1353
1436	1472
1436	567
865	1028
865	305
865	343
865	638
865	831
865	963
865	1653
865	1754
865	1821
865	1786
865	1371
865	1206
1546	1450
705	521
705	1005
705	1758
579	1407
615	17
615	1568
526	222
526	301
526	1613
526	1423
526	207
635	212
1674	588
1753	1695
1753	346
1753	792
337	1718
291	46
291	1057
307	293
518	35
518	1153
518	382
518	1017
282	1402
616	92
616	1508
616	356
616	1045
616	785
616	1625
616	1175
616	1478
616	80
1318	278
1638	58
1638	487
1638	356
190	259
1313	204
1313	688
1313	373
1313	1117
1313	934
1313	1503
1050	372
1050	903
1050	456
1050	1539
1050	1863
1050	1519
1050	574
1050	467
1759	372
1759	903
1759	456
1759	1539
1759	1863
1759	1519
1759	574
1759	467
1726	519
1726	912
1102	53
1102	1094
1102	482
1102	1071
499	53
499	1094
499	482
499	1071
1503	1313
642	1884
1778	148
1778	260
1778	320
1778	1201
1778	752
1778	750
1778	843
1778	1267
1778	1595
1778	707
158	312
656	561
656	60
36	1588
36	486
357	504
357	484
357	807
1737	1788
1737	125
1737	1747
1273	1788
1273	125
1273	1747
99	1038
1157	1822
1157	1891
15	312
652	1151
652	1293
832	1498
832	1829
832	67
1635	1633
950	251
950	1033
950	1290
950	1376
950	576
139	564
139	940
623	1717
1551	682
1551	1330
1551	1429
231	957
231	1699
231	941
1591	577
780	1028
780	312
780	1158
457	583
457	983
457	1481
457	1289
457	450
1740	1670
528	185
564	139
701	1790
701	484
701	807
700	982
1009	508
1009	1214
1009	680
1009	1762
1009	1109
1009	1089
811	508
811	1214
811	680
811	1762
811	1109
811	1089
93	561
93	60
93	410
93	570
93	1028
93	1730
93	864
93	1114
93	1806
93	586
93	429
93	215
93	899
93	1634
93	936
93	1598
93	756
93	1615
1636	561
1636	60
1636	410
1636	570
1636	1028
1636	1730
1636	864
1636	1114
1636	1806
1636	586
1636	429
1636	215
1636	899
1636	1634
1636	936
1636	1598
1636	756
1636	1615
1417	569
1417	768
956	82
1309	44
698	1204
162	714
162	120
162	1397
162	1235
162	312
162	317
240	714
240	120
240	1397
240	1235
240	312
240	317
1489	367
1714	655
1714	1344
1714	1529
1714	485
1714	837
1714	339
1714	360
1714	344
1714	575
1714	1762
1714	1109
1714	870
1714	893
1714	929
1714	930
1714	1011
1714	1231
1714	1232
1714	1089
1714	1386
1714	1613
1714	1423
1714	207
1714	1627
1714	1447
1714	1890
1587	475
1587	1040
1587	142
1587	1357
1587	1337
1587	1639
1587	1229
949	475
949	1040
949	142
949	1357
949	1337
949	1639
949	1229
1269	296
1441	1625
1067	714
1067	120
176	107
176	1874
1585	204
1585	688
1585	45
1585	1196
938	476
938	1174
1256	227
1256	1028
1256	1841
1256	1800
1256	682
1256	778
1256	1330
1256	1492
1256	226
796	257
979	381
979	1333
979	1278
979	33
979	1418
96	160
96	748
96	172
96	359
96	1450
96	1383
632	160
632	748
632	172
632	359
632	1450
632	1383
1333	1590
1333	1333
1333	1278
1333	33
1333	1418
1333	204
1333	688
1333	381
1333	568
1333	670
1333	709
1333	979
1333	1107
1333	1099
1333	1230
1278	1590
1278	1333
1278	1278
1278	33
1278	1418
1278	204
1278	688
1278	381
1278	568
1278	670
1278	709
1278	979
1278	1107
1278	1099
1278	1230
33	1590
33	1333
33	1278
33	33
33	1418
33	204
33	688
33	381
33	568
33	670
33	709
33	979
33	1107
33	1099
33	1230
1418	1590
1418	1333
1418	1278
1418	33
1418	1418
1418	204
1418	688
1418	381
1418	568
1418	670
1418	709
1418	979
1418	1107
1418	1099
1418	1230
946	310
946	1876
1198	470
1710	259
689	1361
203	1238
1398	113
1398	800
1398	235
1398	1886
953	113
953	800
953	235
953	1886
753	396
753	523
753	631
753	1799
753	1861
753	1121
753	1505
1853	1457
659	1393
659	1756
585	431
585	959
585	947
1395	544
1395	1020
1081	1466
977	977
977	1243
1243	977
1243	1243
961	885
1707	1665
1707	1204
1707	1276
1707	1059
1707	1601
1690	535
818	402
818	1074
1410	629
1410	1612
366	313
1860	1514
1534	1120
1097	769
1097	889
1097	1615
1097	715
845	883
668	1462
552	257
552	835
552	270
552	326
552	1403
552	1810
552	903
552	456
552	1539
552	969
552	194
552	1226
552	820
552	936
552	1598
552	1048
1021	257
1021	835
1021	270
1021	326
1021	1403
1021	1810
1021	903
1021	456
1021	1539
1021	969
1021	194
1021	1226
1021	820
1021	936
1021	1598
1021	1048
855	630
855	1780
1438	1184
1438	1556
776	132
64	1168
1106	719
1106	1115
1106	1706
1106	948
1106	1437
1106	1472
1106	567
1106	1879
1106	1568
1106	1470
607	750
607	843
276	40
276	73
276	181
276	18
276	488
276	1875
276	943
276	985
276	1833
982	700
462	1322
462	1852
462	1795
644	583
644	983
644	28
644	1563
1032	583
1032	983
1032	28
1032	1563
1844	1771
1471	1260
1290	362
1290	1255
1290	274
1290	1562
1290	1666
1290	1472
1290	567
1290	834
1290	835
1290	270
1290	326
1290	1403
1290	1810
1290	435
1290	1353
1290	950
1376	362
1376	1255
1376	274
1376	1562
1376	1666
1376	1472
1376	567
1376	834
1376	835
1376	270
1376	326
1376	1403
1376	1810
1376	435
1376	1353
1376	950
576	362
576	1255
576	274
576	1562
576	1666
576	1472
576	567
576	834
576	835
576	270
576	326
576	1403
576	1810
576	435
576	1353
576	950
113	1398
113	953
224	1072
1814	1393
1814	1756
861	992
861	108
861	1028
861	483
861	822
861	1615
1629	844
338	494
338	1301
338	445
338	863
1209	471
88	1156
88	95
88	312
88	200
88	757
296	97
296	1269
1863	1544
1863	1028
1863	257
1863	903
1863	456
1863	1539
1863	514
1863	1006
1863	593
1863	612
1863	1803
1863	910
1863	1297
1863	942
1863	952
1863	646
1863	370
1863	1050
1863	1759
1863	1179
1863	1117
1863	934
1863	1154
1863	1277
1863	287
1863	1530
1863	1686
1863	1666
1519	1544
1519	1028
1519	257
1519	903
1519	456
1519	1539
1519	514
1519	1006
1519	593
1519	612
1519	1803
1519	910
1519	1297
1519	942
1519	952
1519	646
1519	370
1519	1050
1519	1759
1519	1179
1519	1117
1519	934
1519	1154
1519	1277
1519	287
1519	1530
1519	1686
1519	1666
622	199
622	152
622	309
622	228
622	1138
913	84
913	1004
913	364
913	1845
1664	1811
351	1811
857	1577
857	458
617	324
617	447
617	847
617	1117
617	934
401	217
335	143
335	309
335	1068
335	637
335	582
335	1652
108	861
108	1217
108	316
108	1061
108	1440
108	1682
108	1064
108	473
666	172
666	359
666	1280
666	1655
666	1132
666	789
1604	327
1404	1372
1149	1028
345	410
1065	65
1065	1117
1065	934
1065	1599
1065	1103
1802	63
1802	390
1802	608
1767	601
1767	1140
21	191
154	47
614	1233
614	124
614	29
614	852
614	964
873	494
873	1301
873	445
873	863
1528	1559
1528	257
1528	379
83	1559
83	257
83	379
900	903
900	456
900	1539
164	311
643	1797
643	1027
1069	557
1069	640
697	677
676	703
676	803
676	1428
952	1863
952	1519
1657	392
928	758
928	1718
928	1552
1202	356
1202	92
1202	1508
1600	160
1600	748
1600	362
1600	1255
1600	274
1600	1443
1600	1504
553	1023
1217	108
1217	1061
1217	1440
410	93
410	1636
410	1233
410	124
410	29
410	852
410	345
410	1267
410	1165
1622	561
1622	60
1622	278
1622	362
1622	1255
1622	274
1622	1843
921	824
921	1220
921	1329
664	662
1099	1333
1099	1278
1099	33
1099	1418
841	322
841	1113
580	1555
1586	494
1586	1301
1586	445
1586	863
9	92
9	1508
9	1661
9	1141
9	321
9	692
9	793
1770	1
1770	1028
1770	265
1770	173
1770	1348
1770	1618
1770	1237
1770	138
1770	549
184	1445
184	1350
1577	662
1577	820
1577	857
1577	1135
1577	1879
458	662
458	820
458	857
458	1135
458	1879
1364	763
130	13
130	41
130	1754
316	108
117	773
1358	899
1358	1634
1358	561
1358	60
1358	254
572	764
572	766
572	988
1116	661
1116	1392
11	1407
3	692
3	793
1794	187
1794	188
548	163
548	734
548	159
548	801
548	610
513	187
513	188
513	259
1473	56
1473	150
1473	1028
1473	279
1473	476
1473	559
1473	556
1473	558
1473	683
1473	785
1473	6
1473	978
1473	1369
1473	1530
1473	1728
972	90
1363	90
589	477
589	1813
589	1630
589	682
533	540
645	1133
645	27
645	1229
1720	1133
1720	27
1720	1229
1305	557
1305	1447
1633	1635
1501	1399
1501	1492
1501	1641
1834	436
1834	1640
1834	1338
1761	1089
777	570
1854	1341
1854	1216
1854	1476
225	278
573	299
1875	559
1875	556
1875	558
1875	276
243	1755
243	561
243	60
243	1843
243	899
243	1634
243	856
243	1222
1607	204
1607	688
1531	1393
1531	1756
419	1393
419	1756
915	1728
915	1887
1631	1728
1631	1887
1494	218
1494	1708
1494	398
1494	740
1494	805
1494	219
1494	1750
1494	1615
22	22
22	1764
1764	22
1764	1764
519	1550
519	1726
519	912
839	12
839	510
839	1266
1694	204
1694	688
1694	1536
1340	1689
56	1473
340	565
681	1359
681	872
681	520
681	1186
1390	121
1390	1391
1295	160
1295	748
1727	600
1727	639
1727	1261
874	142
874	1357
874	1337
874	1639
874	1359
874	872
874	520
874	1186
191	21
191	50
191	494
191	1301
191	445
191	863
1701	590
1701	1701
1701	474
1701	561
1701	60
1701	577
1701	1345
474	590
474	1701
474	474
474	561
474	60
474	577
474	1345
1207	1688
506	377
506	1667
506	1265
443	484
443	807
1304	1771
813	230
813	1610
813	935
769	1097
769	1754
769	1284
769	889
769	912
769	715
1575	331
1163	1542
1098	854
1134	95
1134	1028
1134	353
1134	678
1134	1048
1538	1464
101	903
101	456
101	1539
1107	1333
1107	1278
1107	33
1107	1418
502	1680
1401	1234
1401	4
1401	507
1401	1367
1401	1028
1401	1452
1401	958
1401	28
1401	1615
1401	1409
1401	1644
1782	505
1259	1752
848	495
1153	835
1153	270
1153	326
1153	1403
1153	1810
1153	1498
1153	1829
1153	67
1153	1625
1153	518
1153	1229
1153	435
1153	1353
382	835
382	270
382	326
382	1403
382	1810
382	1498
382	1829
382	67
382	1625
382	518
382	1229
382	435
382	1353
1240	438
208	435
208	1353
208	1472
208	567
693	435
693	1353
693	1472
693	567
1174	1016
1174	476
1174	938
610	548
610	1562
610	939
610	399
1016	1174
723	107
723	722
1777	49
1777	193
1777	369
1777	767
1777	804
1777	858
1777	1818
1777	991
1777	1286
1777	1526
12	1275
12	1596
12	839
12	902
1545	428
1545	696
919	1498
919	1829
919	67
34	1588
469	172
469	359
469	765
469	534
469	160
469	748
147	303
147	1330
147	477
147	1005
147	682
1869	58
1869	487
1869	230
1869	1610
1869	234
1869	1028
1869	406
1869	1496
1869	745
1869	1594
1869	494
1869	1301
1869	445
1869	863
1869	903
1869	456
1869	1539
1869	570
1869	742
1869	1086
1869	1117
1869	934
1869	1298
1869	1327
1869	1668
1869	1765
1869	71
1869	1823
1869	1498
1869	1829
1869	67
1351	58
1351	487
1351	230
1351	1610
1351	234
1351	1028
1351	406
1351	1496
1351	745
1351	1594
1351	494
1351	1301
1351	445
1351	863
1351	903
1351	456
1351	1539
1351	570
1351	742
1351	1086
1351	1117
1351	934
1351	1298
1351	1327
1351	1668
1351	1765
1351	71
1351	1823
1351	1498
1351	1829
1351	67
173	1012
173	27
173	692
173	793
173	1770
1348	1012
1348	27
1348	692
1348	793
1348	1770
1599	160
1599	748
1599	65
1599	1065
1599	1375
1590	1333
1590	1278
1590	33
1590	1418
542	58
542	487
542	425
1612	61
1612	629
1612	1410
470	1198
749	714
749	120
79	887
79	247
79	1526
79	522
79	940
79	854
1267	330
1267	410
1267	752
1267	750
1267	843
1267	1778
384	182
384	1642
384	628
384	903
384	456
384	1539
384	1888
384	827
384	1739
384	1609
352	1754
352	1687
352	648
1143	160
1143	748
268	355
268	1806
268	1679
268	465
592	1768
592	1108
592	1223
1485	1104
1485	636
1485	1409
1552	758
1552	1724
1552	878
1552	928
1812	1457
1736	1514
1736	1074
1082	577
41	1754
41	130
222	62
222	160
222	748
222	526
301	62
301	160
301	748
301	526
1244	675
1244	866
1867	1028
1867	1609
1297	257
1297	1863
1297	1519
1211	782
1656	133
1656	312
1656	828
1402	282
304	494
304	1301
304	445
304	863
304	304
304	1268
1268	494
1268	1301
1268	445
1268	863
1268	304
1268	1268
319	1796
319	136
319	1574
87	27
321	9
321	1100
321	429
321	215
24	1133
1883	245
1883	1615
1192	204
1192	688
1192	45
1192	894
1192	1225
1192	1368
1192	1789
206	1702
1263	261
1281	1241
1281	237
1281	297
1281	679
1281	1421
1330	147
1330	227
1330	1028
1330	428
1330	696
1330	477
1330	682
1330	1830
1330	1813
1330	1630
1330	1256
1330	1551
1330	1563
1786	865
1172	788
1172	1260
1172	1476
1548	788
1548	1260
1548	1476
1589	1148
1442	1866
415	1049
320	750
320	843
320	330
320	1778
1005	2
1005	147
1005	303
1005	477
1005	705
1005	1779
1005	1885
1005	1758
510	839
1266	839
566	256
709	559
709	556
709	558
709	568
709	670
709	1333
709	1278
709	33
709	1418
781	1498
781	1829
781	67
1523	1532
295	1122
121	1390
1391	1390
1119	1755
1083	394
374	1475
137	355
137	736
714	49
714	483
714	355
714	1242
714	1722
714	1028
714	162
714	240
714	1806
714	1706
714	1137
714	651
714	891
714	45
714	1025
714	1568
714	749
714	1550
714	822
714	936
714	1598
714	416
714	1470
714	261
714	1570
714	838
714	1067
120	49
120	483
120	355
120	1242
120	1722
120	1028
120	162
120	240
120	1806
120	1706
120	1137
120	651
120	891
120	45
120	1025
120	1568
120	749
120	1550
120	822
120	936
120	1598
120	416
120	1470
120	261
120	1570
120	838
120	1067
1078	732
1830	245
1830	1330
1334	1208
1334	461
1334	597
1334	1123
412	385
412	253
1128	413
202	1765
202	71
202	161
1433	850
1560	1087
1234	1401
1234	28
1234	958
4	1401
4	28
4	958
431	585
431	959
431	947
55	54
214	1618
214	1237
214	138
214	397
214	551
426	981
426	1039
426	1640
426	1338
426	436
1504	160
1504	748
1504	286
1504	634
1504	45
1504	944
1504	1161
1504	1196
1504	1117
1504	934
1504	948
1504	1437
1504	1600
1625	58
1625	487
1625	561
1625	60
1625	429
1625	215
1625	1441
1625	356
1625	1153
1625	382
1625	812
1625	404
1625	1001
1625	605
1625	1843
1625	616
1625	785
1625	692
1625	793
1625	750
1625	843
1625	881
1625	959
1625	947
1625	92
1625	1508
1625	1177
1625	478
1625	1754
1625	715
1077	1028
1041	653
1041	926
1041	1472
1041	567
1041	435
1041	1353
1491	653
1491	926
1491	1472
1491	567
1491	435
1491	1353
170	257
417	825
1643	844
1643	1409
186	1113
1250	495
205	1838
1626	561
1626	60
1626	1028
1626	264
1626	1692
1626	312
1626	899
1626	1634
1626	1698
1036	201
1242	714
1242	120
354	1220
677	697
149	1846
48	1171
441	1127
441	1520
441	1547
483	992
483	714
483	120
483	151
483	257
483	861
483	835
483	270
483	326
483	1403
483	1810
483	1048
483	1137
483	651
792	1753
792	1521
1024	209
957	231
957	850
957	941
957	478
888	1617
1882	1466
1882	1164
877	1621
892	1619
1856	730
1308	1014
707	330
707	752
707	750
707	843
707	1778
1264	621
116	924
116	1046
932	1117
932	934
91	77
91	128
91	754
91	1370
267	1888
267	903
267	456
267	1539
1556	1287
1556	110
1556	1028
1556	1438
1556	971
1556	46
1556	1057
1556	1162
1556	1184
1556	1409
1556	1446
788	1172
788	1548
1200	1547
657	437
1262	437
992	861
992	483
992	969
992	1137
992	651
563	595
1287	1446
1287	1162
1287	1556
922	1203
922	37
1644	1401
239	931
239	1044
239	1359
239	872
239	520
239	1186
1805	835
1805	270
1805	326
1805	1403
1805	1810
1805	834
1823	114
1823	476
1823	692
1823	793
1823	894
1823	1180
1823	1789
1823	7
1823	1783
1823	1869
1823	1351
278	429
278	215
278	225
278	1318
278	1622
278	1146
278	512
722	107
722	723
1547	423
1547	441
1547	1127
1547	1200
1547	1520
1702	206
1627	344
1627	575
1627	1714
1542	489
1542	1798
1542	1163
1719	1112
1719	204
1719	688
1719	1193
1719	1117
1719	934
98	773
923	812
923	404
45	107
45	714
45	120
45	160
45	748
45	362
45	1255
45	274
45	944
45	1199
45	746
45	1192
45	1292
45	717
45	1193
45	1585
45	948
45	1437
45	1509
45	373
45	1504
45	1862
127	1335
127	257
210	1335
210	257
1156	88
1156	200
1156	312
1156	757
1156	1299
935	813
1816	275
716	1126
716	166
465	268
465	355
465	1806
465	1679
465	1711
1060	1520
236	1113
476	58
476	487
476	429
476	215
476	1076
476	1174
476	1823
476	1420
476	938
476	1473
476	692
476	793
407	1195
334	1122
334	42
334	1855
334	721
275	1448
275	894
275	1816
49	1553
49	1495
49	317
49	909
49	1272
49	1235
49	261
49	1777
49	1397
49	1399
49	714
49	120
49	369
49	1641
49	1492
937	30
1439	1709
920	650
663	140
663	503
710	1808
904	198
904	1889
1335	1593
1335	26
1335	127
1335	210
1335	1006
1335	593
1335	612
1335	1001
1335	605
1335	1179
1335	1498
1335	1829
1335	67
1335	835
1335	270
1335	326
1335	1403
1335	1810
500	322
452	1026
996	1103
879	421
879	1724
1182	1746
310	946
310	692
310	793
310	1040
310	816
310	277
1876	946
1876	692
1876	793
1876	1040
1876	816
1876	277
782	862
782	1211
1515	1506
1515	1040
1515	653
1515	926
1515	475
163	1755
163	1843
163	1704
163	1018
163	1302
163	820
163	939
163	399
163	835
163	270
163	326
163	1403
163	1810
163	548
163	561
163	60
163	1813
163	1630
163	899
163	1634
734	1755
734	1843
734	1704
734	1018
734	1302
734	820
734	939
734	399
734	835
734	270
734	326
734	1403
734	1810
734	548
734	561
734	60
734	1813
734	1630
734	899
734	1634
159	1755
159	1843
159	1704
159	1018
159	1302
159	820
159	939
159	399
159	835
159	270
159	326
159	1403
159	1810
159	548
159	561
159	60
159	1813
159	1630
159	899
159	1634
801	1755
801	1843
801	1704
801	1018
801	1302
801	820
801	939
801	399
801	835
801	270
801	326
801	1403
801	1810
801	548
801	561
801	60
801	1813
801	1630
801	899
801	1634
929	1714
1165	410
221	394
1126	495
1126	716
166	495
166	716
1510	367
1007	1498
1007	1829
1007	67
1382	660
1463	145
1105	639
660	1382
308	762
554	750
554	843
1400	750
1400	843
19	750
19	843
1712	433
1712	1675
840	341
1520	169
1520	441
1520	1060
1520	1547
1368	785
1368	1192
1368	1789
1164	1882
1171	48
1177	486
1177	1588
1177	1625
490	187
490	188
490	259
491	187
491	188
491	259
408	187
408	188
408	259
773	98
773	117
773	429
773	215
1565	1122
1873	1780
1861	396
1861	523
1861	631
1861	753
1861	1121
1861	1505
1861	1799
1790	701
1006	785
1006	1863
1006	1519
1006	1517
1006	1335
593	785
593	1863
593	1519
593	1517
593	1335
612	785
612	1863
612	1519
612	1517
612	1335
1703	230
1703	1610
1703	516
1703	903
1703	456
1703	1539
1249	230
1249	1610
1249	516
1249	903
1249	456
1249	1539
1717	623
102	1809
102	280
102	1246
102	1310
387	1809
387	280
387	1246
387	1310
578	1028
578	561
578	60
422	171
422	459
1641	49
1641	227
1641	261
1641	369
1641	909
1641	1397
1641	1399
1641	1492
1641	1499
1641	1561
1641	1501
1641	1838
876	624
577	561
577	60
577	348
577	1082
577	1701
577	474
577	1591
1615	507
1615	93
1615	1636
1615	218
1615	400
1615	560
1615	595
1615	1708
1615	740
1615	805
1615	861
1615	889
1615	966
1615	1401
1615	1097
1615	1210
1615	1494
1615	1224
1615	1750
1615	1883
1615	715
235	501
235	800
235	1398
235	953
1886	501
1886	800
1886	1398
1886	953
1355	1342
1355	1270
1355	1300
1355	389
459	58
459	487
459	1028
459	422
459	1293
459	1346
283	1588
172	494
172	1301
172	445
172	863
172	107
172	160
172	748
172	1522
172	469
172	666
172	187
172	188
172	1324
172	808
172	1862
172	1260
172	903
172	456
172	1539
172	948
172	1437
172	1383
172	365
172	587
172	362
172	1255
172	274
172	1655
172	1132
172	1188
172	1147
172	766
172	96
172	632
359	494
359	1301
359	445
359	863
359	107
359	160
359	748
359	1522
359	469
359	666
359	187
359	188
359	1324
359	808
359	1862
359	1260
359	903
359	456
359	1539
359	948
359	1437
359	1383
359	365
359	587
359	362
359	1255
359	274
359	1655
359	1132
359	1188
359	1147
359	766
359	96
359	632
887	79
887	432
887	1347
247	79
247	432
247	1347
940	79
940	139
940	790
940	1008
1031	204
1031	688
1031	336
1031	1461
763	1364
562	122
699	122
789	85
789	1841
789	1800
789	666
789	1120
1653	305
1653	343
1653	638
1653	831
1653	865
1653	963
1653	1206
1653	1754
1676	1792
371	284
2	1005
129	1000
1686	1609
1686	1863
1686	1519
1563	561
1563	60
1563	150
1563	1028
1563	682
1563	644
1563	1032
1563	1330
1563	1096
1563	1101
1563	1789
523	396
523	1799
523	753
523	1121
523	631
523	1861
523	1505
859	1436
1689	1340
1836	1872
1073	1061
309	143
309	199
309	152
309	228
309	1138
309	255
309	289
309	1068
309	1541
309	637
309	335
309	622
309	1652
309	306
309	582
1331	736
143	637
143	335
143	1652
143	309
647	1509
1063	719
1063	1115
808	160
808	748
808	172
808	359
808	1677
808	380
1131	1569
759	1487
505	1782
641	245
1311	160
1311	748
1311	204
1311	688
397	785
397	214
397	27
551	785
551	214
551	27
1865	1724
1865	1597
217	401
856	243
856	561
856	60
856	1843
32	1884
525	249
1112	1719
1112	160
1112	748
1112	336
1112	1035
1112	1161
1112	1117
1112	934
1112	1457
1352	894
1352	1474
1602	312
1602	912
1152	1817
1492	49
1492	227
1492	1028
1492	767
1492	1235
1492	1286
1492	1397
1492	1399
1492	1553
1492	1256
1492	1641
1492	1501
1492	1499
1799	396
1799	523
1799	539
1799	631
1799	753
1799	1121
1799	1505
1799	1861
1014	1308
933	941
489	1542
1572	1459
1624	600
1698	561
1698	60
1698	264
1698	1692
1698	899
1698	1634
1698	1626
998	1724
998	878
386	1095
1388	118
1388	990
1388	1380
1388	1388
1388	175
175	118
175	990
175	1380
175	1388
175	175
1847	844
1847	1409
315	44
315	1444
1785	1843
1785	1785
1785	1784
1784	1843
1784	1785
1784	1784
1393	312
1393	1531
1393	419
1393	1814
1393	659
1393	838
1393	1298
1393	1366
1393	1399
1393	1848
1756	312
1756	1531
1756	419
1756	1814
1756	659
1756	838
1756	1298
1756	1366
1756	1399
1756	1848
94	924
94	1046
1432	1464
25	903
25	456
25	1539
629	61
629	75
629	65
629	1410
629	730
629	1431
629	1612
629	1527
629	1354
629	160
629	748
729	223
729	288
981	426
981	1338
981	436
981	1729
179	884
179	1181
35	1258
35	518
35	1359
35	872
35	520
35	1186
1286	1028
1286	312
1286	854
1286	1159
1286	1777
1286	1838
1286	1492
908	755
908	1254
1181	179
1181	999
1188	89
1188	172
1188	359
1188	559
1188	556
1188	558
1713	1019
836	322
1881	213
344	1714
344	1762
344	1109
344	1231
344	1627
575	1714
575	1762
575	1109
575	1231
575	1627
298	1748
731	498
731	177
731	1055
905	7
883	764
883	766
883	845
322	836
322	500
322	1113
322	994
322	841
219	805
219	1494
1411	1850
1461	204
1461	688
1461	1031
866	1244
1571	1228
1571	285
1571	844
1571	1184
1161	204
1161	688
1161	1112
1161	1504
343	305
343	963
343	1653
343	1754
343	865
343	1206
343	638
343	831
347	1606
1326	1246
1326	1683
1326	1724
1326	1406
715	429
715	215
715	769
715	889
715	1097
715	1615
715	1625
715	1754
730	61
730	629
730	1354
730	1856
59	1581
814	187
814	188
814	486
1145	517
1715	1732
16	361
16	1236
795	561
795	60
795	682
795	1028
81	561
81	60
81	682
81	1028
1002	1665
867	1424
495	1126
495	166
495	429
495	215
495	1250
495	848
142	874
142	142
142	1357
142	1337
142	1639
142	540
142	1004
142	1466
142	728
142	1587
142	949
1357	874
1357	142
1357	1357
1357	1337
1357	1639
1357	540
1357	1004
1357	1466
1357	728
1357	1587
1357	949
1337	874
1337	142
1337	1357
1337	1337
1337	1639
1337	540
1337	1004
1337	1466
1337	728
1337	1587
1337	949
1639	874
1639	142
1639	1357
1639	1337
1639	1639
1639	540
1639	1004
1639	1466
1639	728
1639	1587
1639	949
73	276
1765	202
1765	1869
1765	1351
71	202
71	1869
71	1351
827	384
1541	199
1541	152
1541	255
1541	309
1541	306
325	1495
1652	143
1652	199
1652	152
1652	309
1652	335
1652	637
1652	582
1495	1593
1495	26
1495	49
1495	261
1495	325
1495	369
1495	909
1495	1298
1495	1397
1299	95
1299	312
1299	757
1299	918
1299	1156
960	1359
960	872
960	520
960	1186
1827	1317
1827	726
104	463
47	741
47	1454
47	603
47	713
47	1734
47	1742
47	154
816	161
816	480
816	515
816	531
816	1054
816	310
816	1876
816	849
816	955
816	1095
816	1187
277	161
277	480
277	515
277	531
277	1054
277	310
277	1876
277	849
277	955
277	1095
277	1187
409	1080
1752	329
1752	1259
160	494
160	1301
160	445
160	863
160	103
160	107
160	1841
160	1800
160	1112
160	65
160	336
160	96
160	632
160	808
160	45
160	1504
160	1600
160	1862
160	948
160	1437
160	222
160	301
160	1311
160	1143
160	1479
160	1599
160	1655
160	1132
160	1117
160	934
160	172
160	359
160	381
160	1295
160	469
160	629
160	1832
160	1522
160	1343
160	1383
160	1521
748	494
748	1301
748	445
748	863
748	103
748	107
748	1841
748	1800
748	1112
748	65
748	336
748	96
748	632
748	808
748	45
748	1504
748	1600
748	1862
748	948
748	1437
748	222
748	301
748	1311
748	1143
748	1479
748	1599
748	1655
748	1132
748	1117
748	934
748	172
748	359
748	381
748	1295
748	469
748	629
748	1832
748	1522
748	1343
748	1383
748	1521
1096	835
1096	270
1096	326
1096	1403
1096	1810
1096	662
1096	1096
1096	1101
1096	719
1096	1115
1096	1158
1096	1563
1101	835
1101	270
1101	326
1101	1403
1101	1810
1101	662
1101	1096
1101	1101
1101	719
1101	1115
1101	1158
1101	1563
1659	1213
608	1802
218	740
218	1708
218	805
218	1615
218	1494
1185	627
1185	1721
1884	32
1884	198
1884	1889
1884	724
1884	136
1884	642
650	494
650	1301
650	445
650	863
650	920
650	1260
650	1058
650	204
650	688
1650	944
1650	1649
7	444
7	58
7	487
7	496
7	65
7	639
7	682
7	894
7	905
7	1053
7	1783
7	1823
624	876
532	1324
174	1530
174	1658
535	1690
1310	102
1310	387
655	1613
655	1423
655	207
655	1714
655	1762
655	1109
655	893
655	1231
655	1890
655	1232
655	1089
655	1380
1344	1613
1344	1423
1344	207
1344	1714
1344	1762
1344	1109
1344	893
1344	1231
1344	1890
1344	1232
1344	1089
1344	1380
1529	1613
1529	1423
1529	207
1529	1714
1529	1762
1529	1109
1529	893
1529	1231
1529	1890
1529	1232
1529	1089
1529	1380
485	1613
485	1423
485	207
485	1714
485	1762
485	1109
485	893
485	1231
485	1890
485	1232
485	1089
485	1380
837	1613
837	1423
837	207
837	1714
837	1762
837	1109
837	893
837	1231
837	1890
837	1232
837	1089
837	1380
339	1613
339	1423
339	207
339	1714
339	1762
339	1109
339	893
339	1231
339	1890
339	1232
339	1089
339	1380
360	1613
360	1423
360	207
360	1714
360	1762
360	1109
360	893
360	1231
360	1890
360	1232
360	1089
360	1380
1808	710
1808	1027
405	750
405	843
1706	714
1706	120
1706	312
1706	1106
1223	592
831	69
831	241
831	305
831	343
831	812
831	404
831	638
831	963
831	1653
831	1754
831	865
831	1206
1820	150
1820	1028
1820	835
1820	270
1820	326
1820	1403
1820	1810
1820	820
1820	1048
1820	1464
399	163
399	734
399	159
399	801
399	257
399	610
399	682
399	939
973	1512
999	1181
368	273
368	1687
368	211
368	529
1222	243
1425	1122
895	621
171	422
171	220
758	1579
758	1683
758	1724
758	1552
758	928
690	112
690	1807
690	204
690	688
690	1671
1190	112
1190	1807
1190	204
1190	688
1190	1671
43	560
1230	1333
1230	1278
1230	33
1230	1418
962	1144
1023	553
212	635
884	179
590	1701
590	474
590	561
590	60
669	299
815	187
815	188
517	1145
329	1752
1154	257
1154	1424
1154	1863
1154	1519
1277	257
1277	1424
1277	1863
1277	1519
1079	1804
712	1336
512	278
890	324
890	595
890	847
122	562
122	699
1738	1663
1667	377
1667	506
1667	1265
1125	1030
835	653
835	926
835	494
835	1301
835	445
835	863
835	107
835	1241
835	237
835	297
835	679
835	1028
835	1820
835	903
835	456
835	1539
835	1096
835	1101
835	834
835	163
835	734
835	159
835	801
835	1805
835	552
835	1021
835	1153
835	382
835	1500
835	1247
835	1696
835	1464
835	416
835	483
835	1290
835	1376
835	576
835	1655
835	1132
835	1018
835	1302
835	1253
835	1335
270	653
270	926
270	494
270	1301
270	445
270	863
270	107
270	1241
270	237
270	297
270	679
270	1028
270	1820
270	903
270	456
270	1539
270	1096
270	1101
270	834
270	163
270	734
270	159
270	801
270	1805
270	552
270	1021
270	1153
270	382
270	1500
270	1247
270	1696
270	1464
270	416
270	483
270	1290
270	1376
270	576
270	1655
270	1132
270	1018
270	1302
270	1253
270	1335
326	653
326	926
326	494
326	1301
326	445
326	863
326	107
326	1241
326	237
326	297
326	679
326	1028
326	1820
326	903
326	456
326	1539
326	1096
326	1101
326	834
326	163
326	734
326	159
326	801
326	1805
326	552
326	1021
326	1153
326	382
326	1500
326	1247
326	1696
326	1464
326	416
326	483
326	1290
326	1376
326	576
326	1655
326	1132
326	1018
326	1302
326	1253
326	1335
1403	653
1403	926
1403	494
1403	1301
1403	445
1403	863
1403	107
1403	1241
1403	237
1403	297
1403	679
1403	1028
1403	1820
1403	903
1403	456
1403	1539
1403	1096
1403	1101
1403	834
1403	163
1403	734
1403	159
1403	801
1403	1805
1403	552
1403	1021
1403	1153
1403	382
1403	1500
1403	1247
1403	1696
1403	1464
1403	416
1403	483
1403	1290
1403	1376
1403	576
1403	1655
1403	1132
1403	1018
1403	1302
1403	1253
1403	1335
1810	653
1810	926
1810	494
1810	1301
1810	445
1810	863
1810	107
1810	1241
1810	237
1810	297
1810	679
1810	1028
1810	1820
1810	903
1810	456
1810	1539
1810	1096
1810	1101
1810	834
1810	163
1810	734
1810	159
1810	801
1810	1805
1810	552
1810	1021
1810	1153
1810	382
1810	1500
1810	1247
1810	1696
1810	1464
1810	416
1810	483
1810	1290
1810	1376
1810	576
1810	1655
1810	1132
1810	1018
1810	1302
1810	1253
1810	1335
198	1884
198	904
1889	1884
1889	904
846	156
1845	84
1845	161
1845	913
603	47
603	1387
1111	1059
77	91
77	1370
711	312
1697	739
1697	924
1697	1046
1697	1018
1697	1302
1697	1275
1697	1696
290	739
290	924
290	1046
290	1018
290	1302
290	1275
290	1696
771	1728
1412	812
1412	404
234	1869
234	1351
821	828
435	1405
435	145
435	208
435	693
435	328
435	1453
435	375
435	1460
435	1155
435	1671
435	1290
435	1376
435	576
435	479
435	1041
435	1491
435	1153
435	382
435	1197
435	1436
435	1497
435	1673
1353	1405
1353	145
1353	208
1353	693
1353	328
1353	1453
1353	375
1353	1460
1353	1155
1353	1671
1353	1290
1353	1376
1353	576
1353	479
1353	1041
1353	1491
1353	1153
1353	382
1353	1197
1353	1436
1353	1497
1353	1673
1734	47
153	1801
259	190
259	490
259	491
259	408
259	1454
259	817
259	1710
259	513
259	511
1231	344
1231	575
1231	655
1231	1344
1231	1529
1231	485
1231	837
1231	339
1231	360
1231	1762
1231	1109
1231	1714
1366	429
1366	215
1366	1298
1366	1393
1366	1756
1075	621
1075	1467
183	1791
1696	835
1696	270
1696	326
1696	1403
1696	1810
1696	514
1696	1697
1696	290
199	1541
199	228
199	1138
199	255
199	622
199	1652
199	306
199	582
199	309
199	1389
152	1541
152	228
152	1138
152	255
152	622
152	1652
152	306
152	582
152	309
152	1389
1609	1028
1609	350
1609	1867
1609	662
1609	384
1609	744
1609	1530
1609	1383
1609	1879
1609	1686
1609	1605
178	750
178	843
670	559
670	556
670	558
670	709
670	1333
670	1278
670	33
670	1418
817	187
817	188
817	259
1683	1326
1683	758
1683	1724
1683	1579
1034	150
1034	1028
1034	157
436	981
436	426
436	1834
436	1729
436	1640
436	1338
1220	354
1220	539
1220	921
694	674
726	1317
726	1827
1628	912
798	1618
798	1237
798	138
798	1028
798	1090
1498	10
1498	58
1498	487
1498	919
1498	781
1498	1705
1498	150
1498	1153
1498	382
1498	903
1498	456
1498	1539
1498	832
1498	750
1498	843
1498	1007
1498	1025
1498	1133
1498	1806
1498	1335
1498	1453
1498	375
1498	1460
1498	1229
1498	1581
1498	1663
1498	1869
1498	1351
1829	10
1829	58
1829	487
1829	919
1829	781
1829	1705
1829	150
1829	1153
1829	382
1829	903
1829	456
1829	1539
1829	832
1829	750
1829	843
1829	1007
1829	1025
1829	1133
1829	1806
1829	1335
1829	1453
1829	375
1829	1460
1829	1229
1829	1581
1829	1663
1829	1869
1829	1351
67	10
67	58
67	487
67	919
67	781
67	1705
67	150
67	1153
67	382
67	903
67	456
67	1539
67	832
67	750
67	843
67	1007
67	1025
67	1133
67	1806
67	1335
67	1453
67	375
67	1460
67	1229
67	1581
67	1663
67	1869
67	1351
1549	1550
1549	912
1549	1570
312	15
312	23
312	88
312	133
312	180
312	200
312	162
312	240
312	279
312	1156
312	1706
312	780
312	1656
312	838
312	882
312	604
312	1568
312	1393
312	1756
312	828
312	1561
312	757
312	1286
312	711
312	1159
312	918
312	692
312	793
312	1602
312	158
312	1345
312	1470
312	1626
312	1299
1837	1655
1837	1132
823	1037
1507	559
1507	556
1507	558
1507	755
1507	1254
1385	842
1385	107
1254	559
1254	556
1254	558
1254	755
1254	908
1254	1507
1019	1713
829	559
829	556
829	558
1013	1833
65	160
65	748
65	1841
65	1800
65	764
65	7
65	38
65	1599
65	1383
65	242
65	629
65	1065
65	1877
1825	167
1445	184
1445	484
1445	807
1350	184
1350	484
1350	807
1166	750
1166	843
1524	251
1524	1033
1524	494
1524	1301
1524	445
1524	863
538	251
538	1033
538	494
538	1301
538	445
538	863
667	494
667	1301
667	445
667	863
667	1661
667	692
667	793
870	1714
1048	230
1048	1610
1048	1028
1048	483
1048	552
1048	1021
1048	854
1048	1820
1048	1409
1048	1838
1048	1134
1592	194
1592	1226
1593	1495
1593	530
1593	968
1593	1335
26	1495
26	530
26	968
26	1335
213	1881
332	569
332	768
1068	309
1068	335
1068	637
1225	600
1225	1192
209	1024
209	1754
885	961
630	501
630	855
737	475
737	1040
131	1817
131	989
1282	602
1282	1578
1788	1737
1788	1273
125	1737
125	1273
1747	1737
1747	1273
727	1303
800	1398
800	953
800	235
800	1886
486	36
486	1177
486	814
1093	498
1316	684
1387	603
1387	713
1387	741
313	366
1219	844
574	1050
574	1759
1521	160
1521	748
1521	792
1147	172
1147	359
1773	1584
1378	927
1596	12
1596	1058
1596	1087
1596	1739
182	384
182	388
182	1117
182	934
182	1383
1642	384
1642	388
1642	1117
1642	934
1642	1383
628	384
628	388
628	1117
628	934
628	1383
1221	1456
791	906
791	1056
1196	1504
1196	1585
1332	871
1611	477
1611	682
1611	1813
1611	1630
1003	899
1003	1634
400	398
400	740
400	1708
400	805
400	1750
400	1615
54	55
1693	539
619	146
619	1284
1292	204
1292	688
1292	294
1292	1841
1292	1800
1292	45
1292	1191
1292	1260
1292	1292
1292	717
1292	948
1292	1437
717	204
717	688
717	294
717	1841
717	1800
717	45
717	1191
717	1260
717	1292
717	717
717	948
717	1437
1480	639
968	1593
968	26
168	302
168	38
363	1797
1677	808
534	469
534	1522
348	577
967	959
967	947
860	692
860	793
402	497
402	818
1	1770
1203	126
1203	1826
1203	40
1203	922
1203	292
37	126
37	1826
37	40
37	922
37	292
1729	981
1729	436
1729	1039
1729	1640
903	25
903	101
903	172
903	359
903	267
903	835
903	270
903	326
903	1403
903	1810
903	1414
903	395
903	1453
903	375
903	1460
903	1498
903	1829
903	67
903	1666
903	1863
903	1519
903	1050
903	1759
903	1869
903	1351
903	903
903	456
903	1539
903	1271
903	1651
903	820
903	552
903	1021
903	1285
903	204
903	688
903	384
903	1703
903	1249
903	906
903	900
903	467
456	25
456	101
456	172
456	359
456	267
456	835
456	270
456	326
456	1403
456	1810
456	1414
456	395
456	1453
456	375
456	1460
456	1498
456	1829
456	67
456	1666
456	1863
456	1519
456	1050
456	1759
456	1869
456	1351
456	903
456	456
456	1539
456	1271
456	1651
456	820
456	552
456	1021
456	1285
456	204
456	688
456	384
456	1703
456	1249
456	906
456	900
456	467
1539	25
1539	101
1539	172
1539	359
1539	267
1539	835
1539	270
1539	326
1539	1403
1539	1810
1539	1414
1539	395
1539	1453
1539	375
1539	1460
1539	1498
1539	1829
1539	67
1539	1666
1539	1863
1539	1519
1539	1050
1539	1759
1539	1869
1539	1351
1539	903
1539	456
1539	1539
1539	1271
1539	1651
1539	820
1539	552
1539	1021
1539	1285
1539	204
1539	688
1539	384
1539	1703
1539	1249
1539	906
1539	900
1539	467
871	66
871	1332
1443	634
1443	1600
826	1450
1118	453
906	791
906	903
906	456
906	1539
906	1056
475	1515
475	737
475	1587
475	949
1605	1609
1487	759
197	367
649	69
649	1028
649	586
649	621
649	1530
649	1757
649	1467
1681	446
1864	725
1618	214
1618	798
1618	751
1618	27
1618	1104
1618	636
1618	1086
1618	1770
1237	214
1237	798
1237	751
1237	27
1237	1104
1237	636
1237	1086
1237	1770
138	214
138	798
138	751
138	27
138	1104
138	636
138	1086
138	1770
1080	409
1080	1183
157	1034
1841	63
1841	390
1841	160
1841	748
1841	1028
1841	1292
1841	717
1841	620
1841	1117
1841	934
1841	65
1841	789
1841	1841
1841	1800
1841	204
1841	688
1841	1256
1841	854
1800	63
1800	390
1800	160
1800	748
1800	1028
1800	1292
1800	717
1800	620
1800	1117
1800	934
1800	65
1800	789
1800	1841
1800	1800
1800	204
1800	688
1800	1256
1800	854
1179	68
1179	204
1179	688
1179	1691
1179	1863
1179	1519
1179	1283
1179	1335
536	1325
536	1512
1688	1207
1871	844
1076	58
1076	487
1076	318
1076	476
1076	626
1076	692
1076	793
1076	1113
1076	994
447	324
447	424
447	617
1329	921
1329	810
257	1528
257	83
257	170
257	127
257	210
257	483
257	719
257	1115
257	1154
257	1277
257	796
257	1297
257	744
257	514
257	552
257	1021
257	646
257	1863
257	1519
257	399
230	561
230	60
230	1703
230	1249
230	1199
230	746
230	813
230	1869
230	1351
230	1260
230	1048
230	1189
1610	561
1610	60
1610	1703
1610	1249
1610	1199
1610	746
1610	813
1610	1869
1610	1351
1610	1260
1610	1048
1610	1189
602	1282
602	924
602	1046
1578	1282
1578	924
1578	1046
1429	682
1429	1551
1429	1813
1429	1630
1848	261
1848	369
1848	909
1848	1298
1848	1397
1848	1399
1848	1393
1848	1756
1848	1553
993	1654
993	598
1053	894
1053	1783
1053	7
653	1453
653	375
653	1460
653	1041
653	1491
653	835
653	270
653	326
653	1403
653	1810
653	1515
926	1453
926	375
926	1460
926	1041
926	1491
926	835
926	270
926	326
926	1403
926	1810
926	1515
1322	250
1322	462
1322	1322
1322	1852
1322	1795
1852	250
1852	462
1852	1322
1852	1852
1852	1795
1795	250
1795	462
1795	1322
1795	1852
1795	1795
1731	802
349	896
989	131
989	766
989	1817
1406	1326
1059	150
1059	1665
1059	1111
1059	1204
1059	1276
1059	1707
1059	1601
1059	1824
1059	1828
1059	1468
942	1863
942	1519
1499	1325
1499	1492
1499	1641
1284	146
1284	619
1284	769
1284	1754
1070	1071
1320	854
1320	1554
1320	1424
1320	1581
725	1864
1012	173
1012	1348
1012	27
1695	1129
1695	1753
757	88
757	95
757	200
757	312
757	1156
757	1299
757	918
1159	312
1159	1286
812	69
812	1303
812	429
812	215
812	1028
812	252
812	831
812	1412
812	1625
812	923
812	1279
812	1648
404	69
404	1303
404	429
404	215
404	1028
404	252
404	831
404	1412
404	1625
404	923
404	1279
404	1648
1428	676
180	312
180	882
582	199
582	152
582	309
582	335
582	637
582	1652
1887	915
1887	1631
392	1657
1580	1815
261	49
261	1553
261	1495
261	317
261	909
261	1272
261	1235
261	1263
261	1397
261	1641
261	1399
261	1848
261	714
261	120
1359	35
1359	204
1359	688
1359	239
1359	494
1359	1301
1359	445
1359	863
1359	681
1359	891
1359	1743
1359	1312
1359	874
1359	1496
1359	745
1359	1594
1359	960
1359	76
872	35
872	204
872	688
872	239
872	494
872	1301
872	445
872	863
872	681
872	891
872	1743
872	1312
872	874
872	1496
872	745
872	1594
872	960
872	76
520	35
520	204
520	688
520	239
520	494
520	1301
520	445
520	863
520	681
520	891
520	1743
520	1312
520	874
520	1496
520	745
520	1594
520	960
520	76
1186	35
1186	204
1186	688
1186	239
1186	494
1186	1301
1186	445
1186	863
1186	681
1186	891
1186	1743
1186	1312
1186	874
1186	1496
1186	745
1186	1594
1186	960
1186	76
42	42
42	1855
42	721
42	334
42	665
1855	42
1855	1855
1855	721
1855	334
1855	665
721	42
721	1855
721	721
721	334
721	665
756	93
756	1636
625	1724
1201	330
1201	750
1201	843
1201	1778
1374	1700
1029	324
1505	396
1505	523
1505	631
1505	753
1505	1121
1505	1799
1505	1861
1742	47
181	524
181	276
155	1030
762	1028
762	361
762	308
762	1236
503	140
503	663
1343	160
1343	748
1343	204
1343	688
1870	692
1870	793
1739	384
1739	1596
1462	561
1462	60
1462	264
1462	1692
1462	300
1462	668
1043	1557
1043	1084
521	303
521	705
1833	493
1833	1013
1833	1103
1833	276
1722	714
1722	120
110	1184
110	1556
1052	100
1052	522
1052	633
1052	1746
1052	1139
599	1279
599	1648
1576	248
1488	1408
1566	545
195	1478
195	80
724	1574
724	1319
724	1884
724	1796
724	975
724	1074
1215	472
984	464
984	1208
984	461
984	597
1261	1727
62	136
62	222
62	301
1470	714
1470	120
1470	312
1470	1106
1470	1137
1470	651
974	1654
974	598
974	1670
192	1477
1477	192
1749	671
799	492
799	547
1293	1028
1293	459
1293	652
1293	1298
1293	1584
1315	1148
1315	561
1315	60
687	437
425	542
1001	1625
1001	1774
1001	1335
1001	1072
605	1625
605	1774
605	1335
605	1072
269	111
269	683
1162	1287
1162	1446
1162	1556
1162	1409
455	494
455	1301
455	445
455	863
1449	1670
1817	131
1817	989
1817	1152
1568	714
1568	120
1568	312
1568	615
1568	1106
1621	877
1791	183
1791	232
481	555
1741	44
1452	1401
40	1103
40	1203
40	37
40	276
40	185
273	368
1020	1395
842	1385
842	107
1815	1580
51	429
51	215
135	364
286	1504
555	481
557	1069
557	1173
557	1305
1776	986
1776	115
1776	882
255	199
255	152
255	228
255	1138
255	1541
255	637
255	306
255	309
444	7
1779	303
1779	1603
1779	1005
244	204
244	688
244	494
244	1301
244	445
244	863
244	1862
1880	204
1880	688
1880	494
1880	1301
1880	445
1880	863
1880	1862
804	1526
804	1777
761	1601
924	94
924	116
924	1490
924	1697
924	290
924	602
924	1578
924	1512
1046	94
1046	116
1046	1490
1046	1697
1046	290
1046	602
1046	1578
1046	1512
1389	199
1389	152
1389	228
1389	1138
211	561
211	60
211	264
211	1692
211	245
211	1028
211	368
211	1755
211	1148
211	1530
211	300
529	561
529	60
529	264
529	1692
529	245
529	1028
529	368
529	1755
529	1148
529	1530
529	300
1144	962
1467	1075
1467	586
1467	621
1467	649
1467	907
1467	460
1467	862
1467	1530
1285	903
1285	456
1285	1539
1354	61
1354	75
1354	629
1354	730
1354	1527
1369	280
1369	1473
1570	1550
1570	714
1570	120
1570	912
1570	1549
58	785
58	92
58	1508
58	1498
58	1829
58	67
58	1625
58	1869
58	1351
58	58
58	487
58	1638
58	350
58	476
58	1076
58	204
58	688
58	542
58	459
58	429
58	215
58	1806
58	7
58	1500
58	1247
58	467
58	1383
487	785
487	92
487	1508
487	1498
487	1829
487	67
487	1625
487	1869
487	1351
487	58
487	487
487	1638
487	350
487	476
487	1076
487	204
487	688
487	542
487	459
487	429
487	215
487	1806
487	7
487	1500
487	1247
487	467
487	1383
1151	652
530	1593
530	26
530	1122
522	79
522	1052
976	802
976	594
683	1614
683	111
683	269
683	420
683	785
683	1136
683	1473
683	751
1557	1043
1557	1084
1213	1659
232	1791
232	1478
232	80
787	561
787	60
787	682
787	609
819	561
819	60
819	682
819	609
1074	724
1074	1736
1074	136
1074	818
752	148
752	330
752	750
752	843
752	1778
752	1267
752	707
1595	330
1595	750
1595	843
1595	1778
1056	791
1056	906
1479	160
1479	748
661	1116
661	1392
393	987
204	1607
204	58
204	487
204	1719
204	494
204	1301
204	445
204	863
204	809
204	72
204	1832
204	1179
204	1292
204	717
204	244
204	1880
204	362
204	1255
204	274
204	1031
204	1359
204	872
204	520
204	1186
204	1193
204	768
204	1694
204	1585
204	1500
204	1247
204	948
204	1437
204	1461
204	1509
204	1161
204	1192
204	1313
204	1789
204	204
204	688
204	1333
204	1278
204	33
204	1418
204	1155
204	739
204	1453
204	375
204	1460
204	1841
204	1800
204	903
204	456
204	1539
204	690
204	1190
204	650
204	770
204	1321
204	1343
204	1260
204	1311
204	1323
204	1257
204	1868
688	1607
688	58
688	487
688	1719
688	494
688	1301
688	445
688	863
688	809
688	72
688	1832
688	1179
688	1292
688	717
688	244
688	1880
688	362
688	1255
688	274
688	1031
688	1359
688	872
688	520
688	1186
688	1193
688	768
688	1694
688	1585
688	1500
688	1247
688	948
688	1437
688	1461
688	1509
688	1161
688	1192
688	1313
688	1789
688	204
688	688
688	1333
688	1278
688	33
688	1418
688	1155
688	739
688	1453
688	375
688	1460
688	1841
688	1800
688	903
688	456
688	1539
688	690
688	1190
688	650
688	770
688	1321
688	1343
688	1260
688	1311
688	1323
688	1257
688	1868
1828	1728
1828	1059
432	887
432	247
588	1674
1859	358
1859	1670
1140	1767
925	1453
925	375
925	1460
145	435
145	1353
145	1463
185	40
185	528
468	1478
468	80
898	844
898	1409
1637	1478
1637	80
233	442
233	1362
463	1453
463	375
463	1460
463	104
463	1194
341	840
361	16
361	762
361	1339
672	747
241	1028
241	831
241	1481
241	1289
241	450
1265	377
1265	506
1265	1667
151	483
151	969
151	1028
1672	1655
1672	1132
658	324
658	424
658	581
658	613
658	847
20	844
1088	1117
1088	934
464	984
640	1069
1236	16
1236	762
496	1665
496	1601
496	7
1193	1719
1193	204
1193	688
1193	45
1193	1117
1193	934
449	916
449	1574
686	281
609	787
609	819
609	980
609	1413
1377	1512
1377	1394
132	776
70	559
70	556
70	558
70	675
150	63
150	390
150	1498
150	1829
150	67
150	1028
150	1059
150	1754
150	1034
150	1820
150	429
150	215
150	682
150	1655
150	1132
150	1473
150	692
150	793
150	1298
150	516
150	1563
150	1435
376	1279
376	1648
84	913
84	1845
448	1271
448	1651
1040	1515
1040	310
1040	1876
1040	472
1040	571
1040	737
1040	931
1040	1044
1040	1142
1040	1587
1040	949
1680	502
772	1328
8	258
550	245
849	816
849	277
849	480
849	515
849	1187
955	816
955	277
955	480
955	515
955	1187
948	494
948	1301
948	445
948	863
948	160
948	748
948	172
948	359
948	204
948	688
948	1028
948	251
948	1033
948	294
948	45
948	833
948	1106
948	1292
948	717
948	1504
1437	494
1437	1301
1437	445
1437	863
1437	160
1437	748
1437	172
1437	359
1437	204
1437	688
1437	1028
1437	251
1437	1033
1437	294
1437	45
1437	833
1437	1106
1437	1292
1437	717
1437	1504
994	322
994	1076
112	690
112	1190
488	276
583	457
583	1481
583	1289
583	450
583	644
583	1032
583	1763
583	1434
983	457
983	1481
983	1289
983	450
983	644
983	1032
983	1763
983	1434
830	774
774	830
851	561
851	60
265	1205
265	1770
684	1316
167	396
167	1825
1135	1577
1135	458
201	1036
1409	1104
1409	636
1409	844
1409	1401
1409	1048
1409	1141
1409	1162
1409	1184
1409	1643
1409	1485
1409	1556
1409	1847
1409	898
764	65
764	572
764	766
764	883
764	988
1705	1498
1705	1829
1705	67
411	1608
1051	373
1658	174
894	275
894	428
894	696
894	1448
894	7
894	1113
894	1053
894	1192
894	1352
894	1789
894	1823
742	1869
742	1351
1113	186
1113	236
1113	322
1113	606
1113	626
1113	841
1113	894
1113	1076
1509	204
1509	688
1509	454
1509	45
1509	647
1509	1117
1509	934
1509	362
1509	1255
1509	274
1509	1413
1509	1655
1509	1132
1851	1754
897	1763
889	769
889	963
889	1097
889	1754
889	1615
889	715
889	912
1413	1509
1413	609
1730	93
1730	1636
1730	1028
1730	1114
1730	899
1730	1634
864	93
864	1636
864	1028
864	1114
864	899
864	1634
1035	1112
1035	1117
1035	934
907	586
907	621
907	1530
907	1467
460	586
460	621
460	1530
460	1467
1518	797
1518	1781
437	657
437	1262
437	687
786	1307
1381	262
540	533
540	142
540	1357
540	1337
540	1639
540	945
1447	1305
1447	1714
1475	187
1475	188
1475	374
1475	559
1475	556
1475	558
1475	1117
1475	934
766	172
766	359
766	572
766	764
766	1536
766	883
766	988
766	989
539	434
539	1693
539	1799
539	1220
539	1760
263	1616
1866	1442
1522	172
1522	359
1522	534
1522	160
1522	748
1522	770
1822	1157
1846	149
918	200
918	312
918	757
918	1299
1347	887
1347	247
740	218
740	400
740	1708
740	805
740	1750
740	1615
740	1494
1124	10
1124	685
1124	708
1124	1424
1124	1194
1124	1581
1066	675
1300	1355
1356	570
292	1203
292	37
292	1514
1890	655
1890	1344
1890	1529
1890	485
1890	837
1890	339
1890	360
1890	1762
1890	1109
1890	1714
280	102
280	387
280	427
280	1047
280	1369
1168	64
1173	557
365	172
365	359
97	296
317	49
317	162
317	240
317	261
317	369
317	1298
317	1399
317	1553
1191	1292
1191	717
369	49
369	1553
369	1495
369	317
369	909
369	1272
369	1235
369	1777
369	1397
369	1399
369	1848
369	1641
1709	1662
1709	618
1709	997
1709	1439
248	1576
1661	9
1661	667
747	672
747	1117
747	934
828	133
828	312
828	821
828	1656
1205	265
1272	49
1272	261
1272	369
1272	1397
1272	1298
1011	1714
1189	230
1189	1610
1835	1662
1835	618
1835	997
1466	1218
1466	142
1466	1357
1466	1337
1466	1639
1466	1882
1466	1857
1466	1081
665	42
665	1855
665	721
1084	1043
1084	1557
1517	10
1517	1006
1517	593
1517	612
995	433
1058	650
1058	1596
886	396
1123	1334
1123	1525
739	204
739	688
739	1655
739	1132
739	1697
739	290
739	1564
739	1877
353	1134
1675	1712
682	795
682	81
682	147
682	150
682	227
682	1028
682	428
682	696
682	477
682	584
682	589
682	1256
682	1330
682	1551
682	7
682	1789
682	1563
682	1611
682	1429
682	787
682	819
682	399
682	1831
613	324
613	595
613	847
613	658
1535	6
1535	978
1535	1623
194	552
194	1021
194	1592
1226	552
1226	1021
1226	1592
377	1667
377	506
377	1265
103	160
103	748
92	9
92	58
92	487
92	1757
92	616
92	692
92	793
92	1104
92	636
92	356
92	561
92	60
92	621
92	785
92	1625
92	1202
1508	9
1508	58
1508	487
1508	1757
1508	616
1508	692
1508	793
1508	1104
1508	636
1508	356
1508	561
1508	60
1508	621
1508	785
1508	1625
1508	1202
472	1215
472	1040
1660	1365
1660	1516
1754	13
1754	41
1754	119
1754	130
1754	146
1754	150
1754	209
1754	1028
1754	305
1754	343
1754	352
1754	638
1754	648
1754	769
1754	831
1754	865
1754	889
1754	963
1754	1284
1754	1396
1754	1486
1754	1206
1754	1851
1754	1625
1754	1653
1754	715
1754	1530
187	172
187	359
187	490
187	491
187	408
187	1454
187	1475
187	815
187	1794
187	513
187	817
187	814
188	172
188	359
188	490
188	491
188	408
188	1454
188	1475
188	815
188	1794
188	513
188	817
188	814
1682	108
1682	844
1682	1061
1588	34
1588	36
1588	283
1588	1177
544	1395
784	847
260	750
260	843
260	330
260	1778
1502	156
1645	738
216	767
356	92
356	1508
356	616
356	1625
356	1202
356	1638
991	1818
991	1526
991	1777
1711	465
1821	865
1619	892
936	93
936	1636
936	714
936	120
936	552
936	1021
936	1141
936	971
936	1133
1598	93
1598	1636
1598	714
1598	120
1598	552
1598	1021
1598	1141
1598	971
1598	1133
1684	1028
1755	163
1755	734
1755	159
1755	801
1755	243
1755	1119
1755	211
1755	529
1755	899
1755	1634
1755	561
1755	60
1178	493
718	1130
805	218
805	400
805	1708
805	398
805	740
805	1494
805	1750
805	1615
805	219
637	143
637	255
637	309
637	335
637	1068
637	582
637	1652
868	1028
1342	389
1342	1355
1270	389
1270	1355
1606	347
1843	163
1843	734
1843	159
1843	801
1843	238
1843	243
1843	264
1843	1692
1843	838
1843	1625
1843	1785
1843	1784
1843	300
1843	856
1843	1622
820	163
820	734
820	159
820	801
820	903
820	456
820	1539
820	552
820	1021
820	1577
820	458
820	1820
820	1655
820	1132
820	1383
627	1185
627	692
627	793
627	1260
627	954
1721	1185
1721	692
1721	793
1721	1260
1721	954
744	257
744	1609
1071	53
1071	1094
1071	482
1071	1102
1071	499
1071	1070
251	251
251	1033
251	950
251	948
251	1437
251	1524
251	538
251	1453
251	375
251	1460
1033	251
1033	1033
1033	950
1033	948
1033	1437
1033	1524
1033	538
1033	1453
1033	375
1033	1460
1555	580
1687	352
1687	368
1687	383
383	1530
383	1687
493	1486
493	1833
493	1178
1766	439
252	812
252	404
1229	10
1229	1153
1229	382
1229	1500
1229	1247
1229	1498
1229	1829
1229	67
1229	645
1229	1720
1229	1587
1229	949
1708	218
1708	400
1708	398
1708	740
1708	1494
1708	805
1708	1750
1708	1615
882	23
882	180
882	312
882	969
882	1776
1241	1455
1241	835
1241	270
1241	326
1241	1403
1241	1810
1241	1281
1241	692
1241	793
1241	1500
1241	1247
237	1455
237	835
237	270
237	326
237	1403
237	1810
237	1281
237	692
237	793
237	1500
237	1247
297	1455
297	835
297	270
297	326
297	1403
297	1810
297	1281
297	692
297	793
297	1500
297	1247
679	1455
679	835
679	270
679	326
679	1403
679	1810
679	1281
679	692
679	793
679	1500
679	1247
1614	683
975	724
318	1076
318	350
595	324
595	424
595	563
595	847
595	1615
595	1558
595	890
595	613
1317	1827
1317	726
702	74
702	1175
1819	494
1819	1301
1819	445
1819	863
750	554
750	1400
750	19
750	148
750	178
750	260
750	320
750	405
750	1201
750	607
750	752
750	1595
750	707
750	1267
750	1498
750	1829
750	67
750	1625
750	1166
750	1778
843	554
843	1400
843	19
843	148
843	178
843	260
843	320
843	405
843	1201
843	607
843	752
843	1595
843	707
843	1267
843	1498
843	1829
843	67
843	1625
843	1166
843	1778
106	1582
106	367
238	1843
238	1279
238	1648
1787	621
126	1203
126	37
126	1514
1826	1203
1826	37
1826	1514
1809	102
1809	387
1386	1714
930	1762
930	1109
930	1714
379	1528
379	83
391	1623
391	1669
1772	1623
1772	1669
1807	690
1807	1190
1807	1155
1878	429
1878	215
1878	1530
262	1381
927	1378
86	1360
1483	1597
1796	319
1796	724
1796	1574
1228	1028
1228	1184
1228	844
1228	1571
285	1028
285	1184
285	844
285	1571
626	1076
626	1113
388	182
388	1642
388	628
1699	231
1451	543
1514	126
1514	1826
1514	1736
1514	292
1514	1860
1371	865
621	1075
621	586
621	1745
621	92
621	1508
621	1787
621	895
621	907
621	460
621	649
621	1264
621	1467
621	914
1478	494
1478	1301
1478	445
1478	863
1478	195
1478	616
1478	468
1478	232
1478	1637
1478	1655
1478	1132
1478	1512
80	494
80	1301
80	445
80	863
80	195
80	616
80	468
80	232
80	1637
80	1655
80	1132
80	1512
755	1507
755	1254
755	908
1238	203
1167	272
945	540
912	1550
912	1028
912	769
912	1726
912	889
912	1570
912	519
912	1628
912	1549
912	1602
1306	854
1306	1279
1306	1648
1457	1812
1457	1112
1457	1853
1296	189
1559	1528
1559	83
1339	1028
1339	361
1536	1694
1536	766
1497	435
1497	1353
966	1615
768	204
768	688
768	1417
768	1117
768	934
768	332
899	561
899	60
899	1358
899	93
899	1636
899	243
899	246
899	1028
899	264
899	1692
899	1755
899	1730
899	864
899	1704
899	163
899	734
899	159
899	801
899	1698
899	1003
899	1626
1634	561
1634	60
1634	1358
1634	93
1634	1636
1634	243
1634	246
1634	1028
1634	264
1634	1692
1634	1755
1634	1730
1634	864
1634	1704
1634	163
1634	734
1634	159
1634	801
1634	1698
1634	1003
1634	1626
478	850
478	957
478	1625
362	172
362	359
362	204
362	688
362	45
362	1862
362	336
362	1290
362	1376
362	576
362	1600
362	1622
362	569
362	1509
1255	172
1255	359
1255	204
1255	688
1255	45
1255	1862
1255	336
1255	1290
1255	1376
1255	576
1255	1600
1255	1622
1255	569
1255	1509
274	172
274	359
274	204
274	688
274	45
274	1862
274	336
274	1290
274	1376
274	576
274	1600
274	1622
274	569
274	1509
1862	160
1862	748
1862	172
1862	359
1862	362
1862	1255
1862	274
1862	45
1862	1248
1862	244
1862	1880
1434	583
1434	983
90	972
90	1363
1253	835
1253	270
1253	326
1253	1403
1253	1810
706	18
524	181
1691	1179
1798	1542
111	269
111	683
943	276
416	714
416	120
416	835
416	270
416	326
416	1403
416	1810
416	1104
416	636
1195	407
881	1625
256	566
1472	208
1472	693
1472	1290
1472	1376
1472	576
1472	1041
1472	1491
1472	1106
1472	1436
1472	1453
1472	375
1472	1460
1472	1496
1472	745
1472	1594
567	208
567	693
567	1290
567	1376
567	576
567	1041
567	1491
567	1106
567	1436
567	1453
567	375
567	1460
567	1496
567	745
567	1594
1496	1869
1496	1351
1496	1359
1496	872
1496	520
1496	1186
1496	1472
1496	567
745	1869
745	1351
745	1359
745	872
745	520
745	1186
745	1472
745	567
1594	1869
1594	1351
1594	1359
1594	872
1594	520
1594	1186
1594	1472
1594	567
1416	806
1026	452
767	986
767	216
767	1028
767	1777
767	1492
767	854
1049	415
891	714
891	120
891	1359
891	872
891	520
891	1186
1584	1293
1584	1773
1584	1831
23	312
23	882
1818	678
1818	858
1818	1777
1818	991
242	65
302	168
568	709
568	1333
568	1278
568	33
568	1418
1670	974
1670	1449
1670	1859
1670	1740
1399	49
1399	261
1399	369
1399	1137
1399	651
1399	909
1399	1235
1399	1298
1399	1397
1399	1553
1399	317
1399	1641
1399	1501
1399	1393
1399	1756
1399	1848
1399	1492
514	257
514	1863
514	1519
514	1696
1133	24
1133	1028
1133	645
1133	1720
1133	323
1133	936
1133	1598
1133	1498
1133	1829
1133	67
1133	1323
1718	337
1718	695
1718	928
1454	47
1454	187
1454	188
1454	259
1095	386
1095	531
1095	1513
1095	537
1095	816
1095	277
1095	1054
1704	163
1704	734
1704	159
1704	801
1704	561
1704	60
1704	899
1704	1634
69	1530
69	812
69	404
69	586
69	831
69	649
141	896
1646	1724
246	429
246	215
246	899
246	1634
246	561
246	60
1280	39
1280	492
1280	666
916	449
916	1574
1110	691
1110	733
1110	1724
107	1385
107	176
107	722
107	723
107	45
107	835
107	270
107	326
107	1403
107	1810
107	160
107	748
107	842
107	172
107	359
148	750
148	843
148	1778
148	752
148	330
902	12
902	1275
433	1712
433	1199
433	746
433	995
546	10
1321	204
1321	688
1405	435
1405	1353
17	615
446	1681
156	846
156	1502
571	1040
1361	689
1361	1424
1453	653
1453	926
1453	435
1453	1353
1453	204
1453	688
1453	903
1453	456
1453	1539
1453	463
1453	251
1453	1033
1453	1498
1453	1829
1453	67
1453	1472
1453	567
1453	1453
1453	375
1453	1460
1453	925
375	653
375	926
375	435
375	1353
375	204
375	688
375	903
375	456
375	1539
375	463
375	251
375	1033
375	1498
375	1829
375	67
375	1472
375	567
375	1453
375	375
375	1460
375	925
1460	653
1460	926
1460	435
1460	1353
1460	204
1460	688
1460	903
1460	456
1460	1539
1460	463
1460	251
1460	1033
1460	1498
1460	1829
1460	67
1460	1472
1460	567
1460	1453
1460	375
1460	1460
1460	925
1554	10
1554	161
1554	1320
1554	1271
1554	1651
1554	1581
834	835
834	270
834	326
834	1403
834	1810
834	1290
834	1376
834	576
834	1805
1801	153
453	1118
1047	280
264	561
264	60
264	211
264	529
264	264
264	1692
264	1481
264	1289
264	450
264	1698
264	1843
264	1462
264	899
264	1634
264	1626
1692	561
1692	60
1692	211
1692	529
1692	264
1692	1692
1692	1481
1692	1289
1692	450
1692	1698
1692	1843
1692	1462
1692	899
1692	1634
1692	1626
1724	1865
1724	1326
1724	421
1724	625
1724	654
1724	691
1724	720
1724	733
1724	758
1724	1579
1724	1646
1724	1476
1724	1683
1724	998
1724	879
1724	1552
1724	878
1724	1110
1724	1858
1724	1224
1724	1597
1087	1560
1087	1596
471	1209
294	948
294	1437
294	1292
294	717
1623	391
1623	1772
1623	1535
1383	172
1383	359
1383	58
1383	487
1383	65
1383	160
1383	748
1383	820
1383	1609
1383	1260
1383	96
1383	632
1383	182
1383	1642
1383	628
1383	1655
1383	1132
1383	1500
1383	1247
1474	1352
38	168
38	65
118	1380
118	1388
118	175
990	1380
990	1388
990	175
559	494
559	1301
559	445
559	863
559	249
559	1875
559	1392
559	1042
559	1507
559	670
559	1475
559	1254
559	1473
559	70
559	1085
559	709
559	829
559	1188
556	494
556	1301
556	445
556	863
556	249
556	1875
556	1392
556	1042
556	1507
556	670
556	1475
556	1254
556	1473
556	70
556	1085
556	709
556	829
556	1188
558	494
558	1301
558	445
558	863
558	249
558	1875
558	1392
558	1042
558	1507
558	670
558	1475
558	1254
558	1473
558	70
558	1085
558	709
558	829
558	1188
732	1078
1459	1572
1091	875
1139	14
1139	1052
646	257
646	1863
646	1519
779	1028
779	350
760	1028
760	350
1160	1581
1408	1488
1194	451
1194	463
1194	1124
293	307
324	595
324	847
324	581
324	617
324	424
324	1029
324	447
324	658
324	1558
324	890
324	613
720	1724
272	1167
509	1493
1415	1122
18	276
18	706
531	816
531	277
531	1095
1813	477
1813	584
1813	589
1813	163
1813	734
1813	159
1813	801
1813	1330
1813	1611
1813	1429
1630	477
1630	584
1630	589
1630	163
1630	734
1630	159
1630	801
1630	1330
1630	1611
1630	1429
1532	1523
1039	426
1039	1729
1039	1338
587	172
587	359
68	1179
428	1028
428	1330
428	682
428	1545
428	894
696	1028
696	1330
696	682
696	1545
696	894
596	331
869	494
869	1301
869	445
869	863
954	627
954	1721
941	231
941	850
941	933
941	957
1396	1754
1868	204
1868	688
287	1863
287	1519
1849	893
545	1566
631	396
631	523
631	1799
631	753
631	1121
631	1861
631	1505
498	1458
498	731
498	177
498	1055
498	1093
380	808
1341	1476
1341	1854
1341	1597
1216	1476
1216	1854
1216	1597
1028	561
1028	60
1028	795
1028	81
1028	93
1028	1636
1028	714
1028	120
1028	150
1028	802
1028	151
1028	1550
1028	429
1028	215
1028	241
1028	1401
1028	812
1028	404
1028	861
1028	1841
1028	1800
1028	847
1028	767
1028	1228
1028	285
1028	969
1028	1684
1028	578
1028	440
1028	779
1028	760
1028	1863
1028	1519
1028	780
1028	1754
1028	798
1028	1556
1028	1730
1028	864
1028	1770
1028	428
1028	696
1028	682
1028	63
1028	390
1028	1473
1028	1048
1028	762
1028	1293
1028	868
1028	1286
1028	1149
1028	835
1028	270
1028	326
1028	1403
1028	1810
1028	1838
1028	342
1028	959
1028	947
1028	1133
1028	211
1028	529
1028	970
1028	1867
1028	1869
1028	1351
1028	1077
1028	649
1028	901
1028	948
1028	1437
1028	1227
1028	692
1028	793
1028	1486
1028	1339
1028	1330
1028	1210
1028	899
1028	1634
1028	1831
1028	1298
1028	1820
1028	78
1028	1663
1028	1609
1028	1158
1028	1563
1028	911
1028	1626
1028	912
1028	459
1028	865
1028	1034
1028	1492
1028	1256
1028	1134
1028	854
507	1401
507	1615
507	1550
662	350
662	479
662	1096
662	1101
662	467
662	1577
662	458
662	1872
662	664
662	1609
1197	435
1197	1353
95	88
95	200
95	757
95	1299
95	1134
95	854
1544	1863
1544	1519
606	1113
1745	621
1732	1715
497	402
1117	1719
1117	160
1117	748
1117	336
1117	1841
1117	1800
1117	1088
1117	617
1117	747
1117	768
1117	785
1117	932
1117	1065
1117	1509
1117	1035
1117	373
1117	1193
1117	1112
1117	1869
1117	1351
1117	1504
1117	1500
1117	1247
1117	1573
1117	182
1117	1642
1117	628
1117	1475
1117	1863
1117	1519
1117	1313
934	1719
934	160
934	748
934	336
934	1841
934	1800
934	1088
934	617
934	747
934	768
934	785
934	932
934	1065
934	1509
934	1035
934	373
934	1193
934	1112
934	1869
934	1351
934	1504
934	1500
934	1247
934	1573
934	182
934	1642
934	628
934	1475
934	1863
934	1519
934	1313
1858	691
1858	1724
783	1647
372	1050
372	1759
1486	1028
1486	493
1486	1754
951	1583
396	167
396	753
396	1121
396	523
396	631
396	1799
396	1861
396	886
396	1505
1146	278
561	899
561	1634
561	795
561	81
561	264
561	1692
561	109
561	300
561	1028
561	577
561	1698
561	211
561	529
561	1625
561	1622
561	1358
561	1462
561	93
561	1636
561	561
561	60
561	1563
561	1626
561	656
561	230
561	1610
561	853
561	851
561	1279
561	1648
561	1315
561	243
561	246
561	1755
561	1288
561	578
561	92
561	1508
561	1704
561	163
561	734
561	159
561	801
561	787
561	819
561	856
561	590
561	1345
561	1701
561	474
60	899
60	1634
60	795
60	81
60	264
60	1692
60	109
60	300
60	1028
60	577
60	1698
60	211
60	529
60	1625
60	1622
60	1358
60	1462
60	93
60	1636
60	561
60	60
60	1563
60	1626
60	656
60	230
60	1610
60	853
60	851
60	1279
60	1648
60	1315
60	243
60	246
60	1755
60	1288
60	578
60	92
60	1508
60	1704
60	163
60	734
60	159
60	801
60	787
60	819
60	856
60	590
60	1345
60	1701
60	474
1468	1665
1468	1276
1468	1601
1468	1059
1233	1512
1233	410
1233	614
124	1512
124	410
124	614
29	1512
29	410
29	614
852	1512
852	410
852	614
1037	823
1323	494
1323	1301
1323	445
1323	863
1323	204
1323	688
1323	1133
1431	629
1804	1079
196	1793
917	844
1620	1175
424	324
424	595
424	447
424	658
1274	735
1525	1208
1525	461
1525	597
1525	1123
229	303
847	1028
847	324
847	595
847	613
847	617
847	658
847	784
847	890
66	871
704	5
336	160
336	748
336	1112
336	362
336	1255
336	274
336	1031
336	1117
336	934
1647	783
100	1052
1061	108
1061	473
1061	1217
1061	1682
1061	1064
1061	1073
959	1028
959	431
959	585
959	967
959	1625
947	1028
947	431
947	585
947	967
947	1625
695	1718
1678	355
1208	10
1208	1525
1208	1334
1208	984
461	10
461	1525
461	1334
461	984
597	10
597	1525
597	1334
597	984
1015	1279
1015	1648
1129	1695
1129	346
378	494
378	1301
378	445
378	863
1744	1122
775	440
451	1194
177	498
177	731
806	1416
838	312
838	1843
838	638
838	714
838	120
838	1393
838	1756
1104	92
1104	1508
1104	416
1104	785
1104	1618
1104	1237
1104	138
1104	1485
1104	844
1104	1409
636	92
636	1508
636	416
636	785
636	1618
636	1237
636	138
636	1485
636	844
636	1409
1512	1233
1512	124
1512	29
1512	852
1512	355
1512	536
1512	924
1512	1046
1512	973
1512	1806
1512	1377
1512	1478
1512	80
1763	583
1763	983
1763	897
1336	712
671	1749
1430	569
1086	1869
1086	1351
1086	1716
1086	1618
1086	1237
1086	138
1086	1175
1114	93
1114	1636
1114	1730
1114	864
367	106
367	197
367	1489
367	1510
413	1128
1679	268
1679	355
1679	465
1679	1806
1762	508
1762	1214
1762	680
1762	655
1762	1344
1762	1529
1762	485
1762	837
1762	339
1762	360
1762	1714
1762	1009
1762	811
1762	1089
1762	344
1762	575
1762	930
1762	1890
1762	1231
1762	1232
1109	508
1109	1214
1109	680
1109	655
1109	1344
1109	1529
1109	485
1109	837
1109	339
1109	360
1109	1714
1109	1009
1109	811
1109	1089
1109	344
1109	575
1109	930
1109	1890
1109	1231
1109	1232
633	1052
1516	1660
1582	106
1769	1169
1769	1062
75	1354
75	629
1085	559
1085	556
1085	558
1085	1010
161	1554
161	1581
161	202
161	816
161	277
161	1845
501	1780
501	235
501	1886
501	630
581	324
581	658
394	221
394	1083
1224	1724
1224	1615
1640	426
1640	436
1640	1729
1640	1834
1640	1338
1275	12
1275	902
1275	1697
1275	290
1792	1676
1567	438
385	412
253	412
708	685
708	1124
1608	411
1000	129
434	539
427	280
46	291
46	46
46	1057
46	1184
46	1556
1057	291
1057	46
1057	1057
1057	1184
1057	1556
1130	718
809	204
809	688
72	204
72	688
228	199
228	152
228	255
228	309
228	289
228	622
228	306
228	1389
1138	199
1138	152
1138	255
1138	309
1138	289
1138	622
1138	306
1138	1389
1663	1028
1663	1498
1663	1829
1663	67
1663	1738
477	147
477	1813
477	1630
477	589
477	1330
477	1611
477	1005
477	682
1723	751
1700	1374
931	239
931	1040
1044	239
1044	1040
189	1296
1210	1028
1210	1615
1832	204
1832	688
1832	160
1832	748
136	62
136	319
136	1074
136	1884
1874	176
454	1509
454	878
1450	826
1450	1546
1450	96
1450	632
735	1274
1246	1326
1246	102
1246	387
1246	1338
1440	108
1440	1217
1440	1137
1440	651
1526	79
1526	804
1526	991
1526	1777
1743	1359
1743	872
1743	520
1743	1186
1312	1359
1312	872
1312	520
1312	1186
1733	875
911	1028
910	1863
910	1519
134	1469
1407	11
1407	579
1789	204
1789	688
1789	682
1789	894
1789	1192
1789	1368
1789	1563
1789	1823
601	1767
741	47
741	1387
713	47
713	1387
1283	1179
1793	196
479	662
479	435
479	1353
754	91
754	1370
1435	150
1558	324
1558	595
958	1234
958	4
958	1401
1142	1040
1142	1122
1748	298
909	49
909	261
909	369
909	1553
909	1495
909	1399
909	1298
909	1848
909	1641
429	51
429	58
429	487
429	63
429	390
429	93
429	1636
429	150
429	812
429	404
429	495
429	278
429	1028
429	1625
429	429
429	215
429	773
429	1366
429	770
429	476
429	715
429	850
429	245
429	246
429	321
429	1530
429	300
429	1878
429	939
215	51
215	58
215	487
215	63
215	390
215	93
215	1636
215	150
215	812
215	404
215	495
215	278
215	1028
215	1625
215	429
215	215
215	773
215	1366
215	770
215	476
215	715
215	850
215	245
215	246
215	321
215	1530
215	300
215	1878
215	939
1716	1086
423	1547
342	1028
1137	992
1137	714
1137	120
1137	483
1137	1399
1137	1440
1137	1470
651	992
651	714
651	120
651	483
651	1399
651	1440
651	1470
1184	46
1184	1057
1184	110
1184	1438
1184	1228
1184	285
1184	844
1184	971
1184	1556
1184	1571
1184	1409
733	1724
733	1110
824	921
13	1754
13	130
250	1322
250	1852
250	1795
28	1234
28	4
28	1401
28	644
28	1032
1239	1426
1725	1426
1373	1426
987	393
1671	435
1671	1353
1671	690
1671	1190
1811	1664
1811	351
1654	993
1654	105
1654	974
598	993
598	105
598	974
1092	541
1838	205
1838	1028
1838	770
1838	854
1838	1048
1838	1286
1838	1641
1838	1857
678	858
678	1818
678	854
678	549
678	1134
1666	1290
1666	1376
1666	576
1666	903
1666	456
1666	1539
1666	1500
1666	1247
1666	1863
1666	1519
119	1754
1045	616
728	142
728	1357
728	1337
728	1639
5	704
944	45
944	1649
944	1650
944	1504
1158	1028
1158	780
1158	1096
1158	1101
1360	86
82	956
822	714
822	120
822	861
1850	1411
1673	435
1673	1353
346	1129
346	1753
1025	714
1025	120
1025	1498
1025	1829
1025	67
128	91
494	1426
494	191
494	338
494	378
494	494
494	1301
494	445
494	863
494	1478
494	80
494	835
494	270
494	326
494	1403
494	1810
494	1251
494	160
494	748
494	948
494	1437
494	650
494	901
494	692
494	793
494	1819
494	1323
494	1260
494	204
494	688
494	873
494	172
494	359
494	1155
494	304
494	1268
494	559
494	556
494	558
494	455
494	244
494	1880
494	1524
494	538
494	1573
494	1869
494	1351
494	1314
494	1359
494	872
494	520
494	1186
494	869
494	667
494	1586
1301	1426
1301	191
1301	338
1301	378
1301	494
1301	1301
1301	445
1301	863
1301	1478
1301	80
1301	835
1301	270
1301	326
1301	1403
1301	1810
1301	1251
1301	160
1301	748
1301	948
1301	1437
1301	650
1301	901
1301	692
1301	793
1301	1819
1301	1323
1301	1260
1301	204
1301	688
1301	873
1301	172
1301	359
1301	1155
1301	304
1301	1268
1301	559
1301	556
1301	558
1301	455
1301	244
1301	1880
1301	1524
1301	538
1301	1573
1301	1869
1301	1351
1301	1314
1301	1359
1301	872
1301	520
1301	1186
1301	869
1301	667
1301	1586
445	1426
445	191
445	338
445	378
445	494
445	1301
445	445
445	863
445	1478
445	80
445	835
445	270
445	326
445	1403
445	1810
445	1251
445	160
445	748
445	948
445	1437
445	650
445	901
445	692
445	793
445	1819
445	1323
445	1260
445	204
445	688
445	873
445	172
445	359
445	1155
445	304
445	1268
445	559
445	556
445	558
445	455
445	244
445	1880
445	1524
445	538
445	1573
445	1869
445	1351
445	1314
445	1359
445	872
445	520
445	1186
445	869
445	667
445	1586
863	1426
863	191
863	338
863	378
863	494
863	1301
863	445
863	863
863	1478
863	80
863	835
863	270
863	326
863	1403
863	1810
863	1251
863	160
863	748
863	948
863	1437
863	650
863	901
863	692
863	793
863	1819
863	1323
863	1260
863	204
863	688
863	873
863	172
863	359
863	1155
863	304
863	1268
863	559
863	556
863	558
863	455
863	244
863	1880
863	1524
863	538
863	1573
863	1869
863	1351
863	1314
863	1359
863	872
863	520
863	1186
863	869
863	667
863	1586
570	93
570	1636
570	1356
570	1869
570	1351
570	777
570	797
570	1781
1668	1869
1668	1351
751	1618
751	1237
751	138
751	683
751	1136
751	1723
1121	396
1121	523
1121	631
1121	753
1121	1799
1121	1861
1121	1505
1540	1424
1426	494
1426	1301
1426	445
1426	863
1426	1239
1426	1725
1426	1373
1042	559
1042	556
1042	558
1257	204
1257	688
1367	1401
1771	1304
1771	1844
1500	204
1500	688
1500	835
1500	270
1500	326
1500	1403
1500	1810
1500	58
1500	487
1500	1117
1500	934
1500	1241
1500	237
1500	297
1500	679
1500	1383
1500	1666
1500	1655
1500	1132
1500	1229
1247	204
1247	688
1247	835
1247	270
1247	326
1247	1403
1247	1810
1247	58
1247	487
1247	1117
1247	934
1247	1241
1247	237
1247	297
1247	679
1247	1383
1247	1666
1247	1655
1247	1132
1247	1229
802	1028
802	976
802	1731
964	614
738	1645
1421	1281
63	1841
63	1800
63	429
63	215
63	150
63	1802
63	1028
390	1841
390	1800
390	429
390	215
390	150
390	1802
390	1028
223	729
785	58
785	487
785	397
785	551
785	1006
785	593
785	612
785	616
785	1104
785	636
785	683
785	92
785	1508
785	1473
785	1625
785	1117
785	934
785	692
785	793
785	1368
703	676
1613	655
1613	1344
1613	1529
1613	485
1613	837
1613	339
1613	360
1613	526
1613	1714
1423	655
1423	1344
1423	1529
1423	485
1423	837
1423	339
1423	360
1423	526
1423	1714
207	655
207	1344
207	1529
207	485
207	837
207	339
207	360
207	526
207	1714
1513	480
1513	515
1513	1095
1513	1187
537	480
537	515
537	1095
537	1187
1530	69
1530	123
1530	174
1530	383
1530	429
1530	215
1530	211
1530	529
1530	649
1530	692
1530	793
1530	907
1530	460
1530	1609
1530	1141
1530	1307
1530	1863
1530	1519
1530	1467
1530	1473
1530	1754
1530	1878
1022	430
1319	724
14	1139
327	1604
988	572
988	764
988	766
333	1120
1506	1515
473	108
473	1061
1553	49
1553	261
1553	369
1553	909
1553	1235
1553	1397
1553	1399
1553	1492
1553	317
1553	1848
1245	303
1245	1885
1422	303
1422	1885
543	1451
311	164
76	1359
76	872
76	520
76	1186
1384	1379
970	1028
778	403
778	794
778	1256
350	58
350	487
350	318
350	1543
350	662
350	779
350	760
350	719
350	1115
350	1609
963	305
963	343
963	638
963	831
963	865
963	889
963	1754
963	1653
963	1206
511	259
1879	1609
1879	1577
1879	458
1879	1106
1879	467
1328	772
547	799
1424	867
1424	1124
1424	1154
1424	1277
1424	1320
1424	1361
1424	1540
115	986
115	1776
1380	118
1380	990
1380	655
1380	1344
1380	1529
1380	485
1380	837
1380	339
1380	360
1380	1388
1380	175
1372	1404
673	1175
1562	1290
1562	1376
1562	576
1562	610
1803	1863
1803	1519
1251	494
1251	1301
1251	445
1251	863
1511	303
1054	816
1054	277
1054	1095
770	429
770	215
770	1522
770	1838
770	204
770	688
30	937
1090	27
1090	798
1294	527
1481	583
1481	983
1481	241
1481	264
1481	1692
1481	418
1481	457
1289	583
1289	983
1289	241
1289	264
1289	1692
1289	418
1289	457
450	583
450	983
450	241
450	264
450	1692
450	418
450	457
1484	986
620	1841
620	1800
1476	1724
1476	1341
1476	1216
1476	1854
1476	1172
1476	1548
1476	1831
858	678
858	854
858	1777
858	1818
27	87
27	1618
27	1237
27	138
27	1012
27	397
27	551
27	1090
27	1655
27	1132
27	173
27	1348
27	692
27	793
27	645
27	1720
27	833
1597	1865
1597	1724
1597	1341
1597	1216
1597	1483
289	228
289	1138
289	309
584	682
584	1813
584	1630
1758	303
1758	705
1758	1005
220	171
144	57
1775	586
1583	951
833	27
833	948
833	1437
527	1176
527	1294
370	1863
370	1519
1365	1660
1444	315
1617	888
123	1530
1579	758
1579	1724
1579	1683
193	1777
1842	245
1564	739
1872	662
1872	1836
611	266
266	611
1291	1419
1655	150
1655	160
1655	748
1655	172
1655	359
1655	27
1655	666
1655	739
1655	692
1655	793
1655	820
1655	835
1655	270
1655	326
1655	1403
1655	1810
1655	1260
1655	1478
1655	80
1655	1383
1655	1500
1655	1247
1655	1837
1655	1509
1655	1574
1655	1672
1132	150
1132	160
1132	748
1132	172
1132	359
1132	27
1132	666
1132	739
1132	692
1132	793
1132	820
1132	835
1132	270
1132	326
1132	1403
1132	1810
1132	1260
1132	1478
1132	80
1132	1383
1132	1500
1132	1247
1132	1837
1132	1509
1132	1574
1132	1672
254	1358
403	778
1543	350
1218	1466
1089	508
1089	1214
1089	680
1089	1762
1089	1109
1089	1009
1089	811
1089	655
1089	1344
1089	1529
1089	485
1089	837
1089	339
1089	360
1089	1714
1089	1761
1260	494
1260	1301
1260	445
1260	863
1260	230
1260	1610
1260	172
1260	359
1260	381
1260	627
1260	1721
1260	650
1260	204
1260	688
1260	1471
1260	1172
1260	1548
1260	1292
1260	717
1260	1655
1260	1132
1260	1383
541	1092
1199	743
1199	230
1199	1610
1199	433
1199	45
746	743
746	230
746	1610
746	433
746	45
825	417
862	782
862	1467
467	58
467	487
467	662
467	903
467	456
467	1539
467	1050
467	1759
467	1879
1632	1632
1632	1252
1632	1465
1632	1831
1252	1632
1252	1252
1252	1465
1252	1831
1465	1632
1465	1252
1465	1465
1465	1831
1760	539
1327	1869
1327	1351
1349	1751
331	1575
331	596
1550	507
1550	714
1550	120
1550	1570
1550	519
1550	1028
1550	1549
1550	912
1397	49
1397	162
1397	240
1397	261
1397	369
1397	1235
1397	1272
1397	1553
1397	1495
1397	1399
1397	1848
1397	1641
1397	1492
1455	1241
1455	237
1455	297
1455	679
810	284
810	1329
200	88
200	95
200	1156
200	312
200	757
200	918
200	1072
965	965
965	1482
1482	965
1482	1482
271	692
271	793
271	52
1258	35
1100	321
1527	629
1527	1354
1127	441
1127	1547
1877	165
1877	65
1877	739
1877	1375
985	276
604	312
105	1654
105	598
306	199
306	152
306	255
306	309
306	228
306	1138
306	1541
1276	1665
1276	1468
1276	1059
1276	1707
1276	1824
1276	1601
245	429
245	215
245	550
245	211
245	529
245	1842
245	641
245	1883
245	1830
