(1	,2)
(1	,5)
(1	,7)
(1	,8)
(1	,9)
(1	,10)
(2	,3)
(2	,4)
(2	,7)
(2	,8)
(2	,9)
(3	,6)
(3	,9)
(3	,10)
(4	,5)
(4	,6)
(4	,8)
(5	,7)
(5	,8)
(5	,9)
(6	,8)
(6	,10)
(7	,8)
(7	,9)
(7	,10)
(3	,11)
(6	,11)
(7	,11)
(8	,11)
(9	,11)
(2	,12)
(4	,12)
(7	,12)
(9	,12)
(10	,12)
(1	,13)
(2	,13)
(4	,13)
(5	,13)
(11	,13)
(1	,14)
(3	,14)
(5	,14)
(8	,14)
(13	,14)
(2	,15)
(4	,15)
(8	,15)
(13	,15)
(14	,15)
(2	,16)
(5	,16)
(11	,16)
(12	,16)
(14	,16)
(1	,17)
(2	,17)
(6	,17)
(11	,17)
(12	,17)
(1	,18)
(2	,18)
(4	,18)
(12	,18)
(14	,18)
(2	,19)
(10	,19)
(11	,19)
(13	,19)
(14	,19)
(4	,20)
(6	,20)
(8	,20)
(18	,20)
(19	,20)
(9	,21)
(12	,21)
(14	,21)
(17	,21)
(19	,21)
(2	,22)
(3	,22)
(7	,22)
(10	,22)
(12	,22)
(6	,23)
(10	,23)
(15	,23)
(19	,23)
(21	,23)
(4	,24)
(7	,24)
(9	,24)
(10	,24)
(13	,24)
(1	,25)
(7	,25)
(8	,25)
(15	,25)
(21	,25)
(2	,26)
(3	,26)
(4	,26)
(21	,26)
(23	,26)
(4	,27)
(9	,27)
(12	,27)
(17	,27)
(21	,27)
(2	,28)
(5	,28)
(14	,28)
(15	,28)
(19	,28)
(2	,29)
(12	,29)
(17	,29)
(20	,29)
(25	,29)
(8	,30)
(14	,30)
(17	,30)
(20	,30)
(21	,30)
(2	,31)
(6	,31)
(9	,31)
(16	,31)
(25	,31)
(7	,32)
(8	,32)
(11	,32)
(21	,32)
(26	,32)
(1	,33)
(7	,33)
(15	,33)
(19	,33)
(27	,33)
(1	,34)
(4	,34)
(7	,34)
(14	,34)
(23	,34)
(4	,35)
(7	,35)
(18	,35)
(19	,35)
(32	,35)
(19	,36)
(24	,36)
(28	,36)
(30	,36)
(32	,36)
(1	,37)
(2	,37)
(17	,37)
(28	,37)
(36	,37)
(1	,38)
(5	,38)
(9	,38)
(11	,38)
(17	,38)
(1	,39)
(12	,39)
(13	,39)
(34	,39)
(38	,39)
(5	,40)
(10	,40)
(13	,40)
(26	,40)
(36	,40)
(1	,41)
(2	,41)
(5	,41)
(13	,41)
(21	,41)
(5	,42)
(15	,42)
(24	,42)
(29	,42)
(32	,42)
(6	,43)
(21	,43)
(29	,43)
(32	,43)
(40	,43)
(19	,44)
(26	,44)
(30	,44)
(34	,44)
(35	,44)
(1	,45)
(19	,45)
(27	,45)
(30	,45)
(43	,45)
(2	,46)
(25	,46)
(26	,46)
(30	,46)
(42	,46)
(7	,47)
(10	,47)
(19	,47)
(22	,47)
(38	,47)
(2	,48)
(10	,48)
(30	,48)
(33	,48)
(45	,48)
(10	,49)
(12	,49)
(31	,49)
(46	,49)
(48	,49)
(10	,50)
(17	,50)
(21	,50)
(24	,50)
(31	,50)
(3	,51)
(5	,51)
(18	,51)
(44	,51)
(48	,51)
(2	,52)
(6	,52)
(31	,52)
(39	,52)
(48	,52)
(7	,53)
(9	,53)
(17	,53)
(29	,53)
(52	,53)
(5	,54)
(7	,54)
(11	,54)
(20	,54)
(21	,54)
(10	,55)
(14	,55)
(16	,55)
(25	,55)
(40	,55)
(12	,56)
(14	,56)
(20	,56)
(30	,56)
(52	,56)
(19	,57)
(30	,57)
(38	,57)
(43	,57)
(44	,57)
(2	,58)
(19	,58)
(25	,58)
(42	,58)
(53	,58)
(17	,59)
(19	,59)
(24	,59)
(33	,59)
(41	,59)
(2	,60)
(20	,60)
(25	,60)
(32	,60)
(54	,60)
(14	,61)
(29	,61)
(30	,61)
(41	,61)
(59	,61)
(4	,62)
(10	,62)
(16	,62)
(22	,62)
(44	,62)
(21	,63)
(26	,63)
(32	,63)
(36	,63)
(60	,63)
(6	,64)
(9	,64)
(23	,64)
(47	,64)
(52	,64)
(1	,65)
(21	,65)
(28	,65)
(49	,65)
(63	,65)
(1	,66)
(22	,66)
(35	,66)
(47	,66)
(65	,66)
(22	,67)
(24	,67)
(48	,67)
(55	,67)
(56	,67)
(2	,68)
(21	,68)
(30	,68)
(53	,68)
(63	,68)
(11	,69)
(15	,69)
(20	,69)
(36	,69)
(37	,69)
(13	,70)
(14	,70)
(36	,70)
(55	,70)
(56	,70)
(5	,71)
(29	,71)
(30	,71)
(52	,71)
(58	,71)
(6	,72)
(9	,72)
(17	,72)
(24	,72)
(28	,72)
(1	,73)
(11	,73)
(38	,73)
(47	,73)
(55	,73)
(1	,74)
(15	,74)
(42	,74)
(43	,74)
(73	,74)
(28	,75)
(31	,75)
(37	,75)
(56	,75)
(62	,75)
(21	,76)
(24	,76)
(31	,76)
(70	,76)
(74	,76)
(19	,77)
(26	,77)
(27	,77)
(65	,77)
(75	,77)
(8	,78)
(17	,78)
(29	,78)
(30	,78)
(31	,78)
(23	,79)
(30	,79)
(60	,79)
(63	,79)
(65	,79)
(13	,80)
(40	,80)
(44	,80)
(48	,80)
(57	,80)
(14	,81)
(17	,81)
(20	,81)
(27	,81)
(30	,81)
(5	,82)
(8	,82)
(19	,82)
(31	,82)
(61	,82)
(14	,83)
(19	,83)
(48	,83)
(57	,83)
(76	,83)
(18	,84)
(36	,84)
(53	,84)
(67	,84)
(80	,84)
(1	,85)
(10	,85)
(15	,85)
(24	,85)
(76	,85)
(13	,86)
(21	,86)
(23	,86)
(30	,86)
(74	,86)
(2	,87)
(4	,87)
(11	,87)
(16	,87)
(45	,87)
(14	,88)
(30	,88)
(38	,88)
(67	,88)
(84	,88)
(21	,89)
(45	,89)
(51	,89)
(62	,89)
(69	,89)
(20	,90)
(28	,90)
(57	,90)
(59	,90)
(74	,90)
(10	,91)
(28	,91)
(38	,91)
(84	,91)
(89	,91)
(1	,92)
(11	,92)
(59	,92)
(68	,92)
(91	,92)
(20	,93)
(38	,93)
(63	,93)
(82	,93)
(83	,93)
(12	,94)
(19	,94)
(21	,94)
(37	,94)
(57	,94)
(7	,95)
(43	,95)
(56	,95)
(68	,95)
(75	,95)
(2	,96)
(9	,96)
(15	,96)
(32	,96)
(79	,96)
(18	,97)
(44	,97)
(67	,97)
(71	,97)
(90	,97)
(23	,98)
(51	,98)
(72	,98)
(83	,98)
(95	,98)
(9	,99)
(23	,99)
(31	,99)
(54	,99)
(89	,99)
(2	,100)
(5	,100)
(35	,100)
(53	,100)
(78	,100)
(35	,101)
(37	,101)
(46	,101)
(61	,101)
(93	,101)
(17	,102)
(28	,102)
(39	,102)
(96	,102)
(99	,102)
(12	,103)
(24	,103)
(30	,103)
(36	,103)
(79	,103)
(8	,104)
(10	,104)
(13	,104)
(74	,104)
(96	,104)
(13	,105)
(27	,105)
(42	,105)
(49	,105)
(59	,105)
(4	,106)
(55	,106)
(67	,106)
(74	,106)
(104	,106)
(17	,107)
(33	,107)
(40	,107)
(77	,107)
(91	,107)
(5	,108)
(9	,108)
(57	,108)
(99	,108)
(106	,108)
(3	,109)
(26	,109)
(39	,109)
(43	,109)
(73	,109)
(13	,110)
(19	,110)
(20	,110)
(82	,110)
(93	,110)
(9	,111)
(10	,111)
(31	,111)
(100	,111)
(103	,111)
(2	,112)
(19	,112)
(32	,112)
(87	,112)
(106	,112)
(25	,113)
(67	,113)
(77	,113)
(84	,113)
(86	,113)
(35	,114)
(52	,114)
(65	,114)
(72	,114)
(107	,114)
(2	,115)
(29	,115)
(30	,115)
(56	,115)
(71	,115)
(9	,116)
(10	,116)
(18	,116)
(64	,116)
(87	,116)
(1	,117)
(6	,117)
(19	,117)
(88	,117)
(110	,117)
(11	,118)
(21	,118)
(65	,118)
(70	,118)
(96	,118)
(60	,119)
(69	,119)
(89	,119)
(92	,119)
(96	,119)
(29	,120)
(47	,120)
(57	,120)
(94	,120)
(100	,120)
(7	,121)
(50	,121)
(55	,121)
(60	,121)
(67	,121)
(40	,122)
(41	,122)
(88	,122)
(90	,122)
(102	,122)
(12	,123)
(58	,123)
(72	,123)
(93	,123)
(100	,123)
(25	,124)
(35	,124)
(68	,124)
(69	,124)
(110	,124)
(31	,125)
(84	,125)
(92	,125)
(99	,125)
(122	,125)
(17	,126)
(57	,126)
(85	,126)
(90	,126)
(91	,126)
(2	,127)
(3	,127)
(14	,127)
(116	,127)
(126	,127)
(5	,128)
(40	,128)
(48	,128)
(60	,128)
(95	,128)
(15	,129)
(17	,129)
(40	,129)
(54	,129)
(104	,129)
(7	,130)
(9	,130)
(11	,130)
(30	,130)
(89	,130)
(36	,131)
(52	,131)
(89	,131)
(105	,131)
(113	,131)
(2	,132)
(17	,132)
(74	,132)
(87	,132)
(123	,132)
(11	,133)
(20	,133)
(44	,133)
(55	,133)
(67	,133)
(3	,134)
(42	,134)
(65	,134)
(103	,134)
(114	,134)
(27	,135)
(46	,135)
(53	,135)
(64	,135)
(115	,135)
(20	,136)
(50	,136)
(92	,136)
(110	,136)
(126	,136)
(12	,137)
(16	,137)
(85	,137)
(93	,137)
(103	,137)
(7	,138)
(40	,138)
(103	,138)
(117	,138)
(135	,138)
(3	,139)
(37	,139)
(49	,139)
(105	,139)
(117	,139)
(8	,140)
(12	,140)
(24	,140)
(118	,140)
(119	,140)
(13	,141)
(15	,141)
(18	,141)
(38	,141)
(140	,141)
(14	,142)
(22	,142)
(55	,142)
(58	,142)
(90	,142)
(22	,143)
(75	,143)
(97	,143)
(115	,143)
(127	,143)
(14	,144)
(56	,144)
(88	,144)
(139	,144)
(140	,144)
(12	,145)
(113	,145)
(117	,145)
(122	,145)
(142	,145)
(1	,146)
(11	,146)
(13	,146)
(132	,146)
(141	,146)
(8	,147)
(20	,147)
(27	,147)
(125	,147)
(130	,147)
(4	,148)
(5	,148)
(53	,148)
(96	,148)
(107	,148)
(2	,149)
(24	,149)
(107	,149)
(118	,149)
(147	,149)
(27	,150)
(56	,150)
(79	,150)
(104	,150)
(106	,150)
(17	,151)
(39	,151)
(67	,151)
(131	,151)
(140	,151)
(21	,152)
(46	,152)
(76	,152)
(93	,152)
(135	,152)
(15	,153)
(25	,153)
(85	,153)
(105	,153)
(143	,153)
(2	,154)
(17	,154)
(28	,154)
(88	,154)
(151	,154)
(3	,155)
(12	,155)
(21	,155)
(27	,155)
(69	,155)
(7	,156)
(12	,156)
(32	,156)
(51	,156)
(105	,156)
(25	,157)
(39	,157)
(59	,157)
(68	,157)
(75	,157)
(7	,158)
(20	,158)
(41	,158)
(45	,158)
(109	,158)
(13	,159)
(45	,159)
(85	,159)
(96	,159)
(152	,159)
(10	,160)
(53	,160)
(69	,160)
(108	,160)
(138	,160)
(2	,161)
(62	,161)
(89	,161)
(120	,161)
(129	,161)
(49	,162)
(51	,162)
(98	,162)
(141	,162)
(147	,162)
(23	,163)
(40	,163)
(56	,163)
(62	,163)
(101	,163)
(12	,164)
(18	,164)
(111	,164)
(116	,164)
(129	,164)
(2	,165)
(8	,165)
(36	,165)
(72	,165)
(119	,165)
(35	,166)
(45	,166)
(105	,166)
(110	,166)
(118	,166)
(12	,167)
(30	,167)
(89	,167)
(135	,167)
(147	,167)
(4	,168)
(9	,168)
(51	,168)
(76	,168)
(164	,168)
(3	,169)
(23	,169)
(24	,169)
(61	,169)
(95	,169)
(4	,170)
(38	,170)
(45	,170)
(56	,170)
(79	,170)
(14	,171)
(29	,171)
(76	,171)
(100	,171)
(117	,171)
(48	,172)
(110	,172)
(119	,172)
(133	,172)
(143	,172)
(17	,173)
(22	,173)
(37	,173)
(55	,173)
(104	,173)
(4	,174)
(9	,174)
(14	,174)
(33	,174)
(81	,174)
(45	,175)
(71	,175)
(80	,175)
(152	,175)
(154	,175)
(109	,176)
(122	,176)
(154	,176)
(165	,176)
(174	,176)
(12	,177)
(50	,177)
(83	,177)
(102	,177)
(161	,177)
(3	,178)
(11	,178)
(38	,178)
(72	,178)
(166	,178)
(58	,179)
(62	,179)
(87	,179)
(110	,179)
(122	,179)
(21	,180)
(23	,180)
(26	,180)
(36	,180)
(68	,180)
(8	,181)
(17	,181)
(23	,181)
(25	,181)
(38	,181)
(9	,182)
(35	,182)
(38	,182)
(87	,182)
(165	,182)
(59	,183)
(68	,183)
(84	,183)
(90	,183)
(119	,183)
(1	,184)
(4	,184)
(92	,184)
(142	,184)
(155	,184)
(17	,185)
(59	,185)
(60	,185)
(76	,185)
(139	,185)
(8	,186)
(76	,186)
(146	,186)
(154	,186)
(156	,186)
(12	,187)
(40	,187)
(106	,187)
(111	,187)
(163	,187)
(10	,188)
(43	,188)
(62	,188)
(88	,188)
(162	,188)
(8	,189)
(22	,189)
(85	,189)
(94	,189)
(162	,189)
(9	,190)
(14	,190)
(17	,190)
(36	,190)
(128	,190)
(8	,191)
(14	,191)
(24	,191)
(55	,191)
(93	,191)
(20	,192)
(63	,192)
(102	,192)
(117	,192)
(164	,192)
(12	,193)
(23	,193)
(49	,193)
(65	,193)
(134	,193)
(3	,194)
(24	,194)
(124	,194)
(150	,194)
(156	,194)
(7	,195)
(25	,195)
(36	,195)
(93	,195)
(136	,195)
(27	,196)
(65	,196)
(103	,196)
(155	,196)
(160	,196)
(9	,197)
(11	,197)
(45	,197)
(105	,197)
(119	,197)
(16	,198)
(51	,198)
(61	,198)
(79	,198)
(118	,198)
(17	,199)
(23	,199)
(80	,199)
(160	,199)
(180	,199)
(10	,200)
(22	,200)
(113	,200)
(118	,200)
(123	,200)
(9	,201)
(11	,201)
(12	,201)
(22	,201)
(126	,201)
(8	,202)
(20	,202)
(34	,202)
(98	,202)
(183	,202)
(28	,203)
(69	,203)
(85	,203)
(138	,203)
(139	,203)
(2	,204)
(7	,204)
(8	,204)
(48	,204)
(76	,204)
(37	,205)
(68	,205)
(75	,205)
(154	,205)
(165	,205)
(19	,206)
(105	,206)
(126	,206)
(146	,206)
(154	,206)
(1	,207)
(3	,207)
(19	,207)
(40	,207)
(160	,207)
(7	,208)
(35	,208)
(96	,208)
(139	,208)
(165	,208)
(45	,209)
(61	,209)
(81	,209)
(121	,209)
(174	,209)
(20	,210)
(91	,210)
(94	,210)
(102	,210)
(132	,210)
(3	,211)
(32	,211)
(48	,211)
(107	,211)
(128	,211)
(11	,212)
(56	,212)
(166	,212)
(183	,212)
(203	,212)
(28	,213)
(48	,213)
(60	,213)
(196	,213)
(205	,213)
(20	,214)
(24	,214)
(41	,214)
(48	,214)
(79	,214)
(87	,215)
(97	,215)
(118	,215)
(143	,215)
(168	,215)
(1	,216)
(62	,216)
(178	,216)
(192	,216)
(194	,216)
(17	,217)
(32	,217)
(47	,217)
(123	,217)
(143	,217)
(6	,218)
(12	,218)
(26	,218)
(121	,218)
(125	,218)
(2	,219)
(30	,219)
(32	,219)
(95	,219)
(110	,219)
(30	,220)
(159	,220)
(179	,220)
(205	,220)
(213	,220)
(41	,221)
(71	,221)
(115	,221)
(118	,221)
(218	,221)
(17	,222)
(39	,222)
(108	,222)
(120	,222)
(209	,222)
(2	,223)
(7	,223)
(63	,223)
(105	,223)
(158	,223)
(1	,224)
(23	,224)
(74	,224)
(108	,224)
(141	,224)
(31	,225)
(51	,225)
(107	,225)
(119	,225)
(124	,225)
(7	,226)
(27	,226)
(50	,226)
(102	,226)
(114	,226)
(27	,227)
(38	,227)
(41	,227)
(73	,227)
(214	,227)
(1	,228)
(27	,228)
(45	,228)
(102	,228)
(153	,228)
(5	,229)
(38	,229)
(52	,229)
(74	,229)
(181	,229)
(2	,230)
(60	,230)
(173	,230)
(189	,230)
(203	,230)
(6	,231)
(32	,231)
(88	,231)
(168	,231)
(208	,231)
(40	,232)
(43	,232)
(52	,232)
(89	,232)
(139	,232)
(2	,233)
(22	,233)
(25	,233)
(30	,233)
(154	,233)
(7	,234)
(13	,234)
(15	,234)
(31	,234)
(190	,234)
(2	,235)
(37	,235)
(59	,235)
(74	,235)
(81	,235)
(32	,236)
(38	,236)
(63	,236)
(140	,236)
(212	,236)
(5	,237)
(8	,237)
(25	,237)
(39	,237)
(50	,237)
(3	,238)
(41	,238)
(204	,238)
(222	,238)
(224	,238)
(28	,239)
(103	,239)
(126	,239)
(149	,239)
(177	,239)
(78	,240)
(141	,240)
(164	,240)
(181	,240)
(195	,240)
(14	,241)
(35	,241)
(66	,241)
(108	,241)
(174	,241)
(82	,242)
(96	,242)
(121	,242)
(155	,242)
(169	,242)
(11	,243)
(36	,243)
(81	,243)
(200	,243)
(239	,243)
(7	,244)
(27	,244)
(51	,244)
(119	,244)
(182	,244)
(13	,245)
(124	,245)
(140	,245)
(163	,245)
(212	,245)
(4	,246)
(145	,246)
(146	,246)
(188	,246)
(222	,246)
(21	,247)
(23	,247)
(99	,247)
(163	,247)
(184	,247)
(10	,248)
(17	,248)
(24	,248)
(52	,248)
(89	,248)
(19	,249)
(55	,249)
(74	,249)
(190	,249)
(235	,249)
(23	,250)
(114	,250)
(164	,250)
(215	,250)
(248	,250)
(12	,251)
(37	,251)
(125	,251)
(154	,251)
(164	,251)
(11	,252)
(38	,252)
(97	,252)
(186	,252)
(236	,252)
(23	,253)
(49	,253)
(51	,253)
(216	,253)
(227	,253)
(52	,254)
(56	,254)
(116	,254)
(170	,254)
(226	,254)
(12	,255)
(17	,255)
(23	,255)
(110	,255)
(213	,255)
(12	,256)
(100	,256)
(129	,256)
(240	,256)
(246	,256)
(16	,257)
(28	,257)
(103	,257)
(176	,257)
(221	,257)
(77	,258)
(117	,258)
(208	,258)
(224	,258)
(227	,258)
(26	,259)
(32	,259)
(36	,259)
(133	,259)
(176	,259)
(57	,260)
(85	,260)
(90	,260)
(121	,260)
(155	,260)
(13	,261)
(82	,261)
(136	,261)
(155	,261)
(180	,261)
(44	,262)
(73	,262)
(96	,262)
(131	,262)
(189	,262)
(131	,263)
(161	,263)
(168	,263)
(227	,263)
(237	,263)
(31	,264)
(48	,264)
(87	,264)
(143	,264)
(173	,264)
(23	,265)
(62	,265)
(114	,265)
(202	,265)
(208	,265)
(33	,266)
(39	,266)
(97	,266)
(109	,266)
(189	,266)
(50	,267)
(52	,267)
(184	,267)
(207	,267)
(265	,267)
(11	,268)
(14	,268)
(33	,268)
(117	,268)
(182	,268)
(17	,269)
(39	,269)
(127	,269)
(129	,269)
(213	,269)
(32	,270)
(55	,270)
(86	,270)
(103	,270)
(131	,270)
(22	,271)
(70	,271)
(117	,271)
(125	,271)
(127	,271)
(19	,272)
(86	,272)
(191	,272)
(252	,272)
(261	,272)
(6	,273)
(149	,273)
(189	,273)
(218	,273)
(224	,273)
(30	,274)
(133	,274)
(144	,274)
(215	,274)
(258	,274)
(10	,275)
(74	,275)
(76	,275)
(160	,275)
(245	,275)
(28	,276)
(62	,276)
(114	,276)
(173	,276)
(247	,276)
(13	,277)
(61	,277)
(73	,277)
(164	,277)
(262	,277)
(14	,278)
(76	,278)
(149	,278)
(221	,278)
(239	,278)
(7	,279)
(10	,279)
(57	,279)
(63	,279)
(73	,279)
(30	,280)
(95	,280)
(114	,280)
(164	,280)
(275	,280)
(2	,281)
(10	,281)
(11	,281)
(62	,281)
(218	,281)
(42	,282)
(73	,282)
(123	,282)
(190	,282)
(237	,282)
(46	,283)
(64	,283)
(102	,283)
(232	,283)
(279	,283)
(50	,284)
(69	,284)
(105	,284)
(163	,284)
(204	,284)
(21	,285)
(77	,285)
(103	,285)
(160	,285)
(220	,285)
(6	,286)
(130	,286)
(167	,286)
(220	,286)
(230	,286)
(20	,287)
(120	,287)
(129	,287)
(174	,287)
(282	,287)
(8	,288)
(45	,288)
(149	,288)
(221	,288)
(252	,288)
(71	,289)
(108	,289)
(120	,289)
(248	,289)
(271	,289)
(4	,290)
(81	,290)
(95	,290)
(181	,290)
(215	,290)
(2	,291)
(50	,291)
(156	,291)
(165	,291)
(169	,291)
(44	,292)
(90	,292)
(98	,292)
(150	,292)
(256	,292)
(98	,293)
(111	,293)
(119	,293)
(153	,293)
(236	,293)
(23	,294)
(32	,294)
(46	,294)
(90	,294)
(134	,294)
(17	,295)
(19	,295)
(27	,295)
(155	,295)
(197	,295)
(56	,296)
(77	,296)
(217	,296)
(278	,296)
(282	,296)
(36	,297)
(124	,297)
(212	,297)
(281	,297)
(289	,297)
(52	,298)
(57	,298)
(70	,298)
(143	,298)
(266	,298)
(23	,299)
(37	,299)
(86	,299)
(203	,299)
(221	,299)
(30	,300)
(55	,300)
(167	,300)
(259	,300)
(263	,300)
(8	,301)
(61	,301)
(67	,301)
(208	,301)
(264	,301)
(53	,302)
(57	,302)
(187	,302)
(203	,302)
(277	,302)
(43	,303)
(53	,303)
(96	,303)
(264	,303)
(276	,303)
(70	,304)
(95	,304)
(99	,304)
(128	,304)
(248	,304)
(69	,305)
(108	,305)
(164	,305)
(213	,305)
(241	,305)
(81	,306)
(162	,306)
(206	,306)
(240	,306)
(287	,306)
(5	,307)
(18	,307)
(37	,307)
(283	,307)
(297	,307)
(102	,308)
(103	,308)
(131	,308)
(180	,308)
(199	,308)
(3	,309)
(28	,309)
(65	,309)
(90	,309)
(169	,309)
(25	,310)
(40	,310)
(71	,310)
(91	,310)
(93	,310)
(10	,311)
(28	,311)
(87	,311)
(141	,311)
(269	,311)
(2	,312)
(36	,312)
(43	,312)
(192	,312)
(229	,312)
(19	,313)
(63	,313)
(78	,313)
(206	,313)
(261	,313)
(41	,314)
(67	,314)
(110	,314)
(229	,314)
(282	,314)
(6	,315)
(43	,315)
(82	,315)
(159	,315)
(242	,315)
(12	,316)
(26	,316)
(222	,316)
(281	,316)
(310	,316)
(66	,317)
(68	,317)
(123	,317)
(135	,317)
(205	,317)
(12	,318)
(13	,318)
(84	,318)
(87	,318)
(110	,318)
(27	,319)
(89	,319)
(154	,319)
(259	,319)
(292	,319)
(13	,320)
(20	,320)
(22	,320)
(26	,320)
(152	,320)
(4	,321)
(55	,321)
(82	,321)
(119	,321)
(284	,321)
(14	,322)
(91	,322)
(138	,322)
(148	,322)
(279	,322)
(2	,323)
(3	,323)
(174	,323)
(297	,323)
(299	,323)
(147	,324)
(207	,324)
(208	,324)
(261	,324)
(285	,324)
(19	,325)
(21	,325)
(28	,325)
(89	,325)
(284	,325)
(12	,326)
(20	,326)
(49	,326)
(148	,326)
(308	,326)
(3	,327)
(150	,327)
(153	,327)
(194	,327)
(259	,327)
(48	,328)
(135	,328)
(150	,328)
(249	,328)
(316	,328)
(196	,329)
(198	,329)
(215	,329)
(256	,329)
(265	,329)
(52	,330)
(217	,330)
(273	,330)
(307	,330)
(311	,330)
(84	,331)
(89	,331)
(110	,331)
(247	,331)
(280	,331)
(2	,332)
(18	,332)
(21	,332)
(47	,332)
(278	,332)
(114	,333)
(150	,333)
(155	,333)
(215	,333)
(262	,333)
(93	,334)
(128	,334)
(161	,334)
(209	,334)
(211	,334)
(1	,335)
(4	,335)
(22	,335)
(41	,335)
(250	,335)
(136	,336)
(202	,336)
(212	,336)
(244	,336)
(255	,336)
(19	,337)
(20	,337)
(118	,337)
(205	,337)
(256	,337)
(78	,338)
(79	,338)
(108	,338)
(186	,338)
(196	,338)
(89	,339)
(114	,339)
(124	,339)
(136	,339)
(191	,339)
(85	,340)
(140	,340)
(154	,340)
(180	,340)
(289	,340)
(12	,341)
(149	,341)
(153	,341)
(169	,341)
(292	,341)
(9	,342)
(40	,342)
(63	,342)
(214	,342)
(224	,342)
(5	,343)
(108	,343)
(223	,343)
(250	,343)
(269	,343)
(6	,344)
(20	,344)
(200	,344)
(256	,344)
(337	,344)
(32	,345)
(56	,345)
(142	,345)
(312	,345)
(341	,345)
(14	,346)
(96	,346)
(270	,346)
(311	,346)
(334	,346)
(28	,347)
(51	,347)
(127	,347)
(128	,347)
(161	,347)
(18	,348)
(328	,348)
(333	,348)
(334	,348)
(344	,348)
(7	,349)
(13	,349)
(25	,349)
(215	,349)
(338	,349)
(63	,350)
(71	,350)
(159	,350)
(245	,350)
(268	,350)
(41	,351)
(138	,351)
(146	,351)
(218	,351)
(271	,351)
(4	,352)
(138	,352)
(155	,352)
(264	,352)
(320	,352)
(6	,353)
(11	,353)
(37	,353)
(115	,353)
(287	,353)
(58	,354)
(63	,354)
(138	,354)
(188	,354)
(315	,354)
(3	,355)
(141	,355)
(199	,355)
(239	,355)
(314	,355)
(2	,356)
(32	,356)
(94	,356)
(206	,356)
(325	,356)
(4	,357)
(9	,357)
(28	,357)
(37	,357)
(344	,357)
(4	,358)
(10	,358)
(21	,358)
(50	,358)
(257	,358)
(4	,359)
(32	,359)
(54	,359)
(136	,359)
(179	,359)
(11	,360)
(52	,360)
(204	,360)
(226	,360)
(326	,360)
(75	,361)
(77	,361)
(164	,361)
(222	,361)
(340	,361)
(49	,362)
(58	,362)
(185	,362)
(307	,362)
(330	,362)
(57	,363)
(112	,363)
(117	,363)
(144	,363)
(162	,363)
(8	,364)
(142	,364)
(199	,364)
(255	,364)
(319	,364)
(94	,365)
(99	,365)
(194	,365)
(222	,365)
(224	,365)
(19	,366)
(23	,366)
(40	,366)
(85	,366)
(222	,366)
(8	,367)
(44	,367)
(73	,367)
(82	,367)
(348	,367)
(14	,368)
(52	,368)
(63	,368)
(95	,368)
(196	,368)
(13	,369)
(43	,369)
(90	,369)
(308	,369)
(340	,369)
(30	,370)
(35	,370)
(123	,370)
(153	,370)
(272	,370)
(39	,371)
(78	,371)
(142	,371)
(217	,371)
(340	,371)
(19	,372)
(64	,372)
(98	,372)
(127	,372)
(159	,372)
(28	,373)
(55	,373)
(89	,373)
(103	,373)
(149	,373)
(9	,374)
(60	,374)
(140	,374)
(174	,374)
(323	,374)
(1	,375)
(83	,375)
(105	,375)
(157	,375)
(228	,375)
(153	,376)
(230	,376)
(268	,376)
(359	,376)
(369	,376)
(10	,377)
(56	,377)
(75	,377)
(101	,377)
(320	,377)
(76	,378)
(89	,378)
(146	,378)
(307	,378)
(350	,378)
(43	,379)
(86	,379)
(225	,379)
(364	,379)
(366	,379)
(24	,380)
(98	,380)
(116	,380)
(163	,380)
(266	,380)
(4	,381)
(32	,381)
(90	,381)
(222	,381)
(290	,381)
(56	,382)
(107	,382)
(122	,382)
(344	,382)
(361	,382)
(60	,383)
(129	,383)
(149	,383)
(321	,383)
(369	,383)
(32	,384)
(306	,384)
(318	,384)
(344	,384)
(369	,384)
(38	,385)
(89	,385)
(198	,385)
(217	,385)
(239	,385)
(43	,386)
(44	,386)
(48	,386)
(51	,386)
(217	,386)
(16	,387)
(22	,387)
(49	,387)
(175	,387)
(240	,387)
(50	,388)
(102	,388)
(117	,388)
(138	,388)
(159	,388)
(20	,389)
(204	,389)
(288	,389)
(327	,389)
(341	,389)
(17	,390)
(44	,390)
(51	,390)
(273	,390)
(382	,390)
(89	,391)
(158	,391)
(164	,391)
(261	,391)
(310	,391)
(7	,392)
(31	,392)
(72	,392)
(217	,392)
(352	,392)
(5	,393)
(31	,393)
(196	,393)
(265	,393)
(296	,393)
(40	,394)
(134	,394)
(203	,394)
(208	,394)
(360	,394)
(2	,395)
(141	,395)
(195	,395)
(243	,395)
(346	,395)
(47	,396)
(154	,396)
(161	,396)
(166	,396)
(300	,396)
(48	,397)
(138	,397)
(146	,397)
(164	,397)
(201	,397)
(139	,398)
(152	,398)
(153	,398)
(228	,398)
(392	,398)
(12	,399)
(24	,399)
(52	,399)
(185	,399)
(371	,399)
(44	,400)
(137	,400)
(236	,400)
(276	,400)
(393	,400)
(25	,401)
(154	,401)
(165	,401)
(240	,401)
(317	,401)
(2	,402)
(102	,402)
(146	,402)
(154	,402)
(310	,402)
(25	,403)
(202	,403)
(230	,403)
(286	,403)
(315	,403)
(15	,404)
(17	,404)
(37	,404)
(244	,404)
(275	,404)
(30	,405)
(57	,405)
(146	,405)
(235	,405)
(247	,405)
(68	,406)
(99	,406)
(131	,406)
(157	,406)
(349	,406)
(48	,407)
(57	,407)
(68	,407)
(90	,407)
(130	,407)
(2	,408)
(59	,408)
(98	,408)
(209	,408)
(232	,408)
(26	,409)
(64	,409)
(82	,409)
(302	,409)
(342	,409)
(125	,410)
(154	,410)
(224	,410)
(314	,410)
(335	,410)
(5	,411)
(14	,411)
(142	,411)
(300	,411)
(308	,411)
(4	,412)
(8	,412)
(154	,412)
(187	,412)
(400	,412)
(47	,413)
(95	,413)
(138	,413)
(247	,413)
(391	,413)
(32	,414)
(107	,414)
(217	,414)
(235	,414)
(336	,414)
(28	,415)
(32	,415)
(52	,415)
(65	,415)
(192	,415)
(8	,416)
(9	,416)
(220	,416)
(367	,416)
(415	,416)
(33	,417)
(68	,417)
(203	,417)
(257	,417)
(286	,417)
(13	,418)
(182	,418)
(207	,418)
(255	,418)
(361	,418)
(75	,419)
(102	,419)
(199	,419)
(203	,419)
(284	,419)
(38	,420)
(136	,420)
(274	,420)
(357	,420)
(410	,420)
(14	,421)
(110	,421)
(123	,421)
(167	,421)
(367	,421)
(100	,422)
(156	,422)
(277	,422)
(347	,422)
(372	,422)
(116	,423)
(156	,423)
(246	,423)
(280	,423)
(372	,423)
(228	,424)
(304	,424)
(326	,424)
(405	,424)
(423	,424)
(48	,425)
(134	,425)
(279	,425)
(287	,425)
(304	,425)
(17	,426)
(19	,426)
(37	,426)
(123	,426)
(168	,426)
(108	,427)
(340	,427)
(370	,427)
(390	,427)
(419	,427)
(65	,428)
(120	,428)
(217	,428)
(254	,428)
(373	,428)
(8	,429)
(41	,429)
(123	,429)
(191	,429)
(225	,429)
(12	,430)
(93	,430)
(217	,430)
(229	,430)
(264	,430)
(62	,431)
(72	,431)
(289	,431)
(313	,431)
(371	,431)
(4	,432)
(66	,432)
(101	,432)
(302	,432)
(408	,432)
(13	,433)
(22	,433)
(38	,433)
(108	,433)
(220	,433)
(49	,434)
(128	,434)
(219	,434)
(307	,434)
(369	,434)
(54	,435)
(163	,435)
(284	,435)
(329	,435)
(411	,435)
(17	,436)
(27	,436)
(189	,436)
(240	,436)
(282	,436)
(41	,437)
(96	,437)
(190	,437)
(352	,437)
(368	,437)
(30	,438)
(37	,438)
(153	,438)
(285	,438)
(379	,438)
(43	,439)
(44	,439)
(73	,439)
(169	,439)
(195	,439)
(13	,440)
(45	,440)
(109	,440)
(155	,440)
(269	,440)
(30	,441)
(76	,441)
(110	,441)
(167	,441)
(168	,441)
(12	,442)
(62	,442)
(65	,442)
(192	,442)
(260	,442)
(9	,443)
(49	,443)
(98	,443)
(210	,443)
(217	,443)
(13	,444)
(203	,444)
(359	,444)
(381	,444)
(438	,444)
(126	,445)
(179	,445)
(217	,445)
(267	,445)
(440	,445)
(24	,446)
(114	,446)
(143	,446)
(195	,446)
(424	,446)
(31	,447)
(147	,447)
(199	,447)
(223	,447)
(256	,447)
(89	,448)
(134	,448)
(208	,448)
(269	,448)
(439	,448)
(24	,449)
(45	,449)
(48	,449)
(61	,449)
(74	,449)
(55	,450)
(77	,450)
(246	,450)
(275	,450)
(388	,450)
(58	,451)
(64	,451)
(175	,451)
(205	,451)
(328	,451)
(44	,452)
(71	,452)
(153	,452)
(291	,452)
(407	,452)
(21	,453)
(22	,453)
(84	,453)
(312	,453)
(417	,453)
(1	,454)
(92	,454)
(137	,454)
(194	,454)
(255	,454)
(70	,455)
(152	,455)
(204	,455)
(207	,455)
(408	,455)
(90	,456)
(92	,456)
(204	,456)
(223	,456)
(390	,456)
(7	,457)
(61	,457)
(170	,457)
(339	,457)
(417	,457)
(13	,458)
(270	,458)
(292	,458)
(384	,458)
(401	,458)
(122	,459)
(278	,459)
(332	,459)
(421	,459)
(447	,459)
(17	,460)
(42	,460)
(105	,460)
(234	,460)
(257	,460)
(21	,461)
(68	,461)
(101	,461)
(251	,461)
(392	,461)
(7	,462)
(93	,462)
(140	,462)
(199	,462)
(246	,462)
(21	,463)
(111	,463)
(142	,463)
(227	,463)
(426	,463)
(89	,464)
(202	,464)
(208	,464)
(215	,464)
(458	,464)
(3	,465)
(38	,465)
(140	,465)
(230	,465)
(340	,465)
(30	,466)
(423	,466)
(427	,466)
(429	,466)
(445	,466)
(12	,467)
(42	,467)
(110	,467)
(266	,467)
(343	,467)
(14	,468)
(220	,468)
(243	,468)
(284	,468)
(380	,468)
(23	,469)
(30	,469)
(166	,469)
(206	,469)
(210	,469)
(10	,470)
(75	,470)
(141	,470)
(251	,470)
(381	,470)
(9	,471)
(78	,471)
(339	,471)
(406	,471)
(462	,471)
(4	,472)
(22	,472)
(56	,472)
(183	,472)
(218	,472)
(26	,473)
(30	,473)
(53	,473)
(161	,473)
(229	,473)
(137	,474)
(174	,474)
(217	,474)
(234	,474)
(334	,474)
(88	,475)
(241	,475)
(286	,475)
(300	,475)
(414	,475)
(21	,476)
(223	,476)
(367	,476)
(384	,476)
(403	,476)
(12	,477)
(44	,477)
(61	,477)
(111	,477)
(463	,477)
(21	,478)
(151	,478)
(152	,478)
(277	,478)
(339	,478)
(32	,479)
(68	,479)
(185	,479)
(223	,479)
(363	,479)
(7	,480)
(21	,480)
(164	,480)
(364	,480)
(451	,480)
(28	,481)
(42	,481)
(63	,481)
(248	,481)
(413	,481)
(52	,482)
(56	,482)
(108	,482)
(239	,482)
(343	,482)
(74	,483)
(313	,483)
(322	,483)
(391	,483)
(400	,483)
(28	,484)
(165	,484)
(217	,484)
(283	,484)
(385	,484)
(14	,485)
(15	,485)
(27	,485)
(169	,485)
(309	,485)
(119	,486)
(210	,486)
(234	,486)
(359	,486)
(377	,486)
(12	,487)
(17	,487)
(25	,487)
(58	,487)
(217	,487)
(3	,488)
(26	,488)
(72	,488)
(185	,488)
(435	,488)
(20	,489)
(28	,489)
(158	,489)
(339	,489)
(397	,489)
(122	,490)
(171	,490)
(185	,490)
(439	,490)
(441	,490)
(6	,491)
(45	,491)
(61	,491)
(327	,491)
(379	,491)
(23	,492)
(203	,492)
(294	,492)
(308	,492)
(311	,492)
(31	,493)
(46	,493)
(110	,493)
(188	,493)
(315	,493)
(168	,494)
(282	,494)
(293	,494)
(310	,494)
(418	,494)
(20	,495)
(212	,495)
(230	,495)
(317	,495)
(484	,495)
(21	,496)
(37	,496)
(48	,496)
(285	,496)
(297	,496)
(6	,497)
(8	,497)
(48	,497)
(137	,497)
(340	,497)
(38	,498)
(52	,498)
(75	,498)
(341	,498)
(473	,498)
(7	,499)
(113	,499)
(197	,499)
(231	,499)
(301	,499)
(1	,500)
(45	,500)
(51	,500)
(79	,500)
(114	,500)
(9	,501)
(78	,501)
(284	,501)
(314	,501)
(320	,501)
(6	,502)
(58	,502)
(119	,502)
(206	,502)
(326	,502)
(185	,503)
(347	,503)
(407	,503)
(418	,503)
(487	,503)
(247	,504)
(294	,504)
(345	,504)
(400	,504)
(424	,504)
(33	,505)
(55	,505)
(127	,505)
(160	,505)
(418	,505)
(57	,506)
(75	,506)
(229	,506)
(364	,506)
(366	,506)
(62	,507)
(67	,507)
(150	,507)
(384	,507)
(419	,507)
(19	,508)
(81	,508)
(237	,508)
(238	,508)
(331	,508)
(85	,509)
(246	,509)
(327	,509)
(361	,509)
(474	,509)
(8	,510)
(16	,510)
(339	,510)
(400	,510)
(482	,510)
(64	,511)
(217	,511)
(334	,511)
(411	,511)
(497	,511)
(10	,512)
(122	,512)
(140	,512)
(167	,512)
(485	,512)
(172	,513)
(289	,513)
(424	,513)
(466	,513)
(488	,513)
(13	,514)
(17	,514)
(67	,514)
(97	,514)
(370	,514)
(38	,515)
(93	,515)
(367	,515)
(447	,515)
(505	,515)
(20	,516)
(116	,516)
(149	,516)
(163	,516)
(383	,516)
(11	,517)
(19	,517)
(360	,517)
(396	,517)
(407	,517)
(8	,518)
(184	,518)
(213	,518)
(231	,518)
(348	,518)
(104	,519)
(218	,519)
(307	,519)
(382	,519)
(415	,519)
(10	,520)
(12	,520)
(16	,520)
(364	,520)
(393	,520)
(13	,521)
(59	,521)
(88	,521)
(209	,521)
(315	,521)
(54	,522)
(183	,522)
(194	,522)
(373	,522)
(389	,522)
(87	,523)
(143	,523)
(173	,523)
(215	,523)
(270	,523)
(44	,524)
(138	,524)
(176	,524)
(288	,524)
(406	,524)
(8	,525)
(25	,525)
(362	,525)
(374	,525)
(464	,525)
(2	,526)
(57	,526)
(127	,526)
(144	,526)
(234	,526)
(5	,527)
(87	,527)
(113	,527)
(189	,527)
(385	,527)
(84	,528)
(207	,528)
(235	,528)
(370	,528)
(428	,528)
(222	,529)
(296	,529)
(314	,529)
(440	,529)
(505	,529)
(38	,530)
(224	,530)
(237	,530)
(357	,530)
(491	,530)
(112	,531)
(128	,531)
(179	,531)
(181	,531)
(205	,531)
(36	,532)
(89	,532)
(230	,532)
(307	,532)
(522	,532)
(94	,533)
(194	,533)
(212	,533)
(231	,533)
(415	,533)
(85	,534)
(90	,534)
(99	,534)
(103	,534)
(439	,534)
(12	,535)
(40	,535)
(138	,535)
(247	,535)
(371	,535)
(4	,536)
(59	,536)
(340	,536)
(360	,536)
(424	,536)
(31	,537)
(162	,537)
(196	,537)
(291	,537)
(371	,537)
(8	,538)
(89	,538)
(117	,538)
(130	,538)
(268	,538)
(90	,539)
(109	,539)
(142	,539)
(148	,539)
(368	,539)
(29	,540)
(121	,540)
(178	,540)
(209	,540)
(222	,540)
(38	,541)
(103	,541)
(154	,541)
(163	,541)
(209	,541)
(17	,542)
(108	,542)
(267	,542)
(283	,542)
(472	,542)
(9	,543)
(20	,543)
(294	,543)
(450	,543)
(508	,543)
(24	,544)
(71	,544)
(138	,544)
(447	,544)
(496	,544)
(102	,545)
(121	,545)
(189	,545)
(266	,545)
(447	,545)
(46	,546)
(90	,546)
(95	,546)
(247	,546)
(466	,546)
(46	,547)
(76	,547)
(193	,547)
(201	,547)
(285	,547)
(56	,548)
(117	,548)
(200	,548)
(479	,548)
(491	,548)
(24	,549)
(27	,549)
(42	,549)
(279	,549)
(367	,549)
(22	,550)
(140	,550)
(248	,550)
(273	,550)
(384	,550)
(13	,551)
(93	,551)
(229	,551)
(317	,551)
(513	,551)
(72	,552)
(75	,552)
(77	,552)
(286	,552)
(424	,552)
(85	,553)
(101	,553)
(465	,553)
(473	,553)
(505	,553)
(32	,554)
(61	,554)
(288	,554)
(422	,554)
(445	,554)
(9	,555)
(140	,555)
(232	,555)
(310	,555)
(502	,555)
(4	,556)
(65	,556)
(230	,556)
(428	,556)
(519	,556)
(240	,557)
(338	,557)
(349	,557)
(376	,557)
(479	,557)
(46	,558)
(51	,558)
(87	,558)
(228	,558)
(339	,558)
(23	,559)
(30	,559)
(209	,559)
(517	,559)
(527	,559)
(41	,560)
(197	,560)
(216	,560)
(220	,560)
(249	,560)
(38	,561)
(92	,561)
(114	,561)
(195	,561)
(439	,561)
(156	,562)
(213	,562)
(283	,562)
(304	,562)
(476	,562)
(6	,563)
(57	,563)
(126	,563)
(275	,563)
(475	,563)
(55	,564)
(145	,564)
(283	,564)
(307	,564)
(479	,564)
(162	,565)
(358	,565)
(421	,565)
(483	,565)
(522	,565)
(4	,566)
(80	,566)
(158	,566)
(368	,566)
(523	,566)
(127	,567)
(192	,567)
(297	,567)
(512	,567)
(550	,567)
(63	,568)
(135	,568)
(181	,568)
(221	,568)
(249	,568)
(60	,569)
(349	,569)
(403	,569)
(434	,569)
(456	,569)
(10	,570)
(111	,570)
(164	,570)
(325	,570)
(416	,570)
(2	,571)
(165	,571)
(235	,571)
(471	,571)
(522	,571)
(2	,572)
(17	,572)
(155	,572)
(274	,572)
(314	,572)
(60	,573)
(236	,573)
(347	,573)
(426	,573)
(565	,573)
(65	,574)
(110	,574)
(283	,574)
(337	,574)
(340	,574)
(15	,575)
(168	,575)
(228	,575)
(484	,575)
(501	,575)
(13	,576)
(70	,576)
(167	,576)
(196	,576)
(199	,576)
(89	,577)
(163	,577)
(221	,577)
(291	,577)
(376	,577)
(138	,578)
(140	,578)
(339	,578)
(401	,578)
(422	,578)
(9	,579)
(17	,579)
(190	,579)
(495	,579)
(506	,579)
(39	,580)
(44	,580)
(274	,580)
(428	,580)
(491	,580)
(32	,581)
(36	,581)
(95	,581)
(349	,581)
(493	,581)
(13	,582)
(25	,582)
(98	,582)
(110	,582)
(428	,582)
(45	,583)
(105	,583)
(124	,583)
(475	,583)
(533	,583)
(12	,584)
(41	,584)
(68	,584)
(74	,584)
(131	,584)
(3	,585)
(38	,585)
(138	,585)
(155	,585)
(529	,585)
(8	,586)
(31	,586)
(117	,586)
(249	,586)
(578	,586)
(36	,587)
(39	,587)
(91	,587)
(130	,587)
(430	,587)
(76	,588)
(81	,588)
(144	,588)
(493	,588)
(541	,588)
(66	,589)
(153	,589)
(202	,589)
(255	,589)
(340	,589)
(32	,590)
(180	,590)
(191	,590)
(364	,590)
(512	,590)
(48	,591)
(93	,591)
(180	,591)
(313	,591)
(580	,591)
(28	,592)
(84	,592)
(151	,592)
(392	,592)
(500	,592)
(99	,593)
(101	,593)
(430	,593)
(530	,593)
(578	,593)
(29	,594)
(42	,594)
(44	,594)
(318	,594)
(361	,594)
(32	,595)
(46	,595)
(223	,595)
(310	,595)
(516	,595)
(34	,596)
(80	,596)
(91	,596)
(258	,596)
(540	,596)
(110	,597)
(169	,597)
(365	,597)
(382	,597)
(521	,597)
(88	,598)
(113	,598)
(117	,598)
(155	,598)
(161	,598)
(75	,599)
(294	,599)
(372	,599)
(392	,599)
(582	,599)
(12	,600)
(22	,600)
(38	,600)
(247	,600)
(413	,600)
(51	,601)
(74	,601)
(156	,601)
(253	,601)
(490	,601)
(2	,602)
(21	,602)
(27	,602)
(48	,602)
(365	,602)
(20	,603)
(33	,603)
(85	,603)
(103	,603)
(255	,603)
(24	,604)
(138	,604)
(154	,604)
(204	,604)
(369	,604)
(47	,605)
(102	,605)
(159	,605)
(445	,605)
(453	,605)
(56	,606)
(453	,606)
(457	,606)
(458	,606)
(580	,606)
(23	,607)
(121	,607)
(240	,607)
(322	,607)
(333	,607)
(86	,608)
(124	,608)
(190	,608)
(446	,608)
(594	,608)
(138	,609)
(170	,609)
(174	,609)
(513	,609)
(531	,609)
(19	,610)
(44	,610)
(70	,610)
(158	,610)
(529	,610)
(192	,611)
(209	,611)
(282	,611)
(292	,611)
(451	,611)
(119	,612)
(199	,612)
(224	,612)
(298	,612)
(386	,612)
(24	,613)
(404	,613)
(510	,613)
(512	,613)
(574	,613)
(4	,614)
(6	,614)
(90	,614)
(251	,614)
(365	,614)
(5	,615)
(223	,615)
(388	,615)
(530	,615)
(592	,615)
(129	,616)
(175	,616)
(447	,616)
(482	,616)
(591	,616)
(25	,617)
(56	,617)
(74	,617)
(600	,617)
(606	,617)
(178	,618)
(304	,618)
(356	,618)
(388	,618)
(557	,618)
(14	,619)
(38	,619)
(337	,619)
(441	,619)
(572	,619)
(137	,620)
(248	,620)
(370	,620)
(389	,620)
(437	,620)
(7	,621)
(77	,621)
(86	,621)
(90	,621)
(494	,621)
(15	,622)
(27	,622)
(237	,622)
(352	,622)
(619	,622)
(20	,623)
(26	,623)
(89	,623)
(317	,623)
(508	,623)
(2	,624)
(171	,624)
(174	,624)
(308	,624)
(616	,624)
(10	,625)
(35	,625)
(111	,625)
(196	,625)
(276	,625)
(3	,626)
(95	,626)
(110	,626)
(283	,626)
(496	,626)
(140	,627)
(224	,627)
(267	,627)
(564	,627)
(619	,627)
(47	,628)
(104	,628)
(192	,628)
(307	,628)
(442	,628)
(40	,629)
(49	,629)
(165	,629)
(248	,629)
(251	,629)
(15	,630)
(21	,630)
(113	,630)
(297	,630)
(317	,630)
(25	,631)
(82	,631)
(449	,631)
(547	,631)
(566	,631)
(2	,632)
(98	,632)
(427	,632)
(447	,632)
(544	,632)
(8	,633)
(121	,633)
(153	,633)
(462	,633)
(484	,633)
(89	,634)
(267	,634)
(323	,634)
(436	,634)
(450	,634)
(11	,635)
(50	,635)
(334	,635)
(356	,635)
(393	,635)
(14	,636)
(57	,636)
(217	,636)
(418	,636)
(448	,636)
(107	,637)
(147	,637)
(179	,637)
(211	,637)
(247	,637)
(196	,638)
(205	,638)
(401	,638)
(414	,638)
(582	,638)
(1	,639)
(248	,639)
(283	,639)
(439	,639)
(516	,639)
(50	,640)
(172	,640)
(201	,640)
(474	,640)
(598	,640)
(9	,641)
(25	,641)
(372	,641)
(535	,641)
(622	,641)
(130	,642)
(275	,642)
(317	,642)
(387	,642)
(587	,642)
(89	,643)
(99	,643)
(149	,643)
(268	,643)
(276	,643)
(70	,644)
(201	,644)
(366	,644)
(474	,644)
(628	,644)
(14	,645)
(104	,645)
(473	,645)
(562	,645)
(580	,645)
(9	,646)
(28	,646)
(248	,646)
(297	,646)
(492	,646)
(64	,647)
(66	,647)
(87	,647)
(460	,647)
(597	,647)
(23	,648)
(106	,648)
(140	,648)
(365	,648)
(459	,648)
(13	,649)
(28	,649)
(30	,649)
(157	,649)
(542	,649)
(264	,650)
(378	,650)
(403	,650)
(607	,650)
(639	,650)
(123	,651)
(316	,651)
(558	,651)
(602	,651)
(641	,651)
(23	,652)
(45	,652)
(57	,652)
(108	,652)
(623	,652)
(121	,653)
(166	,653)
(183	,653)
(219	,653)
(574	,653)
(215	,654)
(399	,654)
(459	,654)
(478	,654)
(540	,654)
(3	,655)
(37	,655)
(106	,655)
(371	,655)
(473	,655)
(11	,656)
(12	,656)
(31	,656)
(106	,656)
(503	,656)
(2	,657)
(186	,657)
(245	,657)
(438	,657)
(573	,657)
(39	,658)
(76	,658)
(96	,658)
(278	,658)
(372	,658)
(110	,659)
(147	,659)
(324	,659)
(358	,659)
(604	,659)
(12	,660)
(13	,660)
(85	,660)
(140	,660)
(475	,660)
(15	,661)
(152	,661)
(295	,661)
(396	,661)
(584	,661)
(8	,662)
(10	,662)
(352	,662)
(353	,662)
(654	,662)
(127	,663)
(242	,663)
(244	,663)
(524	,663)
(611	,663)
(30	,664)
(238	,664)
(347	,664)
(428	,664)
(590	,664)
(15	,665)
(46	,665)
(395	,665)
(493	,665)
(654	,665)
(49	,666)
(126	,666)
(495	,666)
(513	,666)
(532	,666)
(51	,667)
(89	,667)
(91	,667)
(361	,667)
(660	,667)
(45	,668)
(306	,668)
(323	,668)
(481	,668)
(512	,668)
(19	,669)
(81	,669)
(173	,669)
(377	,669)
(431	,669)
(80	,670)
(90	,670)
(214	,670)
(218	,670)
(657	,670)
(81	,671)
(87	,671)
(324	,671)
(353	,671)
(485	,671)
(50	,672)
(58	,672)
(248	,672)
(566	,672)
(625	,672)
(57	,673)
(82	,673)
(210	,673)
(234	,673)
(259	,673)
(85	,674)
(253	,674)
(402	,674)
(497	,674)
(620	,674)
(4	,675)
(89	,675)
(93	,675)
(558	,675)
(621	,675)
(15	,676)
(86	,676)
(121	,676)
(340	,676)
(410	,676)
(119	,677)
(227	,677)
(325	,677)
(505	,677)
(631	,677)
(19	,678)
(114	,678)
(247	,678)
(277	,678)
(671	,678)
(45	,679)
(64	,679)
(119	,679)
(348	,679)
(542	,679)
(248	,680)
(275	,680)
(408	,680)
(465	,680)
(656	,680)
(78	,681)
(110	,681)
(280	,681)
(413	,681)
(584	,681)
(166	,682)
(255	,682)
(291	,682)
(461	,682)
(499	,682)
(110	,683)
(230	,683)
(307	,683)
(387	,683)
(501	,683)
(323	,684)
(357	,684)
(448	,684)
(569	,684)
(591	,684)
(59	,685)
(134	,685)
(229	,685)
(241	,685)
(321	,685)
(6	,686)
(208	,686)
(529	,686)
(588	,686)
(620	,686)
(49	,687)
(97	,687)
(180	,687)
(223	,687)
(347	,687)
(9	,688)
(229	,688)
(241	,688)
(316	,688)
(413	,688)
(11	,689)
(21	,689)
(51	,689)
(69	,689)
(168	,689)
(58	,690)
(87	,690)
(154	,690)
(300	,690)
(333	,690)
(176	,691)
(240	,691)
(377	,691)
(589	,691)
(590	,691)
(53	,692)
(105	,692)
(304	,692)
(581	,692)
(638	,692)
(12	,693)
(186	,693)
(216	,693)
(458	,693)
(477	,693)
(25	,694)
(92	,694)
(246	,694)
(265	,694)
(444	,694)
(62	,695)
(317	,695)
(398	,695)
(405	,695)
(688	,695)
(71	,696)
(79	,696)
(180	,696)
(494	,696)
(664	,696)
(84	,697)
(98	,697)
(173	,697)
(293	,697)
(692	,697)
(79	,698)
(195	,698)
(347	,698)
(361	,698)
(425	,698)
(35	,699)
(44	,699)
(74	,699)
(407	,699)
(698	,699)
(9	,700)
(125	,700)
(319	,700)
(466	,700)
(690	,700)
(217	,701)
(325	,701)
(458	,701)
(519	,701)
(682	,701)
(7	,702)
(53	,702)
(440	,702)
(667	,702)
(691	,702)
(12	,703)
(115	,703)
(345	,703)
(488	,703)
(614	,703)
(93	,704)
(142	,704)
(278	,704)
(340	,704)
(436	,704)
(266	,705)
(396	,705)
(481	,705)
(518	,705)
(567	,705)
(8	,706)
(199	,706)
(208	,706)
(362	,706)
(449	,706)
(32	,707)
(39	,707)
(135	,707)
(439	,707)
(527	,707)
(61	,708)
(130	,708)
(255	,708)
(668	,708)
(702	,708)
(3	,709)
(129	,709)
(147	,709)
(364	,709)
(442	,709)
(49	,710)
(153	,710)
(251	,710)
(300	,710)
(689	,710)
(21	,711)
(265	,711)
(332	,711)
(424	,711)
(667	,711)
(109	,712)
(254	,712)
(473	,712)
(520	,712)
(619	,712)
(151	,713)
(171	,713)
(461	,713)
(533	,713)
(692	,713)
(14	,714)
(53	,714)
(278	,714)
(349	,714)
(548	,714)
(31	,715)
(55	,715)
(97	,715)
(373	,715)
(612	,715)
(24	,716)
(559	,716)
(622	,716)
(632	,716)
(715	,716)
(21	,717)
(67	,717)
(246	,717)
(520	,717)
(551	,717)
(12	,718)
(59	,718)
(435	,718)
(574	,718)
(665	,718)
(49	,719)
(354	,719)
(550	,719)
(589	,719)
(717	,719)
(85	,720)
(425	,720)
(476	,720)
(675	,720)
(703	,720)
(205	,721)
(402	,721)
(462	,721)
(502	,721)
(710	,721)
(3	,722)
(51	,722)
(76	,722)
(112	,722)
(431	,722)
(110	,723)
(203	,723)
(280	,723)
(286	,723)
(348	,723)
(9	,724)
(32	,724)
(178	,724)
(195	,724)
(705	,724)
(171	,725)
(222	,725)
(227	,725)
(438	,725)
(614	,725)
(5	,726)
(293	,726)
(302	,726)
(553	,726)
(582	,726)
(36	,727)
(51	,727)
(100	,727)
(245	,727)
(408	,727)
(92	,728)
(295	,728)
(310	,728)
(611	,728)
(625	,728)
(1	,729)
(22	,729)
(192	,729)
(221	,729)
(546	,729)
(49	,730)
(128	,730)
(199	,730)
(223	,730)
(707	,730)
(12	,731)
(141	,731)
(236	,731)
(446	,731)
(511	,731)
(88	,732)
(139	,732)
(259	,732)
(262	,732)
(349	,732)
(87	,733)
(138	,733)
(196	,733)
(441	,733)
(670	,733)
(115	,734)
(228	,734)
(301	,734)
(546	,734)
(670	,734)
(8	,735)
(23	,735)
(307	,735)
(463	,735)
(532	,735)
(38	,736)
(55	,736)
(97	,736)
(372	,736)
(528	,736)
(68	,737)
(78	,737)
(382	,737)
(498	,737)
(558	,737)
(203	,738)
(289	,738)
(372	,738)
(387	,738)
(681	,738)
(208	,739)
(292	,739)
(369	,739)
(414	,739)
(521	,739)
(86	,740)
(139	,740)
(369	,740)
(541	,740)
(695	,740)
(24	,741)
(28	,741)
(196	,741)
(347	,741)
(673	,741)
(31	,742)
(123	,742)
(234	,742)
(523	,742)
(680	,742)
(24	,743)
(110	,743)
(268	,743)
(372	,743)
(604	,743)
(179	,744)
(187	,744)
(308	,744)
(490	,744)
(513	,744)
(23	,745)
(36	,745)
(333	,745)
(372	,745)
(625	,745)
(52	,746)
(275	,746)
(363	,746)
(475	,746)
(545	,746)
(10	,747)
(131	,747)
(133	,747)
(288	,747)
(567	,747)
(111	,748)
(481	,748)
(495	,748)
(544	,748)
(627	,748)
(182	,749)
(220	,749)
(232	,749)
(524	,749)
(695	,749)
(31	,750)
(121	,750)
(129	,750)
(256	,750)
(504	,750)
(21	,751)
(117	,751)
(362	,751)
(681	,751)
(717	,751)
(8	,752)
(49	,752)
(215	,752)
(305	,752)
(501	,752)
(22	,753)
(49	,753)
(98	,753)
(110	,753)
(534	,753)
(89	,754)
(116	,754)
(266	,754)
(330	,754)
(458	,754)
(99	,755)
(115	,755)
(362	,755)
(613	,755)
(731	,755)
(3	,756)
(51	,756)
(213	,756)
(482	,756)
(552	,756)
(2	,757)
(147	,757)
(228	,757)
(469	,757)
(528	,757)
(11	,758)
(12	,758)
(219	,758)
(558	,758)
(656	,758)
(145	,759)
(230	,759)
(259	,759)
(444	,759)
(495	,759)
(24	,760)
(110	,760)
(190	,760)
(298	,760)
(672	,760)
(89	,761)
(317	,761)
(323	,761)
(515	,761)
(637	,761)
(36	,762)
(423	,762)
(429	,762)
(484	,762)
(739	,762)
(110	,763)
(165	,763)
(263	,763)
(264	,763)
(385	,763)
(2	,764)
(32	,764)
(37	,764)
(489	,764)
(737	,764)
(32	,765)
(93	,765)
(325	,765)
(607	,765)
(744	,765)
(158	,766)
(228	,766)
(288	,766)
(501	,766)
(526	,766)
(31	,767)
(53	,767)
(341	,767)
(526	,767)
(658	,767)
(37	,768)
(624	,768)
(643	,768)
(724	,768)
(749	,768)
(55	,769)
(369	,769)
(390	,769)
(578	,769)
(683	,769)
(10	,770)
(23	,770)
(381	,770)
(467	,770)
(514	,770)
(1	,771)
(16	,771)
(125	,771)
(484	,771)
(507	,771)
(68	,772)
(81	,772)
(314	,772)
(366	,772)
(490	,772)
(10	,773)
(47	,773)
(347	,773)
(512	,773)
(517	,773)
(9	,774)
(114	,774)
(123	,774)
(125	,774)
(134	,774)
(294	,775)
(449	,775)
(453	,775)
(517	,775)
(595	,775)
(81	,776)
(107	,776)
(127	,776)
(282	,776)
(753	,776)
(24	,777)
(61	,777)
(162	,777)
(246	,777)
(531	,777)
(88	,778)
(156	,778)
(163	,778)
(210	,778)
(584	,778)
(107	,779)
(108	,779)
(286	,779)
(303	,779)
(516	,779)
(123	,780)
(138	,780)
(271	,780)
(323	,780)
(485	,780)
(143	,781)
(321	,781)
(340	,781)
(368	,781)
(382	,781)
(4	,782)
(82	,782)
(126	,782)
(337	,782)
(394	,782)
(231	,783)
(251	,783)
(331	,783)
(519	,783)
(665	,783)
(2	,784)
(7	,784)
(38	,784)
(550	,784)
(741	,784)
(20	,785)
(56	,785)
(153	,785)
(158	,785)
(337	,785)
(76	,786)
(356	,786)
(457	,786)
(684	,786)
(712	,786)
(145	,787)
(160	,787)
(393	,787)
(625	,787)
(636	,787)
(180	,788)
(416	,788)
(663	,788)
(703	,788)
(750	,788)
(41	,789)
(169	,789)
(478	,789)
(659	,789)
(670	,789)
(31	,790)
(44	,790)
(231	,790)
(597	,790)
(641	,790)
(13	,791)
(211	,791)
(374	,791)
(531	,791)
(654	,791)
(23	,792)
(205	,792)
(225	,792)
(422	,792)
(604	,792)
(89	,793)
(98	,793)
(266	,793)
(533	,793)
(576	,793)
(122	,794)
(283	,794)
(474	,794)
(611	,794)
(663	,794)
(87	,795)
(125	,795)
(317	,795)
(422	,795)
(499	,795)
(30	,796)
(76	,796)
(103	,796)
(596	,796)
(690	,796)
(17	,797)
(30	,797)
(255	,797)
(350	,797)
(458	,797)
(46	,798)
(509	,798)
(546	,798)
(593	,798)
(641	,798)
(2	,799)
(14	,799)
(155	,799)
(342	,799)
(553	,799)
(24	,800)
(95	,800)
(299	,800)
(485	,800)
(555	,800)
(77	,801)
(182	,801)
(199	,801)
(228	,801)
(664	,801)
(16	,802)
(106	,802)
(153	,802)
(181	,802)
(459	,802)
(3	,803)
(115	,803)
(228	,803)
(501	,803)
(608	,803)
(42	,804)
(116	,804)
(299	,804)
(375	,804)
(590	,804)
(145	,805)
(149	,805)
(614	,805)
(658	,805)
(681	,805)
(24	,806)
(51	,806)
(66	,806)
(129	,806)
(346	,806)
(44	,807)
(285	,807)
(356	,807)
(500	,807)
(626	,807)
(45	,808)
(86	,808)
(135	,808)
(318	,808)
(474	,808)
(209	,809)
(447	,809)
(581	,809)
(640	,809)
(713	,809)
(9	,810)
(99	,810)
(348	,810)
(387	,810)
(798	,810)
(97	,811)
(184	,811)
(288	,811)
(639	,811)
(762	,811)
(139	,812)
(551	,812)
(573	,812)
(585	,812)
(728	,812)
(37	,813)
(65	,813)
(216	,813)
(284	,813)
(528	,813)
(1	,814)
(22	,814)
(627	,814)
(689	,814)
(795	,814)
(139	,815)
(320	,815)
(488	,815)
(554	,815)
(600	,815)
(30	,816)
(202	,816)
(316	,816)
(607	,816)
(644	,816)
(17	,817)
(273	,817)
(626	,817)
(647	,817)
(777	,817)
(4	,818)
(5	,818)
(32	,818)
(90	,818)
(578	,818)
(183	,819)
(200	,819)
(348	,819)
(410	,819)
(551	,819)
(24	,820)
(245	,820)
(370	,820)
(417	,820)
(700	,820)
(25	,821)
(71	,821)
(222	,821)
(325	,821)
(462	,821)
(131	,822)
(283	,822)
(405	,822)
(761	,822)
(801	,822)
(159	,823)
(349	,823)
(443	,823)
(591	,823)
(608	,823)
(55	,824)
(65	,824)
(428	,824)
(562	,824)
(624	,824)
(35	,825)
(45	,825)
(88	,825)
(316	,825)
(528	,825)
(10	,826)
(127	,826)
(283	,826)
(303	,826)
(683	,826)
(201	,827)
(255	,827)
(329	,827)
(343	,827)
(548	,827)
(99	,828)
(259	,828)
(362	,828)
(470	,828)
(566	,828)
(130	,829)
(196	,829)
(241	,829)
(656	,829)
(671	,829)
(93	,830)
(152	,830)
(164	,830)
(548	,830)
(724	,830)
(11	,831)
(17	,831)
(356	,831)
(377	,831)
(503	,831)
(12	,832)
(38	,832)
(129	,832)
(404	,832)
(618	,832)
(147	,833)
(158	,833)
(333	,833)
(737	,833)
(800	,833)
(147	,834)
(537	,834)
(656	,834)
(703	,834)
(768	,834)
(33	,835)
(82	,835)
(192	,835)
(552	,835)
(673	,835)
(105	,836)
(180	,836)
(327	,836)
(329	,836)
(728	,836)
(25	,837)
(58	,837)
(169	,837)
(334	,837)
(695	,837)
(51	,838)
(76	,838)
(325	,838)
(591	,838)
(684	,838)
(23	,839)
(67	,839)
(90	,839)
(481	,839)
(516	,839)
(113	,840)
(217	,840)
(401	,840)
(551	,840)
(791	,840)
(86	,841)
(118	,841)
(186	,841)
(388	,841)
(435	,841)
(113	,842)
(182	,842)
(220	,842)
(457	,842)
(574	,842)
(22	,843)
(35	,843)
(173	,843)
(205	,843)
(386	,843)
(5	,844)
(68	,844)
(341	,844)
(380	,844)
(551	,844)
(90	,845)
(354	,845)
(387	,845)
(535	,845)
(742	,845)
(323	,846)
(351	,846)
(398	,846)
(625	,846)
(803	,846)
(117	,847)
(274	,847)
(309	,847)
(794	,847)
(818	,847)
(101	,848)
(323	,848)
(602	,848)
(694	,848)
(745	,848)
(32	,849)
(35	,849)
(187	,849)
(331	,849)
(665	,849)
(123	,850)
(523	,850)
(702	,850)
(717	,850)
(841	,850)
(148	,851)
(187	,851)
(288	,851)
(670	,851)
(820	,851)
(45	,852)
(103	,852)
(163	,852)
(181	,852)
(216	,852)
(27	,853)
(41	,853)
(576	,853)
(667	,853)
(784	,853)
(140	,854)
(308	,854)
(723	,854)
(781	,854)
(832	,854)
(2	,855)
(58	,855)
(517	,855)
(684	,855)
(751	,855)
(292	,856)
(369	,856)
(425	,856)
(587	,856)
(698	,856)
(8	,857)
(40	,857)
(217	,857)
(435	,857)
(505	,857)
(112	,858)
(143	,858)
(201	,858)
(500	,858)
(642	,858)
(11	,859)
(57	,859)
(369	,859)
(642	,859)
(662	,859)
(50	,860)
(76	,860)
(341	,860)
(433	,860)
(671	,860)
(96	,861)
(106	,861)
(404	,861)
(484	,861)
(554	,861)
(56	,862)
(275	,862)
(332	,862)
(406	,862)
(438	,862)
(534	,863)
(734	,863)
(775	,863)
(786	,863)
(844	,863)
(24	,864)
(150	,864)
(221	,864)
(639	,864)
(713	,864)
(12	,865)
(38	,865)
(336	,865)
(628	,865)
(724	,865)
(2	,866)
(27	,866)
(94	,866)
(123	,866)
(632	,866)
(35	,867)
(286	,867)
(310	,867)
(608	,867)
(782	,867)
(2	,868)
(10	,868)
(102	,868)
(223	,868)
(674	,868)
(35	,869)
(89	,869)
(175	,869)
(321	,869)
(799	,869)
(65	,870)
(155	,870)
(265	,870)
(784	,870)
(802	,870)
(10	,871)
(211	,871)
(415	,871)
(485	,871)
(601	,871)
(32	,872)
(61	,872)
(130	,872)
(563	,872)
(589	,872)
(82	,873)
(192	,873)
(288	,873)
(453	,873)
(464	,873)
(287	,874)
(540	,874)
(646	,874)
(711	,874)
(771	,874)
(11	,875)
(21	,875)
(131	,875)
(435	,875)
(812	,875)
(43	,876)
(82	,876)
(146	,876)
(628	,876)
(707	,876)
(149	,877)
(154	,877)
(204	,877)
(306	,877)
(751	,877)
(3	,878)
(21	,878)
(57	,878)
(130	,878)
(603	,878)
(128	,879)
(208	,879)
(217	,879)
(222	,879)
(697	,879)
(119	,880)
(134	,880)
(149	,880)
(247	,880)
(808	,880)
(82	,881)
(115	,881)
(244	,881)
(385	,881)
(467	,881)
(230	,882)
(613	,882)
(627	,882)
(662	,882)
(775	,882)
(35	,883)
(151	,883)
(247	,883)
(537	,883)
(609	,883)
(146	,884)
(238	,884)
(275	,884)
(361	,884)
(476	,884)
(153	,885)
(221	,885)
(268	,885)
(711	,885)
(789	,885)
(20	,886)
(101	,886)
(140	,886)
(265	,886)
(806	,886)
(17	,887)
(220	,887)
(476	,887)
(525	,887)
(626	,887)
(9	,888)
(21	,888)
(246	,888)
(567	,888)
(862	,888)
(98	,889)
(124	,889)
(224	,889)
(368	,889)
(781	,889)
(31	,890)
(244	,890)
(306	,890)
(548	,890)
(582	,890)
(16	,891)
(155	,891)
(196	,891)
(237	,891)
(559	,891)
(267	,892)
(288	,892)
(329	,892)
(647	,892)
(706	,892)
(12	,893)
(67	,893)
(257	,893)
(368	,893)
(551	,893)
(109	,894)
(246	,894)
(628	,894)
(654	,894)
(849	,894)
(63	,895)
(100	,895)
(136	,895)
(755	,895)
(859	,895)
(28	,896)
(351	,896)
(369	,896)
(618	,896)
(766	,896)
(9	,897)
(17	,897)
(126	,897)
(533	,897)
(887	,897)
(171	,898)
(265	,898)
(550	,898)
(626	,898)
(873	,898)
(10	,899)
(328	,899)
(364	,899)
(738	,899)
(786	,899)
(171	,900)
(407	,900)
(568	,900)
(638	,900)
(786	,900)
(72	,901)
(74	,901)
(531	,901)
(581	,901)
(679	,901)
(56	,902)
(181	,902)
(195	,902)
(337	,902)
(893	,902)
(4	,903)
(301	,903)
(344	,903)
(474	,903)
(665	,903)
(6	,904)
(74	,904)
(495	,904)
(593	,904)
(893	,904)
(42	,905)
(49	,905)
(632	,905)
(653	,905)
(751	,905)
(12	,906)
(23	,906)
(219	,906)
(266	,906)
(784	,906)
(55	,907)
(128	,907)
(291	,907)
(305	,907)
(738	,907)
(2	,908)
(7	,908)
(21	,908)
(79	,908)
(551	,908)
(164	,909)
(237	,909)
(278	,909)
(294	,909)
(413	,909)
(2	,910)
(205	,910)
(574	,910)
(639	,910)
(644	,910)
(1	,911)
(53	,911)
(213	,911)
(634	,911)
(674	,911)
(374	,912)
(387	,912)
(406	,912)
(640	,912)
(758	,912)
(75	,913)
(311	,913)
(338	,913)
(495	,913)
(813	,913)
(351	,914)
(360	,914)
(459	,914)
(489	,914)
(638	,914)
(9	,915)
(36	,915)
(57	,915)
(71	,915)
(750	,915)
(17	,916)
(109	,916)
(262	,916)
(636	,916)
(739	,916)
(18	,917)
(119	,917)
(274	,917)
(729	,917)
(785	,917)
(20	,918)
(38	,918)
(271	,918)
(475	,918)
(529	,918)
(121	,919)
(212	,919)
(246	,919)
(385	,919)
(504	,919)
(51	,920)
(291	,920)
(464	,920)
(712	,920)
(745	,920)
(75	,921)
(466	,921)
(540	,921)
(569	,921)
(611	,921)
(254	,922)
(373	,922)
(455	,922)
(457	,922)
(516	,922)
(21	,923)
(441	,923)
(590	,923)
(749	,923)
(898	,923)
(155	,924)
(524	,924)
(555	,924)
(716	,924)
(721	,924)
(344	,925)
(461	,925)
(628	,925)
(654	,925)
(693	,925)
(60	,926)
(349	,926)
(525	,926)
(548	,926)
(900	,926)
(80	,927)
(529	,927)
(620	,927)
(635	,927)
(693	,927)
(151	,928)
(415	,928)
(423	,928)
(794	,928)
(860	,928)
(105	,929)
(136	,929)
(371	,929)
(604	,929)
(896	,929)
(106	,930)
(158	,930)
(427	,930)
(565	,930)
(887	,930)
(208	,931)
(272	,931)
(305	,931)
(654	,931)
(809	,931)
(40	,932)
(163	,932)
(184	,932)
(424	,932)
(565	,932)
(14	,933)
(73	,933)
(215	,933)
(398	,933)
(675	,933)
(10	,934)
(97	,934)
(271	,934)
(538	,934)
(779	,934)
(17	,935)
(35	,935)
(154	,935)
(816	,935)
(899	,935)
(126	,936)
(446	,936)
(491	,936)
(670	,936)
(870	,936)
(22	,937)
(323	,937)
(445	,937)
(838	,937)
(847	,937)
(214	,938)
(293	,938)
(325	,938)
(525	,938)
(577	,938)
(7	,939)
(32	,939)
(326	,939)
(483	,939)
(600	,939)
(6	,940)
(12	,940)
(473	,940)
(699	,940)
(706	,940)
(294	,941)
(420	,941)
(543	,941)
(576	,941)
(676	,941)
(2	,942)
(20	,942)
(24	,942)
(100	,942)
(164	,942)
(18	,943)
(38	,943)
(373	,943)
(697	,943)
(873	,943)
(400	,944)
(525	,944)
(824	,944)
(842	,944)
(934	,944)
(68	,945)
(73	,945)
(117	,945)
(132	,945)
(155	,945)
(104	,946)
(144	,946)
(164	,946)
(212	,946)
(319	,946)
(277	,947)
(585	,947)
(666	,947)
(809	,947)
(914	,947)
(119	,948)
(138	,948)
(200	,948)
(349	,948)
(737	,948)
(255	,949)
(265	,949)
(597	,949)
(603	,949)
(914	,949)
(28	,950)
(152	,950)
(247	,950)
(372	,950)
(411	,950)
(24	,951)
(38	,951)
(153	,951)
(155	,951)
(266	,951)
(14	,952)
(226	,952)
(230	,952)
(354	,952)
(576	,952)
(37	,953)
(44	,953)
(60	,953)
(93	,953)
(129	,953)
(89	,954)
(434	,954)
(489	,954)
(583	,954)
(670	,954)
(8	,955)
(38	,955)
(214	,955)
(288	,955)
(449	,955)
(19	,956)
(108	,956)
(283	,956)
(760	,956)
(811	,956)
(149	,957)
(188	,957)
(364	,957)
(392	,957)
(701	,957)
(28	,958)
(60	,958)
(535	,958)
(881	,958)
(948	,958)
(51	,959)
(128	,959)
(695	,959)
(887	,959)
(949	,959)
(40	,960)
(110	,960)
(236	,960)
(844	,960)
(896	,960)
(51	,961)
(360	,961)
(426	,961)
(774	,961)
(900	,961)
(139	,962)
(251	,962)
(293	,962)
(382	,962)
(767	,962)
(4	,963)
(372	,963)
(616	,963)
(722	,963)
(848	,963)
(6	,964)
(247	,964)
(359	,964)
(849	,964)
(851	,964)
(124	,965)
(742	,965)
(749	,965)
(846	,965)
(871	,965)
(44	,966)
(367	,966)
(418	,966)
(479	,966)
(936	,966)
(213	,967)
(383	,967)
(403	,967)
(563	,967)
(574	,967)
(249	,968)
(569	,968)
(678	,968)
(892	,968)
(956	,968)
(10	,969)
(17	,969)
(49	,969)
(597	,969)
(846	,969)
(54	,970)
(55	,970)
(65	,970)
(697	,970)
(916	,970)
(39	,971)
(48	,971)
(317	,971)
(802	,971)
(893	,971)
(57	,972)
(111	,972)
(118	,972)
(439	,972)
(653	,972)
(35	,973)
(52	,973)
(398	,973)
(469	,973)
(873	,973)
(96	,974)
(189	,974)
(619	,974)
(913	,974)
(932	,974)
(36	,975)
(99	,975)
(123	,975)
(379	,975)
(669	,975)
(73	,976)
(136	,976)
(529	,976)
(613	,976)
(645	,976)
(7	,977)
(36	,977)
(38	,977)
(80	,977)
(306	,977)
(99	,978)
(197	,978)
(267	,978)
(380	,978)
(566	,978)
(13	,979)
(262	,979)
(366	,979)
(668	,979)
(818	,979)
(139	,980)
(173	,980)
(441	,980)
(645	,980)
(842	,980)
(59	,981)
(206	,981)
(357	,981)
(393	,981)
(694	,981)
(87	,982)
(119	,982)
(316	,982)
(729	,982)
(815	,982)
(12	,983)
(49	,983)
(101	,983)
(930	,983)
(963	,983)
(307	,984)
(448	,984)
(462	,984)
(721	,984)
(741	,984)
(12	,985)
(42	,985)
(87	,985)
(208	,985)
(216	,985)
(98	,986)
(235	,986)
(441	,986)
(469	,986)
(825	,986)
(90	,987)
(136	,987)
(318	,987)
(470	,987)
(857	,987)
(50	,988)
(128	,988)
(628	,988)
(741	,988)
(853	,988)
(81	,989)
(382	,989)
(653	,989)
(658	,989)
(713	,989)
(70	,990)
(298	,990)
(434	,990)
(766	,990)
(844	,990)
(22	,991)
(40	,991)
(41	,991)
(195	,991)
(296	,991)
(24	,992)
(369	,992)
(486	,992)
(821	,992)
(927	,992)
(19	,993)
(155	,993)
(179	,993)
(316	,993)
(917	,993)
(28	,994)
(92	,994)
(117	,994)
(239	,994)
(699	,994)
(15	,995)
(85	,995)
(99	,995)
(105	,995)
(259	,995)
(52	,996)
(99	,996)
(523	,996)
(562	,996)
(889	,996)
(10	,997)
(165	,997)
(815	,997)
(948	,997)
(962	,997)
(730	,998)
(789	,998)
(827	,998)
(837	,998)
(872	,998)
(177	,999)
(306	,999)
(374	,999)
(530	,999)
(922	,999)
(249	,1000)
(327	,1000)
(849	,1000)
(892	,1000)
(974	,1000)
