(1	,2)
(1	,3)
(1	,8)
(2	,5)
(2	,6)
(2	,10)
(3	,4)
(3	,5)
(3	,7)
(3	,8)
(3	,9)
(4	,6)
(4	,7)
(4	,8)
(4	,9)
(5	,7)
(6	,7)
(7	,9)
(7	,10)
(8	,9)
(1	,11)
(2	,11)
(3	,11)
(4	,11)
(5	,11)
(6	,11)
(7	,11)
(8	,11)
(9	,11)
(10	,11)
(1	,12)
(2	,12)
(3	,12)
(4	,12)
(5	,12)
(6	,12)
(8	,12)
(9	,12)
(10	,12)
(11	,12)
(1	,13)
(2	,13)
(3	,13)
(4	,13)
(5	,13)
(7	,13)
(9	,13)
(10	,13)
(11	,13)
(12	,13)
(1	,14)
(2	,14)
(3	,14)
(5	,14)
(6	,14)
(7	,14)
(8	,14)
(11	,14)
(12	,14)
(13	,14)
(2	,15)
(4	,15)
(6	,15)
(8	,15)
(9	,15)
(10	,15)
(11	,15)
(12	,15)
(13	,15)
(14	,15)
(1	,16)
(2	,16)
(3	,16)
(4	,16)
(6	,16)
(9	,16)
(10	,16)
(11	,16)
(12	,16)
(15	,16)
(3	,17)
(5	,17)
(6	,17)
(7	,17)
(9	,17)
(11	,17)
(12	,17)
(13	,17)
(14	,17)
(16	,17)
(2	,18)
(3	,18)
(5	,18)
(7	,18)
(8	,18)
(9	,18)
(11	,18)
(12	,18)
(16	,18)
(17	,18)
(3	,19)
(5	,19)
(6	,19)
(8	,19)
(9	,19)
(10	,19)
(11	,19)
(12	,19)
(14	,19)
(17	,19)
(1	,20)
(3	,20)
(5	,20)
(7	,20)
(8	,20)
(9	,20)
(10	,20)
(11	,20)
(15	,20)
(18	,20)
(2	,21)
(4	,21)
(5	,21)
(9	,21)
(11	,21)
(12	,21)
(14	,21)
(16	,21)
(18	,21)
(20	,21)
(1	,22)
(3	,22)
(5	,22)
(9	,22)
(10	,22)
(12	,22)
(13	,22)
(15	,22)
(17	,22)
(20	,22)
(2	,23)
(4	,23)
(6	,23)
(7	,23)
(11	,23)
(12	,23)
(15	,23)
(17	,23)
(18	,23)
(22	,23)
(1	,24)
(2	,24)
(5	,24)
(9	,24)
(11	,24)
(12	,24)
(13	,24)
(14	,24)
(16	,24)
(22	,24)
(2	,25)
(8	,25)
(9	,25)
(11	,25)
(12	,25)
(13	,25)
(14	,25)
(16	,25)
(20	,25)
(22	,25)
(1	,26)
(3	,26)
(6	,26)
(9	,26)
(12	,26)
(17	,26)
(18	,26)
(19	,26)
(20	,26)
(22	,26)
(2	,27)
(7	,27)
(11	,27)
(12	,27)
(13	,27)
(14	,27)
(17	,27)
(18	,27)
(22	,27)
(25	,27)
(5	,28)
(6	,28)
(9	,28)
(11	,28)
(15	,28)
(19	,28)
(20	,28)
(22	,28)
(24	,28)
(25	,28)
(3	,29)
(6	,29)
(8	,29)
(9	,29)
(11	,29)
(13	,29)
(15	,29)
(19	,29)
(20	,29)
(22	,29)
(2	,30)
(3	,30)
(4	,30)
(8	,30)
(10	,30)
(12	,30)
(13	,30)
(24	,30)
(26	,30)
(29	,30)
(2	,31)
(3	,31)
(4	,31)
(5	,31)
(6	,31)
(9	,31)
(16	,31)
(17	,31)
(26	,31)
(30	,31)
(7	,32)
(8	,32)
(10	,32)
(11	,32)
(12	,32)
(18	,32)
(19	,32)
(20	,32)
(21	,32)
(26	,32)
(5	,33)
(6	,33)
(7	,33)
(13	,33)
(15	,33)
(16	,33)
(18	,33)
(20	,33)
(22	,33)
(30	,33)
(1	,34)
(2	,34)
(5	,34)
(6	,34)
(8	,34)
(9	,34)
(10	,34)
(22	,34)
(23	,34)
(29	,34)
(5	,35)
(6	,35)
(12	,35)
(14	,35)
(20	,35)
(21	,35)
(26	,35)
(28	,35)
(33	,35)
(34	,35)
(6	,36)
(8	,36)
(9	,36)
(11	,36)
(12	,36)
(15	,36)
(19	,36)
(21	,36)
(23	,36)
(28	,36)
(1	,37)
(3	,37)
(4	,37)
(5	,37)
(6	,37)
(15	,37)
(16	,37)
(18	,37)
(21	,37)
(23	,37)
(2	,38)
(3	,38)
(5	,38)
(8	,38)
(12	,38)
(15	,38)
(19	,38)
(20	,38)
(22	,38)
(24	,38)
(2	,39)
(4	,39)
(6	,39)
(8	,39)
(11	,39)
(12	,39)
(16	,39)
(17	,39)
(18	,39)
(20	,39)
(6	,40)
(7	,40)
(12	,40)
(13	,40)
(25	,40)
(26	,40)
(29	,40)
(31	,40)
(32	,40)
(34	,40)
(6	,41)
(8	,41)
(9	,41)
(10	,41)
(16	,41)
(17	,41)
(20	,41)
(30	,41)
(33	,41)
(34	,41)
(1	,42)
(2	,42)
(3	,42)
(11	,42)
(12	,42)
(16	,42)
(17	,42)
(18	,42)
(21	,42)
(24	,42)
(2	,43)
(4	,43)
(7	,43)
(14	,43)
(18	,43)
(19	,43)
(26	,43)
(36	,43)
(38	,43)
(42	,43)
(1	,44)
(3	,44)
(6	,44)
(9	,44)
(12	,44)
(13	,44)
(21	,44)
(29	,44)
(37	,44)
(39	,44)
(2	,45)
(5	,45)
(8	,45)
(9	,45)
(11	,45)
(24	,45)
(25	,45)
(28	,45)
(34	,45)
(43	,45)
(2	,46)
(3	,46)
(7	,46)
(10	,46)
(11	,46)
(12	,46)
(23	,46)
(25	,46)
(39	,46)
(41	,46)
(1	,47)
(9	,47)
(11	,47)
(18	,47)
(20	,47)
(25	,47)
(28	,47)
(29	,47)
(30	,47)
(37	,47)
(4	,48)
(8	,48)
(9	,48)
(16	,48)
(18	,48)
(25	,48)
(26	,48)
(29	,48)
(36	,48)
(45	,48)
(4	,49)
(7	,49)
(9	,49)
(11	,49)
(28	,49)
(31	,49)
(32	,49)
(41	,49)
(44	,49)
(47	,49)
(2	,50)
(8	,50)
(11	,50)
(14	,50)
(15	,50)
(26	,50)
(32	,50)
(35	,50)
(40	,50)
(49	,50)
(5	,51)
(11	,51)
(12	,51)
(18	,51)
(22	,51)
(28	,51)
(35	,51)
(38	,51)
(48	,51)
(50	,51)
(4	,52)
(9	,52)
(11	,52)
(12	,52)
(16	,52)
(17	,52)
(21	,52)
(22	,52)
(40	,52)
(43	,52)
(1	,53)
(11	,53)
(12	,53)
(13	,53)
(17	,53)
(20	,53)
(21	,53)
(27	,53)
(37	,53)
(50	,53)
(2	,54)
(12	,54)
(15	,54)
(16	,54)
(18	,54)
(23	,54)
(38	,54)
(40	,54)
(45	,54)
(53	,54)
(3	,55)
(4	,55)
(5	,55)
(8	,55)
(12	,55)
(37	,55)
(43	,55)
(47	,55)
(50	,55)
(54	,55)
(1	,56)
(10	,56)
(14	,56)
(18	,56)
(19	,56)
(25	,56)
(35	,56)
(45	,56)
(48	,56)
(54	,56)
(7	,57)
(11	,57)
(12	,57)
(14	,57)
(16	,57)
(18	,57)
(20	,57)
(24	,57)
(38	,57)
(48	,57)
(3	,58)
(9	,58)
(11	,58)
(12	,58)
(14	,58)
(15	,58)
(29	,58)
(36	,58)
(53	,58)
(54	,58)
(3	,59)
(7	,59)
(11	,59)
(22	,59)
(23	,59)
(24	,59)
(27	,59)
(31	,59)
(51	,59)
(55	,59)
(2	,60)
(4	,60)
(9	,60)
(12	,60)
(18	,60)
(26	,60)
(31	,60)
(34	,60)
(51	,60)
(57	,60)
(3	,61)
(4	,61)
(7	,61)
(8	,61)
(15	,61)
(19	,61)
(20	,61)
(22	,61)
(34	,61)
(55	,61)
(9	,62)
(13	,62)
(15	,62)
(16	,62)
(26	,62)
(32	,62)
(43	,62)
(57	,62)
(58	,62)
(61	,62)
(3	,63)
(8	,63)
(12	,63)
(18	,63)
(28	,63)
(31	,63)
(37	,63)
(40	,63)
(56	,63)
(57	,63)
(12	,64)
(16	,64)
(17	,64)
(18	,64)
(19	,64)
(39	,64)
(41	,64)
(55	,64)
(56	,64)
(59	,64)
(9	,65)
(15	,65)
(22	,65)
(23	,65)
(25	,65)
(34	,65)
(37	,65)
(49	,65)
(51	,65)
(61	,65)
(3	,66)
(19	,66)
(20	,66)
(21	,66)
(25	,66)
(36	,66)
(38	,66)
(48	,66)
(50	,66)
(58	,66)
(5	,67)
(9	,67)
(18	,67)
(20	,67)
(26	,67)
(28	,67)
(30	,67)
(40	,67)
(52	,67)
(66	,67)
(6	,68)
(12	,68)
(15	,68)
(25	,68)
(28	,68)
(31	,68)
(34	,68)
(50	,68)
(63	,68)
(67	,68)
(3	,69)
(9	,69)
(12	,69)
(13	,69)
(22	,69)
(23	,69)
(25	,69)
(36	,69)
(47	,69)
(54	,69)
(4	,70)
(6	,70)
(8	,70)
(10	,70)
(16	,70)
(28	,70)
(29	,70)
(60	,70)
(64	,70)
(67	,70)
(3	,71)
(12	,71)
(18	,71)
(23	,71)
(25	,71)
(27	,71)
(39	,71)
(44	,71)
(54	,71)
(63	,71)
(1	,72)
(8	,72)
(9	,72)
(14	,72)
(17	,72)
(24	,72)
(29	,72)
(35	,72)
(46	,72)
(54	,72)
(2	,73)
(10	,73)
(21	,73)
(22	,73)
(25	,73)
(26	,73)
(45	,73)
(47	,73)
(49	,73)
(53	,73)
(2	,74)
(3	,74)
(7	,74)
(9	,74)
(14	,74)
(16	,74)
(27	,74)
(47	,74)
(50	,74)
(70	,74)
(3	,75)
(7	,75)
(8	,75)
(13	,75)
(14	,75)
(24	,75)
(45	,75)
(50	,75)
(58	,75)
(59	,75)
(1	,76)
(5	,76)
(18	,76)
(41	,76)
(49	,76)
(51	,76)
(64	,76)
(67	,76)
(70	,76)
(73	,76)
(1	,77)
(11	,77)
(20	,77)
(24	,77)
(31	,77)
(50	,77)
(51	,77)
(58	,77)
(71	,77)
(73	,77)
(1	,78)
(2	,78)
(10	,78)
(12	,78)
(15	,78)
(18	,78)
(23	,78)
(34	,78)
(53	,78)
(66	,78)
(11	,79)
(13	,79)
(19	,79)
(25	,79)
(28	,79)
(34	,79)
(40	,79)
(59	,79)
(60	,79)
(70	,79)
(7	,80)
(8	,80)
(14	,80)
(17	,80)
(21	,80)
(54	,80)
(58	,80)
(67	,80)
(68	,80)
(75	,80)
(4	,81)
(5	,81)
(9	,81)
(11	,81)
(16	,81)
(18	,81)
(33	,81)
(37	,81)
(53	,81)
(65	,81)
(3	,82)
(9	,82)
(12	,82)
(18	,82)
(20	,82)
(22	,82)
(33	,82)
(40	,82)
(42	,82)
(64	,82)
(5	,83)
(10	,83)
(16	,83)
(25	,83)
(38	,83)
(42	,83)
(60	,83)
(66	,83)
(68	,83)
(73	,83)
(12	,84)
(22	,84)
(23	,84)
(24	,84)
(28	,84)
(35	,84)
(36	,84)
(57	,84)
(60	,84)
(79	,84)
(3	,85)
(9	,85)
(13	,85)
(17	,85)
(38	,85)
(43	,85)
(44	,85)
(61	,85)
(67	,85)
(81	,85)
(3	,86)
(16	,86)
(18	,86)
(22	,86)
(29	,86)
(51	,86)
(54	,86)
(63	,86)
(67	,86)
(85	,86)
(9	,87)
(11	,87)
(12	,87)
(34	,87)
(40	,87)
(43	,87)
(48	,87)
(69	,87)
(72	,87)
(85	,87)
(4	,88)
(5	,88)
(12	,88)
(13	,88)
(19	,88)
(22	,88)
(23	,88)
(61	,88)
(72	,88)
(80	,88)
(1	,89)
(11	,89)
(23	,89)
(26	,89)
(34	,89)
(54	,89)
(59	,89)
(69	,89)
(74	,89)
(80	,89)
(1	,90)
(3	,90)
(8	,90)
(39	,90)
(43	,90)
(45	,90)
(63	,90)
(70	,90)
(75	,90)
(88	,90)
(3	,91)
(12	,91)
(22	,91)
(23	,91)
(32	,91)
(40	,91)
(47	,91)
(53	,91)
(69	,91)
(70	,91)
(8	,92)
(18	,92)
(23	,92)
(24	,92)
(25	,92)
(29	,92)
(44	,92)
(59	,92)
(71	,92)
(73	,92)
(2	,93)
(8	,93)
(9	,93)
(24	,93)
(29	,93)
(38	,93)
(49	,93)
(70	,93)
(80	,93)
(81	,93)
(12	,94)
(21	,94)
(25	,94)
(35	,94)
(38	,94)
(41	,94)
(53	,94)
(66	,94)
(87	,94)
(91	,94)
(2	,95)
(3	,95)
(4	,95)
(17	,95)
(37	,95)
(44	,95)
(47	,95)
(66	,95)
(84	,95)
(90	,95)
(11	,96)
(14	,96)
(19	,96)
(25	,96)
(26	,96)
(33	,96)
(35	,96)
(39	,96)
(65	,96)
(71	,96)
(4	,97)
(17	,97)
(22	,97)
(29	,97)
(30	,97)
(40	,97)
(54	,97)
(61	,97)
(74	,97)
(86	,97)
(8	,98)
(11	,98)
(14	,98)
(39	,98)
(50	,98)
(52	,98)
(56	,98)
(68	,98)
(70	,98)
(87	,98)
(1	,99)
(2	,99)
(6	,99)
(15	,99)
(19	,99)
(30	,99)
(43	,99)
(51	,99)
(91	,99)
(92	,99)
(7	,100)
(11	,100)
(13	,100)
(15	,100)
(16	,100)
(18	,100)
(19	,100)
(20	,100)
(22	,100)
(49	,100)
(7	,101)
(14	,101)
(15	,101)
(22	,101)
(35	,101)
(49	,101)
(50	,101)
(52	,101)
(70	,101)
(95	,101)
(8	,102)
(11	,102)
(16	,102)
(21	,102)
(22	,102)
(25	,102)
(57	,102)
(69	,102)
(71	,102)
(73	,102)
(12	,103)
(25	,103)
(32	,103)
(36	,103)
(49	,103)
(51	,103)
(66	,103)
(73	,103)
(76	,103)
(94	,103)
(1	,104)
(2	,104)
(8	,104)
(9	,104)
(12	,104)
(20	,104)
(23	,104)
(28	,104)
(83	,104)
(102	,104)
(1	,105)
(7	,105)
(11	,105)
(35	,105)
(47	,105)
(52	,105)
(83	,105)
(85	,105)
(86	,105)
(102	,105)
(11	,106)
(12	,106)
(14	,106)
(19	,106)
(26	,106)
(47	,106)
(55	,106)
(66	,106)
(67	,106)
(78	,106)
(1	,107)
(6	,107)
(9	,107)
(10	,107)
(12	,107)
(37	,107)
(69	,107)
(77	,107)
(80	,107)
(87	,107)
(3	,108)
(14	,108)
(16	,108)
(27	,108)
(55	,108)
(59	,108)
(68	,108)
(80	,108)
(81	,108)
(107	,108)
(3	,109)
(9	,109)
(29	,109)
(30	,109)
(40	,109)
(51	,109)
(56	,109)
(61	,109)
(66	,109)
(80	,109)
(7	,110)
(9	,110)
(12	,110)
(16	,110)
(20	,110)
(58	,110)
(66	,110)
(71	,110)
(94	,110)
(100	,110)
(8	,111)
(12	,111)
(15	,111)
(31	,111)
(54	,111)
(66	,111)
(80	,111)
(83	,111)
(90	,111)
(107	,111)
(1	,112)
(8	,112)
(11	,112)
(12	,112)
(16	,112)
(23	,112)
(26	,112)
(41	,112)
(51	,112)
(90	,112)
(8	,113)
(11	,113)
(12	,113)
(14	,113)
(21	,113)
(38	,113)
(39	,113)
(50	,113)
(90	,113)
(106	,113)
(6	,114)
(9	,114)
(10	,114)
(16	,114)
(17	,114)
(37	,114)
(38	,114)
(56	,114)
(73	,114)
(89	,114)
(2	,115)
(3	,115)
(16	,115)
(34	,115)
(51	,115)
(57	,115)
(80	,115)
(86	,115)
(89	,115)
(108	,115)
(4	,116)
(13	,116)
(18	,116)
(19	,116)
(50	,116)
(62	,116)
(68	,116)
(69	,116)
(73	,116)
(74	,116)
(4	,117)
(16	,117)
(19	,117)
(21	,117)
(39	,117)
(61	,117)
(70	,117)
(90	,117)
(98	,117)
(109	,117)
(5	,118)
(24	,118)
(35	,118)
(54	,118)
(61	,118)
(65	,118)
(73	,118)
(79	,118)
(84	,118)
(96	,118)
(3	,119)
(6	,119)
(8	,119)
(14	,119)
(17	,119)
(20	,119)
(74	,119)
(94	,119)
(101	,119)
(110	,119)
(2	,120)
(4	,120)
(13	,120)
(18	,120)
(30	,120)
(49	,120)
(55	,120)
(58	,120)
(85	,120)
(98	,120)
(3	,121)
(8	,121)
(22	,121)
(30	,121)
(45	,121)
(55	,121)
(56	,121)
(101	,121)
(103	,121)
(119	,121)
(11	,122)
(15	,122)
(18	,122)
(22	,122)
(33	,122)
(37	,122)
(39	,122)
(55	,122)
(81	,122)
(94	,122)
(3	,123)
(9	,123)
(15	,123)
(18	,123)
(19	,123)
(23	,123)
(39	,123)
(56	,123)
(57	,123)
(69	,123)
(3	,124)
(5	,124)
(9	,124)
(10	,124)
(12	,124)
(16	,124)
(30	,124)
(52	,124)
(61	,124)
(62	,124)
(11	,125)
(15	,125)
(20	,125)
(25	,125)
(37	,125)
(50	,125)
(55	,125)
(68	,125)
(116	,125)
(118	,125)
(1	,126)
(2	,126)
(8	,126)
(9	,126)
(12	,126)
(24	,126)
(26	,126)
(45	,126)
(72	,126)
(118	,126)
(3	,127)
(4	,127)
(6	,127)
(14	,127)
(16	,127)
(34	,127)
(45	,127)
(67	,127)
(70	,127)
(118	,127)
(5	,128)
(9	,128)
(12	,128)
(14	,128)
(24	,128)
(29	,128)
(55	,128)
(71	,128)
(89	,128)
(107	,128)
(7	,129)
(17	,129)
(25	,129)
(39	,129)
(45	,129)
(53	,129)
(73	,129)
(97	,129)
(100	,129)
(122	,129)
(1	,130)
(5	,130)
(6	,130)
(9	,130)
(12	,130)
(32	,130)
(35	,130)
(37	,130)
(87	,130)
(91	,130)
(2	,131)
(9	,131)
(12	,131)
(15	,131)
(20	,131)
(43	,131)
(63	,131)
(66	,131)
(78	,131)
(115	,131)
(3	,132)
(4	,132)
(18	,132)
(21	,132)
(60	,132)
(63	,132)
(64	,132)
(69	,132)
(79	,132)
(94	,132)
(6	,133)
(25	,133)
(35	,133)
(50	,133)
(60	,133)
(69	,133)
(73	,133)
(95	,133)
(113	,133)
(122	,133)
(11	,134)
(12	,134)
(16	,134)
(22	,134)
(24	,134)
(31	,134)
(51	,134)
(63	,134)
(111	,134)
(129	,134)
(7	,135)
(8	,135)
(19	,135)
(44	,135)
(46	,135)
(50	,135)
(51	,135)
(104	,135)
(126	,135)
(130	,135)
(2	,136)
(12	,136)
(18	,136)
(31	,136)
(54	,136)
(110	,136)
(115	,136)
(122	,136)
(124	,136)
(134	,136)
(10	,137)
(16	,137)
(22	,137)
(51	,137)
(57	,137)
(70	,137)
(90	,137)
(101	,137)
(113	,137)
(128	,137)
(2	,138)
(22	,138)
(24	,138)
(35	,138)
(59	,138)
(62	,138)
(73	,138)
(79	,138)
(91	,138)
(94	,138)
(2	,139)
(12	,139)
(21	,139)
(22	,139)
(23	,139)
(39	,139)
(50	,139)
(79	,139)
(130	,139)
(131	,139)
(1	,140)
(7	,140)
(11	,140)
(12	,140)
(23	,140)
(64	,140)
(71	,140)
(92	,140)
(93	,140)
(128	,140)
(4	,141)
(12	,141)
(14	,141)
(33	,141)
(43	,141)
(92	,141)
(93	,141)
(98	,141)
(106	,141)
(115	,141)
(4	,142)
(7	,142)
(12	,142)
(28	,142)
(45	,142)
(47	,142)
(50	,142)
(52	,142)
(56	,142)
(60	,142)
(2	,143)
(8	,143)
(19	,143)
(28	,143)
(61	,143)
(65	,143)
(71	,143)
(87	,143)
(117	,143)
(137	,143)
(6	,144)
(7	,144)
(11	,144)
(22	,144)
(32	,144)
(37	,144)
(38	,144)
(47	,144)
(51	,144)
(59	,144)
(14	,145)
(17	,145)
(18	,145)
(26	,145)
(34	,145)
(37	,145)
(67	,145)
(79	,145)
(100	,145)
(132	,145)
(2	,146)
(4	,146)
(8	,146)
(12	,146)
(24	,146)
(28	,146)
(33	,146)
(35	,146)
(82	,146)
(102	,146)
(2	,147)
(9	,147)
(10	,147)
(12	,147)
(18	,147)
(49	,147)
(73	,147)
(93	,147)
(99	,147)
(119	,147)
(2	,148)
(7	,148)
(9	,148)
(11	,148)
(38	,148)
(49	,148)
(50	,148)
(63	,148)
(80	,148)
(100	,148)
(1	,149)
(2	,149)
(8	,149)
(11	,149)
(24	,149)
(30	,149)
(54	,149)
(57	,149)
(62	,149)
(126	,149)
(6	,150)
(11	,150)
(14	,150)
(28	,150)
(31	,150)
(37	,150)
(38	,150)
(45	,150)
(82	,150)
(83	,150)
(1	,151)
(7	,151)
(8	,151)
(11	,151)
(14	,151)
(23	,151)
(35	,151)
(65	,151)
(68	,151)
(125	,151)
(3	,152)
(17	,152)
(22	,152)
(25	,152)
(33	,152)
(35	,152)
(55	,152)
(79	,152)
(83	,152)
(132	,152)
(3	,153)
(6	,153)
(8	,153)
(11	,153)
(15	,153)
(35	,153)
(39	,153)
(66	,153)
(73	,153)
(87	,153)
(8	,154)
(9	,154)
(18	,154)
(25	,154)
(33	,154)
(58	,154)
(66	,154)
(70	,154)
(74	,154)
(128	,154)
(13	,155)
(30	,155)
(45	,155)
(50	,155)
(64	,155)
(73	,155)
(75	,155)
(76	,155)
(114	,155)
(125	,155)
(8	,156)
(9	,156)
(13	,156)
(17	,156)
(24	,156)
(25	,156)
(57	,156)
(61	,156)
(128	,156)
(146	,156)
(21	,157)
(52	,157)
(61	,157)
(67	,157)
(81	,157)
(94	,157)
(96	,157)
(106	,157)
(110	,157)
(128	,157)
(2	,158)
(9	,158)
(12	,158)
(30	,158)
(33	,158)
(50	,158)
(58	,158)
(60	,158)
(83	,158)
(100	,158)
(10	,159)
(11	,159)
(12	,159)
(14	,159)
(48	,159)
(51	,159)
(58	,159)
(67	,159)
(78	,159)
(95	,159)
(29	,160)
(51	,160)
(60	,160)
(61	,160)
(65	,160)
(66	,160)
(87	,160)
(119	,160)
(131	,160)
(135	,160)
(1	,161)
(11	,161)
(16	,161)
(17	,161)
(22	,161)
(46	,161)
(60	,161)
(61	,161)
(101	,161)
(134	,161)
(7	,162)
(11	,162)
(30	,162)
(31	,162)
(47	,162)
(72	,162)
(80	,162)
(85	,162)
(90	,162)
(113	,162)
(6	,163)
(9	,163)
(14	,163)
(26	,163)
(32	,163)
(48	,163)
(50	,163)
(62	,163)
(85	,163)
(100	,163)
(2	,164)
(12	,164)
(28	,164)
(29	,164)
(34	,164)
(76	,164)
(97	,164)
(104	,164)
(106	,164)
(121	,164)
(3	,165)
(15	,165)
(16	,165)
(65	,165)
(79	,165)
(117	,165)
(142	,165)
(143	,165)
(150	,165)
(164	,165)
(18	,166)
(19	,166)
(25	,166)
(37	,166)
(51	,166)
(55	,166)
(65	,166)
(88	,166)
(103	,166)
(158	,166)
(9	,167)
(22	,167)
(34	,167)
(35	,167)
(51	,167)
(67	,167)
(91	,167)
(122	,167)
(145	,167)
(148	,167)
(12	,168)
(29	,168)
(41	,168)
(61	,168)
(64	,168)
(82	,168)
(85	,168)
(90	,168)
(139	,168)
(158	,168)
(14	,169)
(20	,169)
(22	,169)
(44	,169)
(108	,169)
(127	,169)
(135	,169)
(145	,169)
(154	,169)
(164	,169)
(6	,170)
(9	,170)
(12	,170)
(14	,170)
(17	,170)
(18	,170)
(20	,170)
(50	,170)
(62	,170)
(164	,170)
(8	,171)
(18	,171)
(19	,171)
(22	,171)
(23	,171)
(50	,171)
(58	,171)
(64	,171)
(65	,171)
(146	,171)
(5	,172)
(9	,172)
(19	,172)
(41	,172)
(57	,172)
(72	,172)
(74	,172)
(102	,172)
(108	,172)
(154	,172)
(3	,173)
(5	,173)
(17	,173)
(27	,173)
(35	,173)
(36	,173)
(125	,173)
(132	,173)
(157	,173)
(160	,173)
(1	,174)
(3	,174)
(13	,174)
(16	,174)
(24	,174)
(55	,174)
(67	,174)
(78	,174)
(122	,174)
(141	,174)
(19	,175)
(24	,175)
(37	,175)
(43	,175)
(61	,175)
(71	,175)
(73	,175)
(95	,175)
(106	,175)
(151	,175)
(1	,176)
(7	,176)
(9	,176)
(24	,176)
(60	,176)
(67	,176)
(82	,176)
(90	,176)
(108	,176)
(111	,176)
(2	,177)
(8	,177)
(9	,177)
(12	,177)
(14	,177)
(29	,177)
(68	,177)
(96	,177)
(103	,177)
(162	,177)
(2	,178)
(4	,178)
(5	,178)
(8	,178)
(18	,178)
(46	,178)
(69	,178)
(90	,178)
(128	,178)
(144	,178)
(1	,179)
(2	,179)
(3	,179)
(7	,179)
(18	,179)
(22	,179)
(26	,179)
(27	,179)
(71	,179)
(83	,179)
(1	,180)
(20	,180)
(25	,180)
(44	,180)
(50	,180)
(54	,180)
(69	,180)
(109	,180)
(115	,180)
(129	,180)
(9	,181)
(15	,181)
(25	,181)
(38	,181)
(51	,181)
(67	,181)
(87	,181)
(88	,181)
(92	,181)
(114	,181)
(8	,182)
(13	,182)
(15	,182)
(16	,182)
(26	,182)
(29	,182)
(56	,182)
(145	,182)
(147	,182)
(172	,182)
(11	,183)
(12	,183)
(40	,183)
(50	,183)
(55	,183)
(66	,183)
(83	,183)
(105	,183)
(132	,183)
(134	,183)
(4	,184)
(12	,184)
(28	,184)
(38	,184)
(40	,184)
(44	,184)
(127	,184)
(129	,184)
(150	,184)
(169	,184)
(1	,185)
(11	,185)
(15	,185)
(20	,185)
(35	,185)
(38	,185)
(71	,185)
(99	,185)
(117	,185)
(122	,185)
(7	,186)
(11	,186)
(25	,186)
(40	,186)
(51	,186)
(79	,186)
(83	,186)
(147	,186)
(158	,186)
(184	,186)
(38	,187)
(43	,187)
(57	,187)
(59	,187)
(64	,187)
(68	,187)
(81	,187)
(128	,187)
(133	,187)
(185	,187)
(9	,188)
(11	,188)
(20	,188)
(29	,188)
(31	,188)
(37	,188)
(44	,188)
(67	,188)
(91	,188)
(116	,188)
(1	,189)
(7	,189)
(23	,189)
(55	,189)
(79	,189)
(104	,189)
(112	,189)
(122	,189)
(135	,189)
(179	,189)
(24	,190)
(41	,190)
(45	,190)
(52	,190)
(84	,190)
(103	,190)
(124	,190)
(129	,190)
(132	,190)
(162	,190)
(1	,191)
(12	,191)
(25	,191)
(28	,191)
(32	,191)
(42	,191)
(92	,191)
(104	,191)
(122	,191)
(168	,191)
(9	,192)
(11	,192)
(16	,192)
(60	,192)
(66	,192)
(87	,192)
(94	,192)
(109	,192)
(131	,192)
(175	,192)
(1	,193)
(16	,193)
(17	,193)
(24	,193)
(50	,193)
(62	,193)
(70	,193)
(104	,193)
(163	,193)
(189	,193)
(39	,194)
(43	,194)
(50	,194)
(56	,194)
(58	,194)
(63	,194)
(111	,194)
(148	,194)
(171	,194)
(187	,194)
(2	,195)
(8	,195)
(48	,195)
(61	,195)
(74	,195)
(105	,195)
(106	,195)
(131	,195)
(140	,195)
(187	,195)
(2	,196)
(12	,196)
(17	,196)
(22	,196)
(27	,196)
(58	,196)
(83	,196)
(102	,196)
(104	,196)
(152	,196)
(5	,197)
(14	,197)
(15	,197)
(29	,197)
(45	,197)
(83	,197)
(108	,197)
(134	,197)
(165	,197)
(172	,197)
(9	,198)
(14	,198)
(29	,198)
(52	,198)
(55	,198)
(61	,198)
(73	,198)
(117	,198)
(120	,198)
(154	,198)
(6	,199)
(14	,199)
(19	,199)
(39	,199)
(51	,199)
(56	,199)
(67	,199)
(76	,199)
(77	,199)
(158	,199)
(13	,200)
(14	,200)
(30	,200)
(49	,200)
(52	,200)
(118	,200)
(148	,200)
(165	,200)
(175	,200)
(179	,200)
(6	,201)
(15	,201)
(37	,201)
(38	,201)
(39	,201)
(47	,201)
(57	,201)
(73	,201)
(141	,201)
(178	,201)
(8	,202)
(10	,202)
(26	,202)
(66	,202)
(128	,202)
(138	,202)
(141	,202)
(181	,202)
(185	,202)
(194	,202)
(2	,203)
(5	,203)
(32	,203)
(41	,203)
(51	,203)
(74	,203)
(79	,203)
(94	,203)
(115	,203)
(131	,203)
(6	,204)
(14	,204)
(20	,204)
(33	,204)
(58	,204)
(88	,204)
(108	,204)
(137	,204)
(138	,204)
(142	,204)
(2	,205)
(11	,205)
(25	,205)
(38	,205)
(45	,205)
(60	,205)
(71	,205)
(81	,205)
(140	,205)
(166	,205)
(35	,206)
(51	,206)
(55	,206)
(56	,206)
(96	,206)
(97	,206)
(172	,206)
(178	,206)
(203	,206)
(205	,206)
(10	,207)
(21	,207)
(51	,207)
(55	,207)
(74	,207)
(83	,207)
(116	,207)
(167	,207)
(178	,207)
(199	,207)
(6	,208)
(10	,208)
(28	,208)
(32	,208)
(54	,208)
(79	,208)
(85	,208)
(87	,208)
(117	,208)
(154	,208)
(7	,209)
(21	,209)
(24	,209)
(39	,209)
(43	,209)
(91	,209)
(94	,209)
(114	,209)
(147	,209)
(184	,209)
(14	,210)
(32	,210)
(33	,210)
(37	,210)
(78	,210)
(113	,210)
(123	,210)
(125	,210)
(130	,210)
(150	,210)
(7	,211)
(23	,211)
(26	,211)
(42	,211)
(44	,211)
(56	,211)
(65	,211)
(67	,211)
(80	,211)
(105	,211)
(4	,212)
(9	,212)
(11	,212)
(12	,212)
(51	,212)
(63	,212)
(73	,212)
(95	,212)
(131	,212)
(180	,212)
(11	,213)
(15	,213)
(18	,213)
(21	,213)
(25	,213)
(31	,213)
(75	,213)
(121	,213)
(147	,213)
(211	,213)
(9	,214)
(21	,214)
(34	,214)
(37	,214)
(44	,214)
(45	,214)
(55	,214)
(83	,214)
(102	,214)
(167	,214)
(22	,215)
(25	,215)
(39	,215)
(42	,215)
(61	,215)
(63	,215)
(105	,215)
(127	,215)
(140	,215)
(152	,215)
(5	,216)
(16	,216)
(35	,216)
(65	,216)
(98	,216)
(113	,216)
(132	,216)
(150	,216)
(158	,216)
(190	,216)
(3	,217)
(74	,217)
(87	,217)
(103	,217)
(108	,217)
(112	,217)
(115	,217)
(130	,217)
(190	,217)
(201	,217)
(14	,218)
(35	,218)
(40	,218)
(61	,218)
(79	,218)
(86	,218)
(103	,218)
(149	,218)
(198	,218)
(213	,218)
(18	,219)
(39	,219)
(65	,219)
(85	,219)
(87	,219)
(115	,219)
(144	,219)
(150	,219)
(184	,219)
(211	,219)
(3	,220)
(5	,220)
(8	,220)
(14	,220)
(22	,220)
(38	,220)
(61	,220)
(64	,220)
(142	,220)
(148	,220)
(12	,221)
(13	,221)
(17	,221)
(18	,221)
(20	,221)
(77	,221)
(133	,221)
(168	,221)
(180	,221)
(182	,221)
(11	,222)
(22	,222)
(33	,222)
(44	,222)
(56	,222)
(72	,222)
(94	,222)
(98	,222)
(174	,222)
(182	,222)
(2	,223)
(9	,223)
(32	,223)
(66	,223)
(71	,223)
(78	,223)
(90	,223)
(115	,223)
(156	,223)
(191	,223)
(4	,224)
(6	,224)
(10	,224)
(11	,224)
(29	,224)
(37	,224)
(47	,224)
(94	,224)
(124	,224)
(208	,224)
(1	,225)
(6	,225)
(7	,225)
(22	,225)
(30	,225)
(34	,225)
(53	,225)
(134	,225)
(160	,225)
(187	,225)
(3	,226)
(11	,226)
(19	,226)
(21	,226)
(27	,226)
(36	,226)
(53	,226)
(62	,226)
(131	,226)
(137	,226)
(24	,227)
(72	,227)
(90	,227)
(91	,227)
(94	,227)
(132	,227)
(135	,227)
(148	,227)
(151	,227)
(180	,227)
(14	,228)
(55	,228)
(67	,228)
(77	,228)
(90	,228)
(95	,228)
(101	,228)
(118	,228)
(164	,228)
(194	,228)
(2	,229)
(11	,229)
(22	,229)
(31	,229)
(39	,229)
(50	,229)
(127	,229)
(150	,229)
(177	,229)
(180	,229)
(3	,230)
(12	,230)
(18	,230)
(34	,230)
(41	,230)
(49	,230)
(56	,230)
(62	,230)
(89	,230)
(149	,230)
(2	,231)
(9	,231)
(45	,231)
(80	,231)
(123	,231)
(152	,231)
(177	,231)
(208	,231)
(218	,231)
(230	,231)
(4	,232)
(7	,232)
(24	,232)
(32	,232)
(65	,232)
(70	,232)
(75	,232)
(92	,232)
(128	,232)
(172	,232)
(3	,233)
(34	,233)
(45	,233)
(53	,233)
(123	,233)
(124	,233)
(197	,233)
(198	,233)
(206	,233)
(220	,233)
(16	,234)
(44	,234)
(52	,234)
(59	,234)
(66	,234)
(86	,234)
(91	,234)
(110	,234)
(155	,234)
(167	,234)
(3	,235)
(11	,235)
(12	,235)
(25	,235)
(44	,235)
(51	,235)
(57	,235)
(90	,235)
(141	,235)
(157	,235)
(4	,236)
(6	,236)
(7	,236)
(15	,236)
(21	,236)
(22	,236)
(28	,236)
(33	,236)
(69	,236)
(163	,236)
(1	,237)
(3	,237)
(6	,237)
(7	,237)
(63	,237)
(66	,237)
(137	,237)
(186	,237)
(198	,237)
(222	,237)
(7	,238)
(10	,238)
(16	,238)
(33	,238)
(35	,238)
(60	,238)
(63	,238)
(74	,238)
(96	,238)
(236	,238)
(4	,239)
(23	,239)
(35	,239)
(72	,239)
(101	,239)
(109	,239)
(126	,239)
(157	,239)
(164	,239)
(182	,239)
(4	,240)
(9	,240)
(14	,240)
(64	,240)
(66	,240)
(72	,240)
(118	,240)
(170	,240)
(183	,240)
(195	,240)
(3	,241)
(10	,241)
(12	,241)
(20	,241)
(33	,241)
(50	,241)
(76	,241)
(100	,241)
(112	,241)
(126	,241)
(2	,242)
(8	,242)
(16	,242)
(23	,242)
(78	,242)
(103	,242)
(108	,242)
(123	,242)
(193	,242)
(195	,242)
(2	,243)
(4	,243)
(13	,243)
(42	,243)
(43	,243)
(50	,243)
(67	,243)
(110	,243)
(180	,243)
(215	,243)
(11	,244)
(16	,244)
(55	,244)
(73	,244)
(103	,244)
(162	,244)
(163	,244)
(175	,244)
(225	,244)
(239	,244)
(2	,245)
(40	,245)
(50	,245)
(86	,245)
(96	,245)
(104	,245)
(166	,245)
(184	,245)
(190	,245)
(234	,245)
(6	,246)
(28	,246)
(37	,246)
(56	,246)
(58	,246)
(60	,246)
(69	,246)
(128	,246)
(170	,246)
(195	,246)
(4	,247)
(5	,247)
(12	,247)
(16	,247)
(105	,247)
(113	,247)
(127	,247)
(143	,247)
(188	,247)
(218	,247)
(11	,248)
(32	,248)
(67	,248)
(97	,248)
(125	,248)
(147	,248)
(178	,248)
(202	,248)
(225	,248)
(247	,248)
(12	,249)
(24	,249)
(48	,249)
(50	,249)
(63	,249)
(68	,249)
(72	,249)
(160	,249)
(186	,249)
(218	,249)
(5	,250)
(19	,250)
(34	,250)
(75	,250)
(82	,250)
(86	,250)
(129	,250)
(134	,250)
(199	,250)
(236	,250)
(2	,251)
(3	,251)
(9	,251)
(34	,251)
(50	,251)
(63	,251)
(68	,251)
(161	,251)
(190	,251)
(211	,251)
(16	,252)
(29	,252)
(31	,252)
(73	,252)
(100	,252)
(104	,252)
(144	,252)
(172	,252)
(191	,252)
(213	,252)
(3	,253)
(14	,253)
(21	,253)
(51	,253)
(64	,253)
(87	,253)
(148	,253)
(151	,253)
(164	,253)
(240	,253)
(3	,254)
(9	,254)
(13	,254)
(29	,254)
(87	,254)
(104	,254)
(112	,254)
(132	,254)
(177	,254)
(211	,254)
(3	,255)
(20	,255)
(22	,255)
(50	,255)
(65	,255)
(127	,255)
(145	,255)
(225	,255)
(229	,255)
(240	,255)
(21	,256)
(34	,256)
(69	,256)
(70	,256)
(92	,256)
(116	,256)
(125	,256)
(134	,256)
(149	,256)
(248	,256)
(8	,257)
(9	,257)
(17	,257)
(29	,257)
(33	,257)
(61	,257)
(62	,257)
(81	,257)
(169	,257)
(173	,257)
(12	,258)
(15	,258)
(20	,258)
(24	,258)
(84	,258)
(107	,258)
(158	,258)
(226	,258)
(227	,258)
(249	,258)
(4	,259)
(9	,259)
(26	,259)
(42	,259)
(55	,259)
(82	,259)
(96	,259)
(169	,259)
(213	,259)
(225	,259)
(27	,260)
(45	,260)
(51	,260)
(55	,260)
(56	,260)
(62	,260)
(73	,260)
(122	,260)
(147	,260)
(256	,260)
(14	,261)
(20	,261)
(48	,261)
(56	,261)
(57	,261)
(112	,261)
(124	,261)
(139	,261)
(173	,261)
(208	,261)
(3	,262)
(10	,262)
(37	,262)
(43	,262)
(58	,262)
(68	,262)
(94	,262)
(167	,262)
(242	,262)
(253	,262)
(5	,263)
(20	,263)
(50	,263)
(60	,263)
(71	,263)
(111	,263)
(113	,263)
(115	,263)
(125	,263)
(208	,263)
(1	,264)
(2	,264)
(5	,264)
(12	,264)
(35	,264)
(123	,264)
(149	,264)
(162	,264)
(176	,264)
(223	,264)
(21	,265)
(24	,265)
(50	,265)
(67	,265)
(70	,265)
(91	,265)
(95	,265)
(128	,265)
(133	,265)
(196	,265)
(20	,266)
(23	,266)
(40	,266)
(49	,266)
(54	,266)
(103	,266)
(130	,266)
(162	,266)
(204	,266)
(228	,266)
(2	,267)
(11	,267)
(12	,267)
(51	,267)
(59	,267)
(88	,267)
(117	,267)
(147	,267)
(152	,267)
(186	,267)
(9	,268)
(17	,268)
(18	,268)
(40	,268)
(64	,268)
(65	,268)
(86	,268)
(122	,268)
(234	,268)
(255	,268)
(2	,269)
(6	,269)
(23	,269)
(39	,269)
(81	,269)
(131	,269)
(143	,269)
(177	,269)
(214	,269)
(217	,269)
(3	,270)
(61	,270)
(74	,270)
(115	,270)
(125	,270)
(129	,270)
(154	,270)
(177	,270)
(243	,270)
(244	,270)
(6	,271)
(16	,271)
(19	,271)
(33	,271)
(43	,271)
(47	,271)
(49	,271)
(88	,271)
(211	,271)
(222	,271)
(11	,272)
(13	,272)
(37	,272)
(48	,272)
(70	,272)
(72	,272)
(84	,272)
(92	,272)
(99	,272)
(265	,272)
(2	,273)
(5	,273)
(11	,273)
(35	,273)
(92	,273)
(93	,273)
(103	,273)
(133	,273)
(160	,273)
(187	,273)
(7	,274)
(17	,274)
(22	,274)
(28	,274)
(29	,274)
(66	,274)
(172	,274)
(177	,274)
(178	,274)
(243	,274)
(3	,275)
(4	,275)
(30	,275)
(62	,275)
(103	,275)
(123	,275)
(141	,275)
(144	,275)
(190	,275)
(206	,275)
(4	,276)
(16	,276)
(19	,276)
(26	,276)
(31	,276)
(32	,276)
(39	,276)
(104	,276)
(158	,276)
(221	,276)
(2	,277)
(5	,277)
(6	,277)
(38	,277)
(41	,277)
(53	,277)
(106	,277)
(178	,277)
(225	,277)
(247	,277)
(9	,278)
(11	,278)
(14	,278)
(48	,278)
(50	,278)
(90	,278)
(92	,278)
(98	,278)
(170	,278)
(242	,278)
(2	,279)
(14	,279)
(38	,279)
(39	,279)
(54	,279)
(67	,279)
(73	,279)
(170	,279)
(171	,279)
(201	,279)
(2	,280)
(9	,280)
(12	,280)
(20	,280)
(21	,280)
(52	,280)
(58	,280)
(87	,280)
(111	,280)
(230	,280)
(18	,281)
(22	,281)
(35	,281)
(37	,281)
(50	,281)
(52	,281)
(54	,281)
(66	,281)
(116	,281)
(166	,281)
(1	,282)
(7	,282)
(13	,282)
(14	,282)
(104	,282)
(158	,282)
(251	,282)
(262	,282)
(265	,282)
(275	,282)
(1	,283)
(13	,283)
(39	,283)
(50	,283)
(64	,283)
(73	,283)
(92	,283)
(96	,283)
(99	,283)
(115	,283)
(18	,284)
(23	,284)
(43	,284)
(51	,284)
(54	,284)
(64	,284)
(67	,284)
(71	,284)
(185	,284)
(201	,284)
(9	,285)
(17	,285)
(38	,285)
(66	,285)
(92	,285)
(132	,285)
(173	,285)
(176	,285)
(179	,285)
(282	,285)
(14	,286)
(32	,286)
(47	,286)
(80	,286)
(82	,286)
(120	,286)
(132	,286)
(226	,286)
(231	,286)
(246	,286)
(3	,287)
(18	,287)
(64	,287)
(108	,287)
(126	,287)
(137	,287)
(139	,287)
(148	,287)
(150	,287)
(257	,287)
(5	,288)
(21	,288)
(36	,288)
(50	,288)
(79	,288)
(89	,288)
(126	,288)
(199	,288)
(227	,288)
(246	,288)
(9	,289)
(16	,289)
(42	,289)
(50	,289)
(79	,289)
(81	,289)
(183	,289)
(189	,289)
(221	,289)
(266	,289)
(10	,290)
(32	,290)
(44	,290)
(51	,290)
(92	,290)
(127	,290)
(138	,290)
(142	,290)
(284	,290)
(289	,290)
(4	,291)
(8	,291)
(16	,291)
(26	,291)
(34	,291)
(68	,291)
(74	,291)
(86	,291)
(131	,291)
(178	,291)
(8	,292)
(12	,292)
(32	,292)
(43	,292)
(87	,292)
(117	,292)
(126	,292)
(164	,292)
(206	,292)
(224	,292)
(2	,293)
(9	,293)
(14	,293)
(24	,293)
(59	,293)
(80	,293)
(157	,293)
(159	,293)
(210	,293)
(215	,293)
(11	,294)
(12	,294)
(22	,294)
(119	,294)
(137	,294)
(198	,294)
(220	,294)
(244	,294)
(277	,294)
(278	,294)
(3	,295)
(5	,295)
(6	,295)
(7	,295)
(17	,295)
(58	,295)
(60	,295)
(67	,295)
(120	,295)
(252	,295)
(6	,296)
(11	,296)
(14	,296)
(16	,296)
(25	,296)
(43	,296)
(70	,296)
(92	,296)
(118	,296)
(126	,296)
(1	,297)
(12	,297)
(37	,297)
(44	,297)
(53	,297)
(64	,297)
(102	,297)
(134	,297)
(145	,297)
(204	,297)
(9	,298)
(12	,298)
(28	,298)
(40	,298)
(41	,298)
(82	,298)
(103	,298)
(108	,298)
(132	,298)
(145	,298)
(11	,299)
(15	,299)
(17	,299)
(39	,299)
(43	,299)
(53	,299)
(60	,299)
(61	,299)
(130	,299)
(295	,299)
(3	,300)
(9	,300)
(13	,300)
(16	,300)
(19	,300)
(36	,300)
(124	,300)
(186	,300)
(199	,300)
(242	,300)
(8	,301)
(13	,301)
(15	,301)
(30	,301)
(91	,301)
(100	,301)
(103	,301)
(121	,301)
(132	,301)
(255	,301)
(5	,302)
(7	,302)
(11	,302)
(20	,302)
(34	,302)
(45	,302)
(78	,302)
(153	,302)
(158	,302)
(274	,302)
(10	,303)
(14	,303)
(34	,303)
(41	,303)
(74	,303)
(79	,303)
(101	,303)
(117	,303)
(195	,303)
(259	,303)
(2	,304)
(18	,304)
(23	,304)
(31	,304)
(32	,304)
(44	,304)
(48	,304)
(62	,304)
(203	,304)
(252	,304)
(3	,305)
(12	,305)
(18	,305)
(22	,305)
(24	,305)
(65	,305)
(74	,305)
(121	,305)
(122	,305)
(276	,305)
(12	,306)
(17	,306)
(30	,306)
(64	,306)
(73	,306)
(105	,306)
(250	,306)
(265	,306)
(279	,306)
(304	,306)
(24	,307)
(43	,307)
(49	,307)
(54	,307)
(65	,307)
(68	,307)
(118	,307)
(202	,307)
(245	,307)
(285	,307)
(3	,308)
(8	,308)
(12	,308)
(14	,308)
(51	,308)
(73	,308)
(88	,308)
(93	,308)
(134	,308)
(157	,308)
(1	,309)
(11	,309)
(23	,309)
(24	,309)
(28	,309)
(53	,309)
(62	,309)
(79	,309)
(223	,309)
(291	,309)
(8	,310)
(32	,310)
(40	,310)
(43	,310)
(75	,310)
(130	,310)
(143	,310)
(144	,310)
(216	,310)
(249	,310)
(8	,311)
(54	,311)
(60	,311)
(68	,311)
(83	,311)
(96	,311)
(138	,311)
(194	,311)
(238	,311)
(264	,311)
(2	,312)
(4	,312)
(5	,312)
(13	,312)
(15	,312)
(45	,312)
(73	,312)
(79	,312)
(82	,312)
(141	,312)
(9	,313)
(20	,313)
(61	,313)
(62	,313)
(117	,313)
(160	,313)
(197	,313)
(210	,313)
(283	,313)
(304	,313)
(3	,314)
(12	,314)
(17	,314)
(18	,314)
(47	,314)
(48	,314)
(210	,314)
(216	,314)
(244	,314)
(268	,314)
(23	,315)
(25	,315)
(26	,315)
(95	,315)
(97	,315)
(213	,315)
(217	,315)
(218	,315)
(232	,315)
(240	,315)
(2	,316)
(16	,316)
(36	,316)
(50	,316)
(70	,316)
(113	,316)
(141	,316)
(167	,316)
(183	,316)
(273	,316)
(10	,317)
(18	,317)
(26	,317)
(75	,317)
(79	,317)
(90	,317)
(114	,317)
(125	,317)
(134	,317)
(136	,317)
(7	,318)
(16	,318)
(51	,318)
(95	,318)
(125	,318)
(139	,318)
(149	,318)
(253	,318)
(266	,318)
(292	,318)
(17	,319)
(22	,319)
(30	,319)
(48	,319)
(54	,319)
(91	,319)
(112	,319)
(138	,319)
(146	,319)
(275	,319)
(9	,320)
(20	,320)
(28	,320)
(33	,320)
(38	,320)
(61	,320)
(89	,320)
(96	,320)
(216	,320)
(247	,320)
(16	,321)
(59	,321)
(67	,321)
(102	,321)
(108	,321)
(113	,321)
(124	,321)
(163	,321)
(264	,321)
(295	,321)
(5	,322)
(11	,322)
(14	,322)
(16	,322)
(20	,322)
(24	,322)
(26	,322)
(34	,322)
(157	,322)
(160	,322)
(4	,323)
(12	,323)
(14	,323)
(22	,323)
(54	,323)
(62	,323)
(124	,323)
(140	,323)
(141	,323)
(284	,323)
(6	,324)
(9	,324)
(10	,324)
(18	,324)
(22	,324)
(51	,324)
(79	,324)
(149	,324)
(227	,324)
(229	,324)
(18	,325)
(89	,325)
(91	,325)
(102	,325)
(158	,325)
(166	,325)
(187	,325)
(218	,325)
(244	,325)
(316	,325)
(1	,326)
(28	,326)
(30	,326)
(35	,326)
(70	,326)
(152	,326)
(180	,326)
(231	,326)
(247	,326)
(249	,326)
(9	,327)
(28	,327)
(42	,327)
(48	,327)
(52	,327)
(70	,327)
(72	,327)
(180	,327)
(277	,327)
(285	,327)
(6	,328)
(15	,328)
(21	,328)
(27	,328)
(66	,328)
(114	,328)
(123	,328)
(189	,328)
(268	,328)
(284	,328)
(6	,329)
(16	,329)
(20	,329)
(21	,329)
(39	,329)
(42	,329)
(82	,329)
(99	,329)
(137	,329)
(261	,329)
(8	,330)
(10	,330)
(16	,330)
(22	,330)
(30	,330)
(34	,330)
(88	,330)
(103	,330)
(217	,330)
(235	,330)
(12	,331)
(14	,331)
(15	,331)
(132	,331)
(143	,331)
(168	,331)
(184	,331)
(201	,331)
(209	,331)
(224	,331)
(20	,332)
(29	,332)
(75	,332)
(94	,332)
(100	,332)
(125	,332)
(128	,332)
(188	,332)
(211	,332)
(231	,332)
(10	,333)
(15	,333)
(22	,333)
(81	,333)
(194	,333)
(195	,333)
(278	,333)
(287	,333)
(302	,333)
(323	,333)
(2	,334)
(3	,334)
(7	,334)
(12	,334)
(50	,334)
(71	,334)
(87	,334)
(121	,334)
(187	,334)
(259	,334)
(9	,335)
(66	,335)
(73	,335)
(74	,335)
(118	,335)
(162	,335)
(198	,335)
(225	,335)
(265	,335)
(291	,335)
(13	,336)
(14	,336)
(24	,336)
(49	,336)
(50	,336)
(62	,336)
(137	,336)
(141	,336)
(162	,336)
(278	,336)
(1	,337)
(7	,337)
(23	,337)
(79	,337)
(162	,337)
(164	,337)
(185	,337)
(268	,337)
(294	,337)
(302	,337)
(1	,338)
(12	,338)
(18	,338)
(71	,338)
(73	,338)
(119	,338)
(128	,338)
(137	,338)
(179	,338)
(231	,338)
(57	,339)
(72	,339)
(83	,339)
(95	,339)
(113	,339)
(163	,339)
(167	,339)
(246	,339)
(326	,339)
(338	,339)
(1	,340)
(2	,340)
(6	,340)
(9	,340)
(20	,340)
(22	,340)
(88	,340)
(132	,340)
(246	,340)
(307	,340)
(9	,341)
(30	,341)
(36	,341)
(53	,341)
(79	,341)
(95	,341)
(144	,341)
(242	,341)
(270	,341)
(340	,341)
(70	,342)
(79	,342)
(85	,342)
(95	,342)
(102	,342)
(113	,342)
(162	,342)
(199	,342)
(294	,342)
(325	,342)
(10	,343)
(12	,343)
(13	,343)
(34	,343)
(92	,343)
(108	,343)
(126	,343)
(168	,343)
(220	,343)
(313	,343)
(4	,344)
(10	,344)
(11	,344)
(12	,344)
(18	,344)
(39	,344)
(58	,344)
(107	,344)
(175	,344)
(250	,344)
(2	,345)
(11	,345)
(14	,345)
(16	,345)
(21	,345)
(65	,345)
(67	,345)
(164	,345)
(213	,345)
(301	,345)
(6	,346)
(7	,346)
(18	,346)
(22	,346)
(24	,346)
(25	,346)
(84	,346)
(281	,346)
(292	,346)
(330	,346)
(3	,347)
(4	,347)
(14	,347)
(25	,347)
(42	,347)
(58	,347)
(128	,347)
(205	,347)
(264	,347)
(324	,347)
(2	,348)
(84	,348)
(99	,348)
(115	,348)
(142	,348)
(147	,348)
(161	,348)
(180	,348)
(244	,348)
(262	,348)
(3	,349)
(4	,349)
(8	,349)
(61	,349)
(65	,349)
(94	,349)
(108	,349)
(118	,349)
(212	,349)
(299	,349)
(10	,350)
(12	,350)
(20	,350)
(24	,350)
(44	,350)
(52	,350)
(63	,350)
(165	,350)
(268	,350)
(282	,350)
(39	,351)
(43	,351)
(101	,351)
(113	,351)
(186	,351)
(193	,351)
(278	,351)
(293	,351)
(341	,351)
(342	,351)
(7	,352)
(12	,352)
(54	,352)
(118	,352)
(122	,352)
(137	,352)
(239	,352)
(250	,352)
(330	,352)
(349	,352)
(14	,353)
(22	,353)
(67	,353)
(110	,353)
(111	,353)
(127	,353)
(148	,353)
(192	,353)
(241	,353)
(302	,353)
(7	,354)
(66	,354)
(79	,354)
(97	,354)
(98	,354)
(101	,354)
(175	,354)
(180	,354)
(186	,354)
(299	,354)
(12	,355)
(39	,355)
(51	,355)
(70	,355)
(79	,355)
(127	,355)
(147	,355)
(213	,355)
(278	,355)
(306	,355)
(2	,356)
(19	,356)
(39	,356)
(45	,356)
(95	,356)
(135	,356)
(165	,356)
(167	,356)
(265	,356)
(275	,356)
(1	,357)
(12	,357)
(16	,357)
(17	,357)
(22	,357)
(26	,357)
(71	,357)
(95	,357)
(124	,357)
(321	,357)
(7	,358)
(9	,358)
(40	,358)
(56	,358)
(83	,358)
(92	,358)
(144	,358)
(156	,358)
(165	,358)
(337	,358)
(8	,359)
(9	,359)
(39	,359)
(49	,359)
(59	,359)
(84	,359)
(171	,359)
(247	,359)
(249	,359)
(283	,359)
(27	,360)
(29	,360)
(41	,360)
(52	,360)
(53	,360)
(124	,360)
(158	,360)
(224	,360)
(306	,360)
(325	,360)
(5	,361)
(13	,361)
(15	,361)
(36	,361)
(57	,361)
(58	,361)
(129	,361)
(205	,361)
(292	,361)
(331	,361)
(2	,362)
(5	,362)
(25	,362)
(159	,362)
(202	,362)
(239	,362)
(247	,362)
(253	,362)
(275	,362)
(335	,362)
(7	,363)
(9	,363)
(12	,363)
(19	,363)
(51	,363)
(52	,363)
(64	,363)
(72	,363)
(99	,363)
(135	,363)
(81	,364)
(118	,364)
(132	,364)
(141	,364)
(142	,364)
(231	,364)
(235	,364)
(284	,364)
(297	,364)
(326	,364)
(12	,365)
(16	,365)
(33	,365)
(41	,365)
(48	,365)
(108	,365)
(171	,365)
(224	,365)
(311	,365)
(342	,365)
(2	,366)
(9	,366)
(21	,366)
(56	,366)
(107	,366)
(108	,366)
(160	,366)
(213	,366)
(276	,366)
(338	,366)
(52	,367)
(70	,367)
(99	,367)
(104	,367)
(116	,367)
(122	,367)
(225	,367)
(227	,367)
(330	,367)
(341	,367)
(2	,368)
(5	,368)
(9	,368)
(31	,368)
(70	,368)
(71	,368)
(96	,368)
(113	,368)
(154	,368)
(355	,368)
(18	,369)
(21	,369)
(39	,369)
(45	,369)
(51	,369)
(62	,369)
(105	,369)
(110	,369)
(340	,369)
(364	,369)
(25	,370)
(40	,370)
(57	,370)
(98	,370)
(114	,370)
(115	,370)
(124	,370)
(151	,370)
(239	,370)
(287	,370)
(2	,371)
(17	,371)
(63	,371)
(64	,371)
(81	,371)
(94	,371)
(215	,371)
(306	,371)
(314	,371)
(340	,371)
(42	,372)
(48	,372)
(73	,372)
(110	,372)
(130	,372)
(167	,372)
(168	,372)
(237	,372)
(338	,372)
(365	,372)
(6	,373)
(12	,373)
(17	,373)
(18	,373)
(37	,373)
(40	,373)
(66	,373)
(120	,373)
(225	,373)
(285	,373)
(4	,374)
(15	,374)
(39	,374)
(47	,374)
(54	,374)
(63	,374)
(123	,374)
(168	,374)
(202	,374)
(295	,374)
(18	,375)
(55	,375)
(64	,375)
(93	,375)
(151	,375)
(155	,375)
(164	,375)
(263	,375)
(319	,375)
(354	,375)
(32	,376)
(48	,376)
(111	,376)
(173	,376)
(215	,376)
(225	,376)
(254	,376)
(281	,376)
(323	,376)
(363	,376)
(2	,377)
(17	,377)
(18	,377)
(20	,377)
(86	,377)
(104	,377)
(106	,377)
(144	,377)
(179	,377)
(359	,377)
(24	,378)
(36	,378)
(46	,378)
(53	,378)
(60	,378)
(197	,378)
(220	,378)
(240	,378)
(291	,378)
(342	,378)
(14	,379)
(16	,379)
(22	,379)
(31	,379)
(46	,379)
(55	,379)
(60	,379)
(101	,379)
(156	,379)
(216	,379)
(26	,380)
(45	,380)
(50	,380)
(58	,380)
(63	,380)
(66	,380)
(115	,380)
(179	,380)
(182	,380)
(226	,380)
(5	,381)
(12	,381)
(18	,381)
(45	,381)
(60	,381)
(161	,381)
(184	,381)
(226	,381)
(242	,381)
(314	,381)
(5	,382)
(25	,382)
(37	,382)
(92	,382)
(124	,382)
(125	,382)
(191	,382)
(227	,382)
(240	,382)
(286	,382)
(9	,383)
(11	,383)
(33	,383)
(66	,383)
(71	,383)
(80	,383)
(91	,383)
(152	,383)
(161	,383)
(340	,383)
(12	,384)
(26	,384)
(32	,384)
(49	,384)
(161	,384)
(163	,384)
(203	,384)
(247	,384)
(332	,384)
(379	,384)
(12	,385)
(16	,385)
(57	,385)
(91	,385)
(97	,385)
(133	,385)
(179	,385)
(235	,385)
(285	,385)
(380	,385)
(1	,386)
(8	,386)
(53	,386)
(66	,386)
(87	,386)
(99	,386)
(116	,386)
(215	,386)
(265	,386)
(271	,386)
(9	,387)
(11	,387)
(92	,387)
(115	,387)
(121	,387)
(171	,387)
(187	,387)
(236	,387)
(303	,387)
(317	,387)
(14	,388)
(19	,388)
(78	,388)
(120	,388)
(137	,388)
(147	,388)
(152	,388)
(173	,388)
(178	,388)
(209	,388)
(12	,389)
(94	,389)
(98	,389)
(105	,389)
(189	,389)
(265	,389)
(282	,389)
(296	,389)
(309	,389)
(319	,389)
(7	,390)
(16	,390)
(20	,390)
(71	,390)
(84	,390)
(129	,390)
(189	,390)
(197	,390)
(205	,390)
(221	,390)
(12	,391)
(18	,391)
(29	,391)
(72	,391)
(77	,391)
(117	,391)
(118	,391)
(129	,391)
(159	,391)
(215	,391)
(4	,392)
(25	,392)
(54	,392)
(71	,392)
(79	,392)
(93	,392)
(243	,392)
(326	,392)
(383	,392)
(391	,392)
(7	,393)
(41	,393)
(58	,393)
(161	,393)
(191	,393)
(215	,393)
(219	,393)
(227	,393)
(228	,393)
(239	,393)
(8	,394)
(18	,394)
(19	,394)
(32	,394)
(41	,394)
(60	,394)
(101	,394)
(141	,394)
(193	,394)
(355	,394)
(10	,395)
(28	,395)
(33	,395)
(35	,395)
(38	,395)
(112	,395)
(161	,395)
(178	,395)
(261	,395)
(330	,395)
(17	,396)
(27	,396)
(40	,396)
(54	,396)
(55	,396)
(66	,396)
(81	,396)
(96	,396)
(226	,396)
(290	,396)
(16	,397)
(22	,397)
(27	,397)
(35	,397)
(49	,397)
(153	,397)
(271	,397)
(307	,397)
(327	,397)
(373	,397)
(4	,398)
(16	,398)
(63	,398)
(83	,398)
(149	,398)
(153	,398)
(156	,398)
(189	,398)
(217	,398)
(243	,398)
(5	,399)
(7	,399)
(10	,399)
(16	,399)
(53	,399)
(61	,399)
(125	,399)
(278	,399)
(279	,399)
(370	,399)
(5	,400)
(8	,400)
(24	,400)
(38	,400)
(42	,400)
(60	,400)
(134	,400)
(190	,400)
(315	,400)
(383	,400)
(53	,401)
(67	,401)
(71	,401)
(132	,401)
(205	,401)
(206	,401)
(228	,401)
(237	,401)
(306	,401)
(349	,401)
(31	,402)
(36	,402)
(37	,402)
(75	,402)
(79	,402)
(109	,402)
(171	,402)
(191	,402)
(198	,402)
(391	,402)
(22	,403)
(23	,403)
(28	,403)
(51	,403)
(90	,403)
(104	,403)
(190	,403)
(198	,403)
(283	,403)
(388	,403)
(1	,404)
(11	,404)
(20	,404)
(29	,404)
(59	,404)
(160	,404)
(186	,404)
(263	,404)
(264	,404)
(393	,404)
(10	,405)
(16	,405)
(37	,405)
(39	,405)
(88	,405)
(144	,405)
(180	,405)
(189	,405)
(242	,405)
(260	,405)
(20	,406)
(73	,406)
(113	,406)
(132	,406)
(151	,406)
(166	,406)
(244	,406)
(283	,406)
(312	,406)
(384	,406)
(2	,407)
(5	,407)
(8	,407)
(13	,407)
(14	,407)
(80	,407)
(106	,407)
(172	,407)
(342	,407)
(347	,407)
(6	,408)
(8	,408)
(10	,408)
(26	,408)
(55	,408)
(70	,408)
(122	,408)
(383	,408)
(401	,408)
(405	,408)
(9	,409)
(11	,409)
(19	,409)
(70	,409)
(111	,409)
(180	,409)
(185	,409)
(201	,409)
(219	,409)
(327	,409)
(2	,410)
(3	,410)
(18	,410)
(56	,410)
(59	,410)
(109	,410)
(130	,410)
(163	,410)
(331	,410)
(348	,410)
(22	,411)
(37	,411)
(53	,411)
(58	,411)
(104	,411)
(247	,411)
(254	,411)
(284	,411)
(355	,411)
(371	,411)
(3	,412)
(5	,412)
(9	,412)
(14	,412)
(100	,412)
(153	,412)
(179	,412)
(220	,412)
(221	,412)
(283	,412)
(2	,413)
(22	,413)
(50	,413)
(94	,413)
(126	,413)
(178	,413)
(212	,413)
(272	,413)
(273	,413)
(361	,413)
(37	,414)
(39	,414)
(70	,414)
(117	,414)
(226	,414)
(232	,414)
(234	,414)
(331	,414)
(341	,414)
(411	,414)
(23	,415)
(38	,415)
(73	,415)
(79	,415)
(85	,415)
(97	,415)
(135	,415)
(265	,415)
(371	,415)
(391	,415)
(9	,416)
(12	,416)
(46	,416)
(59	,416)
(61	,416)
(124	,416)
(133	,416)
(226	,416)
(366	,416)
(391	,416)
(14	,417)
(28	,417)
(81	,417)
(101	,417)
(212	,417)
(277	,417)
(369	,417)
(379	,417)
(395	,417)
(400	,417)
(2	,418)
(9	,418)
(16	,418)
(18	,418)
(32	,418)
(33	,418)
(66	,418)
(151	,418)
(163	,418)
(363	,418)
(11	,419)
(22	,419)
(25	,419)
(93	,419)
(95	,419)
(130	,419)
(172	,419)
(213	,419)
(214	,419)
(352	,419)
(7	,420)
(13	,420)
(95	,420)
(160	,420)
(167	,420)
(191	,420)
(316	,420)
(331	,420)
(349	,420)
(370	,420)
(5	,421)
(80	,421)
(114	,421)
(181	,421)
(206	,421)
(249	,421)
(266	,421)
(274	,421)
(370	,421)
(420	,421)
(2	,422)
(9	,422)
(24	,422)
(63	,422)
(99	,422)
(156	,422)
(274	,422)
(310	,422)
(316	,422)
(385	,422)
(3	,423)
(4	,423)
(29	,423)
(44	,423)
(104	,423)
(107	,423)
(126	,423)
(217	,423)
(219	,423)
(369	,423)
(9	,424)
(18	,424)
(32	,424)
(48	,424)
(50	,424)
(68	,424)
(85	,424)
(106	,424)
(187	,424)
(215	,424)
(16	,425)
(21	,425)
(50	,425)
(66	,425)
(68	,425)
(81	,425)
(86	,425)
(116	,425)
(157	,425)
(270	,425)
(3	,426)
(11	,426)
(29	,426)
(59	,426)
(62	,426)
(121	,426)
(255	,426)
(265	,426)
(353	,426)
(393	,426)
(3	,427)
(5	,427)
(9	,427)
(12	,427)
(58	,427)
(123	,427)
(147	,427)
(263	,427)
(271	,427)
(382	,427)
(11	,428)
(13	,428)
(58	,428)
(89	,428)
(108	,428)
(111	,428)
(182	,428)
(195	,428)
(242	,428)
(343	,428)
(5	,429)
(7	,429)
(36	,429)
(59	,429)
(107	,429)
(154	,429)
(170	,429)
(235	,429)
(251	,429)
(387	,429)
(16	,430)
(23	,430)
(35	,430)
(135	,430)
(147	,430)
(198	,430)
(237	,430)
(274	,430)
(283	,430)
(376	,430)
(11	,431)
(15	,431)
(16	,431)
(76	,431)
(110	,431)
(122	,431)
(137	,431)
(226	,431)
(265	,431)
(333	,431)
(2	,432)
(3	,432)
(24	,432)
(29	,432)
(39	,432)
(107	,432)
(164	,432)
(180	,432)
(247	,432)
(378	,432)
(11	,433)
(12	,433)
(21	,433)
(52	,433)
(125	,433)
(158	,433)
(214	,433)
(218	,433)
(244	,433)
(415	,433)
(9	,434)
(10	,434)
(25	,434)
(50	,434)
(78	,434)
(87	,434)
(265	,434)
(313	,434)
(405	,434)
(422	,434)
(71	,435)
(79	,435)
(80	,435)
(163	,435)
(187	,435)
(254	,435)
(286	,435)
(344	,435)
(395	,435)
(415	,435)
(1	,436)
(8	,436)
(21	,436)
(23	,436)
(33	,436)
(58	,436)
(80	,436)
(212	,436)
(311	,436)
(384	,436)
(20	,437)
(59	,437)
(119	,437)
(143	,437)
(192	,437)
(199	,437)
(255	,437)
(313	,437)
(423	,437)
(427	,437)
(1	,438)
(11	,438)
(55	,438)
(122	,438)
(211	,438)
(224	,438)
(308	,438)
(338	,438)
(345	,438)
(360	,438)
(9	,439)
(60	,439)
(72	,439)
(94	,439)
(113	,439)
(124	,439)
(152	,439)
(187	,439)
(258	,439)
(275	,439)
(2	,440)
(21	,440)
(38	,440)
(39	,440)
(46	,440)
(63	,440)
(129	,440)
(187	,440)
(412	,440)
(428	,440)
(2	,441)
(12	,441)
(30	,441)
(31	,441)
(98	,441)
(110	,441)
(141	,441)
(206	,441)
(314	,441)
(384	,441)
(1	,442)
(22	,442)
(30	,442)
(65	,442)
(69	,442)
(86	,442)
(94	,442)
(138	,442)
(332	,442)
(346	,442)
(4	,443)
(19	,443)
(28	,443)
(89	,443)
(111	,443)
(127	,443)
(128	,443)
(169	,443)
(260	,443)
(332	,443)
(24	,444)
(28	,444)
(56	,444)
(60	,444)
(79	,444)
(207	,444)
(286	,444)
(287	,444)
(324	,444)
(426	,444)
(27	,445)
(60	,445)
(68	,445)
(75	,445)
(104	,445)
(131	,445)
(157	,445)
(178	,445)
(244	,445)
(330	,445)
(2	,446)
(18	,446)
(20	,446)
(22	,446)
(36	,446)
(54	,446)
(112	,446)
(190	,446)
(348	,446)
(427	,446)
(5	,447)
(34	,447)
(40	,447)
(55	,447)
(63	,447)
(225	,447)
(283	,447)
(306	,447)
(329	,447)
(367	,447)
(18	,448)
(42	,448)
(50	,448)
(112	,448)
(185	,448)
(224	,448)
(305	,448)
(338	,448)
(365	,448)
(424	,448)
(11	,449)
(25	,449)
(28	,449)
(120	,449)
(220	,449)
(251	,449)
(287	,449)
(324	,449)
(369	,449)
(386	,449)
(14	,450)
(23	,450)
(60	,450)
(115	,450)
(169	,450)
(244	,450)
(256	,450)
(314	,450)
(387	,450)
(436	,450)
(2	,451)
(17	,451)
(30	,451)
(44	,451)
(47	,451)
(71	,451)
(170	,451)
(261	,451)
(287	,451)
(357	,451)
(18	,452)
(21	,452)
(23	,452)
(32	,452)
(59	,452)
(79	,452)
(102	,452)
(116	,452)
(229	,452)
(367	,452)
(26	,453)
(28	,453)
(31	,453)
(58	,453)
(116	,453)
(150	,453)
(192	,453)
(203	,453)
(307	,453)
(437	,453)
(8	,454)
(11	,454)
(54	,454)
(63	,454)
(106	,454)
(180	,454)
(270	,454)
(271	,454)
(346	,454)
(434	,454)
(7	,455)
(15	,455)
(28	,455)
(41	,455)
(125	,455)
(227	,455)
(272	,455)
(324	,455)
(331	,455)
(413	,455)
(10	,456)
(17	,456)
(24	,456)
(25	,456)
(100	,456)
(132	,456)
(197	,456)
(198	,456)
(225	,456)
(382	,456)
(8	,457)
(18	,457)
(37	,457)
(63	,457)
(135	,457)
(208	,457)
(221	,457)
(227	,457)
(276	,457)
(455	,457)
(42	,458)
(65	,458)
(70	,458)
(74	,458)
(85	,458)
(90	,458)
(142	,458)
(185	,458)
(390	,458)
(424	,458)
(12	,459)
(17	,459)
(21	,459)
(64	,459)
(85	,459)
(144	,459)
(155	,459)
(187	,459)
(319	,459)
(384	,459)
(12	,460)
(70	,460)
(77	,460)
(148	,460)
(163	,460)
(332	,460)
(336	,460)
(352	,460)
(416	,460)
(449	,460)
(31	,461)
(32	,461)
(58	,461)
(62	,461)
(68	,461)
(71	,461)
(163	,461)
(166	,461)
(274	,461)
(338	,461)
(7	,462)
(47	,462)
(55	,462)
(93	,462)
(178	,462)
(187	,462)
(275	,462)
(318	,462)
(343	,462)
(367	,462)
(2	,463)
(6	,463)
(9	,463)
(19	,463)
(58	,463)
(64	,463)
(222	,463)
(228	,463)
(239	,463)
(415	,463)
(7	,464)
(18	,464)
(93	,464)
(113	,464)
(123	,464)
(178	,464)
(218	,464)
(231	,464)
(401	,464)
(442	,464)
(28	,465)
(53	,465)
(65	,465)
(97	,465)
(144	,465)
(160	,465)
(180	,465)
(225	,465)
(230	,465)
(433	,465)
(5	,466)
(13	,466)
(29	,466)
(54	,466)
(100	,466)
(101	,466)
(111	,466)
(198	,466)
(226	,466)
(405	,466)
(22	,467)
(94	,467)
(277	,467)
(284	,467)
(312	,467)
(313	,467)
(314	,467)
(342	,467)
(367	,467)
(411	,467)
(6	,468)
(14	,468)
(17	,468)
(18	,468)
(31	,468)
(41	,468)
(118	,468)
(146	,468)
(195	,468)
(305	,468)
(3	,469)
(15	,469)
(16	,469)
(17	,469)
(38	,469)
(57	,469)
(71	,469)
(123	,469)
(181	,469)
(353	,469)
(2	,470)
(5	,470)
(20	,470)
(90	,470)
(141	,470)
(185	,470)
(248	,470)
(314	,470)
(410	,470)
(435	,470)
(5	,471)
(6	,471)
(10	,471)
(17	,471)
(87	,471)
(147	,471)
(285	,471)
(332	,471)
(346	,471)
(354	,471)
(9	,472)
(133	,472)
(186	,472)
(259	,472)
(261	,472)
(301	,472)
(304	,472)
(336	,472)
(337	,472)
(370	,472)
(5	,473)
(45	,473)
(48	,473)
(50	,473)
(55	,473)
(76	,473)
(132	,473)
(178	,473)
(297	,473)
(309	,473)
(3	,474)
(6	,474)
(25	,474)
(33	,474)
(47	,474)
(51	,474)
(57	,474)
(64	,474)
(190	,474)
(208	,474)
(1	,475)
(2	,475)
(11	,475)
(43	,475)
(46	,475)
(72	,475)
(207	,475)
(291	,475)
(311	,475)
(434	,475)
(11	,476)
(52	,476)
(53	,476)
(84	,476)
(141	,476)
(147	,476)
(188	,476)
(255	,476)
(307	,476)
(467	,476)
(3	,477)
(15	,477)
(16	,477)
(23	,477)
(55	,477)
(79	,477)
(116	,477)
(189	,477)
(207	,477)
(461	,477)
(2	,478)
(14	,478)
(26	,478)
(42	,478)
(88	,478)
(188	,478)
(275	,478)
(294	,478)
(336	,478)
(396	,478)
(30	,479)
(44	,479)
(104	,479)
(139	,479)
(293	,479)
(294	,479)
(298	,479)
(302	,479)
(322	,479)
(409	,479)
(12	,480)
(50	,480)
(111	,480)
(118	,480)
(128	,480)
(130	,480)
(144	,480)
(155	,480)
(222	,480)
(262	,480)
(9	,481)
(19	,481)
(51	,481)
(91	,481)
(124	,481)
(160	,481)
(338	,481)
(412	,481)
(442	,481)
(443	,481)
(9	,482)
(13	,482)
(38	,482)
(138	,482)
(164	,482)
(177	,482)
(275	,482)
(362	,482)
(381	,482)
(391	,482)
(3	,483)
(17	,483)
(36	,483)
(81	,483)
(120	,483)
(161	,483)
(175	,483)
(295	,483)
(400	,483)
(410	,483)
(5	,484)
(30	,484)
(53	,484)
(99	,484)
(165	,484)
(199	,484)
(272	,484)
(310	,484)
(408	,484)
(441	,484)
(7	,485)
(8	,485)
(20	,485)
(22	,485)
(39	,485)
(85	,485)
(180	,485)
(348	,485)
(362	,485)
(391	,485)
(3	,486)
(14	,486)
(53	,486)
(65	,486)
(114	,486)
(165	,486)
(194	,486)
(252	,486)
(267	,486)
(318	,486)
(8	,487)
(16	,487)
(79	,487)
(103	,487)
(108	,487)
(128	,487)
(137	,487)
(171	,487)
(369	,487)
(428	,487)
(18	,488)
(23	,488)
(51	,488)
(81	,488)
(108	,488)
(152	,488)
(219	,488)
(431	,488)
(463	,488)
(464	,488)
(1	,489)
(3	,489)
(15	,489)
(22	,489)
(47	,489)
(77	,489)
(108	,489)
(240	,489)
(486	,489)
(488	,489)
(5	,490)
(44	,490)
(86	,490)
(122	,490)
(161	,490)
(252	,490)
(295	,490)
(309	,490)
(389	,490)
(439	,490)
(5	,491)
(11	,491)
(35	,491)
(115	,491)
(203	,491)
(234	,491)
(251	,491)
(252	,491)
(264	,491)
(339	,491)
(9	,492)
(83	,492)
(178	,492)
(221	,492)
(257	,492)
(272	,492)
(280	,492)
(375	,492)
(407	,492)
(455	,492)
(34	,493)
(40	,493)
(87	,493)
(96	,493)
(202	,493)
(281	,493)
(285	,493)
(365	,493)
(370	,493)
(382	,493)
(37	,494)
(44	,494)
(71	,494)
(78	,494)
(99	,494)
(106	,494)
(116	,494)
(184	,494)
(198	,494)
(324	,494)
(5	,495)
(18	,495)
(29	,495)
(80	,495)
(122	,495)
(141	,495)
(152	,495)
(160	,495)
(211	,495)
(409	,495)
(11	,496)
(31	,496)
(35	,496)
(44	,496)
(61	,496)
(73	,496)
(263	,496)
(381	,496)
(384	,496)
(386	,496)
(12	,497)
(16	,497)
(23	,497)
(107	,497)
(148	,497)
(312	,497)
(313	,497)
(347	,497)
(351	,497)
(453	,497)
(4	,498)
(8	,498)
(16	,498)
(50	,498)
(95	,498)
(148	,498)
(176	,498)
(190	,498)
(196	,498)
(357	,498)
(9	,499)
(14	,499)
(35	,499)
(47	,499)
(125	,499)
(129	,499)
(185	,499)
(198	,499)
(312	,499)
(326	,499)
(12	,500)
(15	,500)
(42	,500)
(58	,500)
(75	,500)
(195	,500)
(280	,500)
(302	,500)
(315	,500)
(352	,500)
