131 138 1
109 131 2
109 110 3
109 117 4
68 109 5
109 134 6
109 139 7
110 117 8
110 139 9
131 140 10
109 140 11
117 134 12
122 138 13
109 142 14
109 152 15
5 86 16
128 138 17
45 109 18
109 148 19
138 141 20
137 138 21
94 122 22
109 146 23
122 132 24
68 131 25
108 109 26
5 72 27
5 87 28
17 20 29
68 140 30
5 154 31
5 37 32
5 61 33
16 17 34
20 124 35
5 27 36
97 98 37
16 20 38
20 43 39
45 108 40
20 118 41
45 148 42
128 129 43
69 124 44
108 112 45
36 106 46
44 109 47
5 155 48
20 46 49
36 72 50
40 41 51
5 100 52
72 113 53
5 104 54
41 42 55
19 65 56
93 94 57
20 45 58
5 70 59
61 107 60
61 114 61
5 54 62
20 65 63
62 114 64
19 94 65
40 42 66
44 148 67
9 105 68
5 111 69
41 150 70
48 49 71
41 127 72
41 130 73
9 10 74
44 45 75
5 99 76
9 153 77
9 126 78
41 125 79
61 62 80
19 93 81
45 65 82
64 68 83
86 87 84
115 126 85
34 89 86
20 44 87
126 153 88
66 67 89
14 62 90
38 44 91
115 153 92
9 115 93
13 34 94
55 65 95
47 65 96
11 135 97
63 68 98
5 26 99
44 48 100
6 68 101
44 49 102
63 64 103
34 44 104
44 65 105
44 89 106
11 39 107
13 44 108
6 64 109
115 116 110
6 63 111
11 88 112
37 154 113
25 116 114
25 115 115
39 88 116
22 44 117
25 101 118
83 88 119
38 88 120
88 96 121
24 99 122
6 7 123
38 83 124
6 85 125
38 95 126
60 156 127
24 25 128
7 85 129
38 96 130
24 101 131
1 24 132
24 29 133
59 60 134
83 96 135
1 2 136
6 8 137
91 99 138
95 96 139
8 85 140
7 8 141
102 103 142
14 103 143
14 102 144
28 30 145
29 30 146
28 29 147
