(0, 247)
(0, 253)
(0, 700)
(1, 255)
(1, 304)
(1, 354)
(2, 5)
(3, 4)
(3, 5)
(3, 8)
(3, 149)
(3, 151)
(3, 184)
(3, 398)
(3, 421)
(3, 437)
(3, 463)
(3, 492)
(3, 639)
(3, 795)
(4, 6)
(4, 267)
(4, 398)
(4, 646)
(4, 694)
(4, 764)
(4, 793)
(6, 8)
(6, 149)
(6, 151)
(6, 174)
(6, 398)
(6, 463)
(6, 494)
(6, 550)
(6, 646)
(6, 694)
(6, 764)
(6, 769)
(6, 770)
(6, 793)
(6, 856)
(7, 769)
(8, 81)
(8, 107)
(8, 151)
(8, 174)
(8, 325)
(8, 646)
(8, 776)
(8, 796)
(9, 318)
(9, 435)
(10, 534)
(10, 832)
(12, 162)
(12, 311)
(13, 38)
(13, 96)
(13, 144)
(13, 205)
(13, 271)
(13, 277)
(13, 322)
(13, 373)
(13, 401)
(13, 406)
(13, 528)
(13, 778)
(13, 809)
(13, 850)
(13, 855)
(14, 53)
(14, 116)
(14, 136)
(14, 192)
(14, 323)
(14, 335)
(14, 336)
(14, 448)
(14, 449)
(14, 468)
(14, 522)
(14, 673)
(14, 680)
(14, 725)
(14, 814)
(14, 833)
(15, 16)
(17, 122)
(18, 309)
(19, 167)
(20, 542)
(21, 22)
(21, 100)
(21, 803)
(22, 165)
(22, 203)
(23, 188)
(23, 191)
(24, 53)
(24, 181)
(24, 227)
(24, 255)
(24, 304)
(24, 354)
(24, 455)
(24, 522)
(26, 433)
(27, 28)
(29, 144)
(30, 195)
(30, 478)
(30, 582)
(30, 738)
(30, 819)
(31, 39)
(31, 203)
(31, 272)
(31, 389)
(31, 613)
(31, 773)
(32, 37)
(32, 281)
(33, 84)
(34, 120)
(34, 500)
(34, 842)
(35, 113)
(35, 120)
(35, 181)
(35, 224)
(35, 227)
(35, 255)
(35, 304)
(35, 354)
(35, 375)
(35, 455)
(35, 474)
(35, 500)
(35, 629)
(35, 814)
(35, 842)
(36, 123)
(36, 258)
(36, 596)
(36, 623)
(36, 641)
(37, 144)
(38, 46)
(38, 135)
(38, 179)
(38, 222)
(38, 274)
(38, 279)
(38, 282)
(38, 324)
(38, 325)
(38, 381)
(38, 385)
(38, 393)
(38, 398)
(38, 431)
(38, 467)
(38, 474)
(38, 498)
(38, 532)
(38, 538)
(38, 578)
(38, 587)
(38, 621)
(38, 630)
(38, 649)
(38, 666)
(38, 766)
(38, 780)
(38, 807)
(38, 809)
(38, 849)
(38, 863)
(39, 40)
(39, 71)
(39, 120)
(39, 125)
(39, 144)
(39, 163)
(39, 203)
(39, 218)
(39, 389)
(39, 394)
(39, 457)
(39, 500)
(39, 505)
(39, 550)
(39, 585)
(39, 613)
(39, 627)
(39, 675)
(39, 698)
(39, 699)
(39, 706)
(39, 773)
(39, 822)
(39, 842)
(40, 216)
(41, 159)
(41, 209)
(41, 799)
(42, 88)
(42, 258)
(42, 623)
(42, 641)
(42, 659)
(42, 790)
(42, 813)
(43, 47)
(43, 100)
(43, 109)
(43, 177)
(43, 234)
(43, 277)
(43, 344)
(43, 464)
(43, 483)
(43, 528)
(43, 529)
(43, 608)
(43, 618)
(44, 102)
(44, 258)
(44, 275)
(45, 266)
(46, 120)
(46, 124)
(46, 139)
(46, 144)
(46, 401)
(46, 406)
(46, 500)
(46, 524)
(46, 660)
(46, 842)
(46, 855)
(47, 112)
(47, 344)
(47, 464)
(47, 483)
(47, 529)
(47, 565)
(47, 608)
(47, 618)
(48, 51)
(48, 135)
(48, 252)
(48, 489)
(48, 518)
(48, 572)
(48, 588)
(48, 649)
(48, 673)
(48, 702)
(48, 722)
(48, 809)
(48, 853)
(49, 120)
(49, 500)
(49, 842)
(51, 135)
(51, 252)
(51, 489)
(51, 518)
(51, 572)
(51, 588)
(51, 649)
(51, 673)
(51, 702)
(51, 722)
(51, 809)
(51, 853)
(52, 654)
(53, 116)
(53, 154)
(53, 192)
(53, 336)
(53, 448)
(53, 449)
(53, 468)
(53, 522)
(53, 565)
(53, 617)
(53, 680)
(53, 725)
(53, 750)
(53, 818)
(54, 120)
(54, 144)
(54, 500)
(54, 842)
(55, 284)
(56, 623)
(56, 861)
(57, 660)
(58, 356)
(58, 638)
(60, 836)
(61, 403)
(61, 474)
(62, 571)
(62, 692)
(65, 507)
(65, 727)
(66, 127)
(66, 131)
(66, 166)
(66, 215)
(66, 299)
(66, 301)
(66, 346)
(66, 446)
(66, 544)
(66, 549)
(66, 593)
(66, 635)
(66, 658)
(67, 448)
(67, 680)
(68, 340)
(68, 440)
(68, 442)
(68, 470)
(68, 696)
(68, 707)
(69, 820)
(70, 71)
(70, 72)
(70, 73)
(70, 120)
(70, 272)
(70, 471)
(70, 474)
(70, 500)
(70, 842)
(71, 72)
(71, 73)
(71, 81)
(71, 107)
(71, 505)
(71, 675)
(71, 698)
(71, 699)
(72, 73)
(74, 744)
(75, 254)
(75, 369)
(76, 474)
(77, 78)
(77, 142)
(77, 519)
(77, 523)
(78, 379)
(78, 519)
(78, 523)
(79, 309)
(80, 252)
(80, 274)
(80, 588)
(80, 702)
(81, 93)
(81, 107)
(81, 203)
(81, 218)
(81, 263)
(81, 292)
(81, 325)
(81, 368)
(81, 379)
(81, 397)
(81, 411)
(81, 474)
(81, 503)
(81, 505)
(81, 517)
(81, 565)
(81, 574)
(81, 660)
(81, 758)
(81, 770)
(81, 782)
(81, 821)
(82, 224)
(82, 227)
(82, 317)
(82, 409)
(82, 455)
(83, 247)
(83, 253)
(83, 700)
(84, 250)
(84, 252)
(84, 407)
(84, 498)
(84, 532)
(84, 588)
(84, 606)
(84, 702)
(84, 807)
(85, 585)
(86, 126)
(86, 566)
(86, 812)
(87, 116)
(87, 225)
(87, 226)
(87, 324)
(87, 337)
(87, 558)
(87, 840)
(87, 850)
(87, 851)
(88, 110)
(88, 169)
(88, 623)
(88, 641)
(88, 659)
(89, 144)
(90, 508)
(91, 637)
(92, 333)
(93, 107)
(93, 368)
(93, 411)
(93, 466)
(93, 503)
(93, 569)
(93, 620)
(93, 821)
(94, 440)
(94, 696)
(95, 120)
(95, 500)
(95, 547)
(95, 842)
(96, 144)
(96, 171)
(96, 179)
(96, 220)
(96, 222)
(96, 226)
(96, 275)
(96, 322)
(96, 325)
(96, 338)
(96, 474)
(96, 551)
(96, 553)
(96, 554)
(96, 558)
(96, 672)
(96, 673)
(96, 778)
(96, 783)
(96, 784)
(96, 785)
(96, 810)
(96, 850)
(96, 851)
(97, 438)
(97, 485)
(98, 474)
(99, 598)
(100, 165)
(100, 344)
(100, 464)
(100, 483)
(100, 529)
(100, 788)
(101, 800)
(102, 117)
(102, 172)
(102, 180)
(102, 182)
(102, 187)
(102, 222)
(102, 225)
(102, 243)
(102, 265)
(102, 282)
(102, 283)
(102, 292)
(102, 293)
(102, 323)
(102, 324)
(102, 326)
(102, 327)
(102, 393)
(102, 432)
(102, 548)
(102, 552)
(102, 555)
(102, 556)
(102, 557)
(102, 559)
(102, 560)
(102, 660)
(102, 674)
(102, 688)
(102, 779)
(102, 782)
(102, 789)
(102, 790)
(102, 840)
(102, 849)
(102, 852)
(103, 252)
(103, 366)
(103, 407)
(103, 498)
(103, 532)
(103, 533)
(103, 588)
(103, 702)
(103, 742)
(103, 807)
(104, 118)
(104, 738)
(104, 740)
(104, 819)
(105, 606)
(106, 474)
(107, 203)
(107, 218)
(107, 263)
(107, 292)
(107, 325)
(107, 368)
(107, 379)
(107, 397)
(107, 411)
(107, 474)
(107, 503)
(107, 505)
(107, 517)
(107, 565)
(107, 574)
(107, 660)
(107, 758)
(107, 770)
(107, 782)
(107, 821)
(108, 127)
(108, 131)
(108, 166)
(108, 215)
(108, 299)
(108, 301)
(108, 346)
(108, 446)
(108, 544)
(108, 549)
(108, 593)
(108, 635)
(108, 658)
(109, 413)
(109, 610)
(110, 213)
(110, 310)
(110, 372)
(110, 531)
(110, 651)
(110, 832)
(111, 120)
(111, 500)
(111, 842)
(112, 205)
(112, 271)
(112, 373)
(112, 464)
(112, 608)
(113, 181)
(113, 227)
(113, 255)
(113, 304)
(113, 354)
(113, 455)
(113, 494)
(113, 642)
(113, 694)
(113, 764)
(114, 448)
(114, 625)
(114, 680)
(116, 192)
(116, 336)
(116, 448)
(116, 522)
(116, 640)
(116, 680)
(116, 725)
(116, 833)
(117, 172)
(117, 180)
(117, 182)
(117, 187)
(117, 222)
(117, 225)
(117, 283)
(117, 292)
(117, 293)
(117, 323)
(117, 324)
(117, 326)
(117, 327)
(117, 393)
(117, 432)
(117, 552)
(117, 555)
(117, 556)
(117, 557)
(117, 559)
(117, 560)
(117, 660)
(117, 674)
(117, 688)
(117, 779)
(117, 782)
(117, 789)
(117, 790)
(117, 840)
(117, 849)
(117, 852)
(118, 159)
(118, 474)
(118, 614)
(118, 645)
(118, 656)
(118, 661)
(118, 740)
(120, 123)
(120, 143)
(120, 146)
(120, 163)
(120, 164)
(120, 203)
(120, 218)
(120, 237)
(120, 291)
(120, 297)
(120, 332)
(120, 342)
(120, 343)
(120, 353)
(120, 355)
(120, 358)
(120, 374)
(120, 377)
(120, 384)
(120, 394)
(120, 457)
(120, 471)
(120, 479)
(120, 504)
(120, 505)
(120, 568)
(120, 597)
(120, 599)
(120, 621)
(120, 647)
(120, 648)
(120, 656)
(120, 660)
(120, 674)
(120, 690)
(120, 691)
(120, 701)
(120, 706)
(120, 745)
(120, 755)
(120, 767)
(120, 780)
(120, 823)
(120, 832)
(120, 858)
(120, 864)
(120, 865)
(120, 866)
(120, 868)
(121, 474)
(122, 506)
(122, 508)
(122, 509)
(122, 536)
(122, 733)
(122, 734)
(123, 203)
(123, 360)
(123, 389)
(123, 500)
(123, 505)
(123, 585)
(123, 623)
(123, 641)
(123, 716)
(123, 773)
(123, 842)
(124, 135)
(124, 231)
(124, 274)
(124, 436)
(124, 617)
(124, 621)
(124, 818)
(125, 272)
(125, 613)
(126, 571)
(127, 130)
(127, 134)
(127, 184)
(127, 300)
(127, 328)
(127, 339)
(127, 347)
(127, 370)
(127, 421)
(127, 445)
(127, 492)
(127, 592)
(127, 634)
(127, 639)
(128, 333)
(129, 483)
(129, 561)
(129, 608)
(129, 617)
(129, 636)
(129, 808)
(129, 818)
(130, 131)
(130, 166)
(130, 215)
(130, 299)
(130, 301)
(130, 346)
(130, 446)
(130, 544)
(130, 549)
(130, 593)
(130, 635)
(130, 658)
(131, 134)
(131, 184)
(131, 300)
(131, 328)
(131, 339)
(131, 347)
(131, 370)
(131, 421)
(131, 445)
(131, 492)
(131, 592)
(131, 634)
(131, 639)
(132, 205)
(132, 271)
(132, 373)
(132, 410)
(132, 474)
(133, 257)
(134, 166)
(134, 215)
(134, 299)
(134, 301)
(134, 346)
(134, 446)
(134, 544)
(134, 549)
(134, 593)
(134, 635)
(134, 658)
(135, 252)
(135, 274)
(135, 366)
(135, 385)
(135, 407)
(135, 431)
(135, 441)
(135, 489)
(135, 498)
(135, 518)
(135, 532)
(135, 533)
(135, 572)
(135, 588)
(135, 649)
(135, 702)
(135, 722)
(135, 724)
(135, 728)
(135, 737)
(135, 807)
(135, 850)
(135, 853)
(135, 855)
(136, 192)
(136, 335)
(136, 336)
(136, 725)
(137, 144)
(137, 477)
(138, 474)
(139, 198)
(139, 360)
(139, 496)
(139, 616)
(139, 621)
(139, 657)
(139, 756)
(140, 143)
(140, 177)
(140, 206)
(140, 401)
(140, 406)
(140, 474)
(140, 550)
(140, 613)
(140, 661)
(141, 815)
(142, 523)
(143, 193)
(143, 270)
(143, 401)
(143, 406)
(143, 499)
(143, 500)
(143, 842)
(144, 151)
(144, 176)
(144, 179)
(144, 180)
(144, 182)
(144, 222)
(144, 223)
(144, 226)
(144, 251)
(144, 281)
(144, 282)
(144, 294)
(144, 298)
(144, 310)
(144, 318)
(144, 322)
(144, 323)
(144, 324)
(144, 325)
(144, 326)
(144, 327)
(144, 334)
(144, 338)
(144, 359)
(144, 366)
(144, 393)
(144, 399)
(144, 404)
(144, 435)
(144, 444)
(144, 460)
(144, 463)
(144, 480)
(144, 490)
(144, 499)
(144, 501)
(144, 512)
(144, 524)
(144, 533)
(144, 537)
(144, 550)
(144, 551)
(144, 552)
(144, 554)
(144, 555)
(144, 556)
(144, 557)
(144, 559)
(144, 560)
(144, 564)
(144, 575)
(144, 584)
(144, 621)
(144, 624)
(144, 670)
(144, 673)
(144, 713)
(144, 716)
(144, 738)
(144, 752)
(144, 760)
(144, 777)
(144, 778)
(144, 784)
(144, 789)
(144, 819)
(144, 825)
(144, 829)
(144, 830)
(145, 147)
(145, 704)
(146, 500)
(146, 842)
(147, 704)
(148, 151)
(148, 488)
(149, 267)
(149, 694)
(149, 764)
(149, 769)
(149, 770)
(149, 791)
(150, 437)
(150, 796)
(151, 153)
(151, 644)
(151, 769)
(151, 770)
(151, 788)
(151, 798)
(151, 856)
(152, 184)
(152, 379)
(152, 421)
(152, 492)
(152, 639)
(152, 795)
(153, 437)
(153, 550)
(153, 732)
(154, 522)
(155, 268)
(155, 747)
(156, 318)
(156, 435)
(157, 159)
(157, 366)
(157, 533)
(158, 422)
(159, 740)
(159, 799)
(161, 692)
(162, 181)
(162, 255)
(162, 304)
(162, 354)
(162, 364)
(162, 629)
(163, 253)
(163, 254)
(163, 500)
(163, 579)
(163, 728)
(163, 842)
(164, 500)
(164, 842)
(165, 803)
(166, 184)
(166, 300)
(166, 328)
(166, 339)
(166, 347)
(166, 370)
(166, 421)
(166, 445)
(166, 492)
(166, 592)
(166, 634)
(166, 639)
(168, 474)
(169, 213)
(169, 310)
(169, 372)
(169, 531)
(169, 651)
(169, 832)
(170, 797)
(171, 179)
(171, 220)
(171, 275)
(171, 322)
(171, 325)
(171, 338)
(171, 551)
(171, 553)
(171, 554)
(171, 558)
(171, 672)
(171, 673)
(171, 778)
(171, 783)
(171, 784)
(171, 785)
(171, 810)
(171, 850)
(171, 851)
(172, 179)
(172, 180)
(172, 182)
(172, 187)
(172, 222)
(172, 225)
(172, 226)
(172, 282)
(172, 283)
(172, 292)
(172, 293)
(172, 323)
(172, 324)
(172, 326)
(172, 327)
(172, 393)
(172, 432)
(172, 552)
(172, 555)
(172, 556)
(172, 557)
(172, 559)
(172, 560)
(172, 660)
(172, 674)
(172, 688)
(172, 779)
(172, 782)
(172, 785)
(172, 789)
(172, 790)
(172, 840)
(172, 849)
(172, 852)
(174, 175)
(174, 194)
(174, 494)
(174, 694)
(174, 764)
(174, 769)
(174, 793)
(176, 474)
(176, 868)
(177, 401)
(177, 406)
(177, 474)
(179, 220)
(179, 275)
(179, 322)
(179, 325)
(179, 338)
(179, 551)
(179, 553)
(179, 554)
(179, 558)
(179, 672)
(179, 673)
(179, 778)
(179, 783)
(179, 784)
(179, 785)
(179, 810)
(179, 850)
(179, 851)
(179, 852)
(179, 855)
(180, 182)
(180, 187)
(180, 222)
(180, 225)
(180, 226)
(180, 282)
(180, 283)
(180, 292)
(180, 293)
(180, 323)
(180, 324)
(180, 326)
(180, 327)
(180, 393)
(180, 432)
(180, 552)
(180, 555)
(180, 556)
(180, 557)
(180, 559)
(180, 560)
(180, 660)
(180, 674)
(180, 688)
(180, 742)
(180, 779)
(180, 782)
(180, 789)
(180, 790)
(180, 840)
(180, 849)
(180, 852)
(180, 853)
(181, 193)
(181, 224)
(181, 227)
(181, 255)
(181, 270)
(181, 304)
(181, 311)
(181, 318)
(181, 349)
(181, 354)
(181, 375)
(181, 435)
(181, 455)
(181, 474)
(181, 494)
(181, 589)
(181, 603)
(181, 640)
(181, 642)
(181, 664)
(181, 726)
(181, 814)
(182, 187)
(182, 222)
(182, 225)
(182, 226)
(182, 282)
(182, 283)
(182, 292)
(182, 293)
(182, 323)
(182, 324)
(182, 326)
(182, 327)
(182, 393)
(182, 432)
(182, 552)
(182, 555)
(182, 556)
(182, 557)
(182, 559)
(182, 560)
(182, 660)
(182, 672)
(182, 674)
(182, 688)
(182, 779)
(182, 782)
(182, 789)
(182, 790)
(182, 840)
(182, 849)
(182, 852)
(183, 185)
(183, 419)
(184, 215)
(184, 299)
(184, 301)
(184, 346)
(184, 446)
(184, 462)
(184, 544)
(184, 549)
(184, 593)
(184, 635)
(184, 658)
(184, 794)
(185, 419)
(186, 585)
(187, 201)
(187, 222)
(187, 225)
(187, 226)
(187, 282)
(187, 283)
(187, 292)
(187, 293)
(187, 323)
(187, 324)
(187, 326)
(187, 327)
(187, 366)
(187, 393)
(187, 432)
(187, 533)
(187, 552)
(187, 555)
(187, 556)
(187, 557)
(187, 559)
(187, 560)
(187, 660)
(187, 674)
(187, 688)
(187, 712)
(187, 779)
(187, 782)
(187, 789)
(187, 790)
(187, 840)
(187, 849)
(187, 852)
(188, 191)
(189, 190)
(189, 474)
(190, 474)
(192, 323)
(192, 335)
(192, 336)
(192, 448)
(192, 449)
(192, 468)
(192, 522)
(192, 673)
(192, 680)
(192, 725)
(192, 814)
(192, 833)
(193, 278)
(193, 433)
(193, 455)
(193, 716)
(193, 799)
(194, 251)
(194, 575)
(194, 624)
(195, 582)
(195, 735)
(195, 736)
(195, 738)
(195, 819)
(195, 862)
(196, 221)
(196, 369)
(196, 781)
(197, 224)
(197, 510)
(198, 223)
(198, 401)
(198, 406)
(198, 660)
(199, 509)
(201, 365)
(201, 712)
(201, 746)
(202, 203)
(203, 272)
(203, 285)
(203, 389)
(203, 474)
(203, 500)
(203, 505)
(203, 550)
(203, 773)
(203, 803)
(203, 842)
(204, 209)
(205, 208)
(205, 223)
(205, 255)
(205, 272)
(205, 304)
(205, 354)
(205, 474)
(205, 661)
(205, 809)
(206, 208)
(206, 237)
(206, 401)
(206, 406)
(208, 209)
(208, 271)
(208, 373)
(209, 397)
(209, 606)
(212, 675)
(213, 372)
(214, 505)
(214, 509)
(215, 300)
(215, 328)
(215, 339)
(215, 347)
(215, 370)
(215, 421)
(215, 445)
(215, 492)
(215, 592)
(215, 634)
(215, 639)
(217, 234)
(217, 672)
(218, 500)
(218, 505)
(218, 698)
(218, 699)
(218, 842)
(219, 249)
(220, 225)
(220, 275)
(220, 322)
(220, 325)
(220, 338)
(220, 474)
(220, 551)
(220, 553)
(220, 554)
(220, 558)
(220, 672)
(220, 673)
(220, 674)
(220, 690)
(220, 778)
(220, 783)
(220, 784)
(220, 785)
(220, 810)
(220, 850)
(220, 851)
(221, 369)
(221, 781)
(222, 225)
(222, 226)
(222, 282)
(222, 283)
(222, 292)
(222, 293)
(222, 323)
(222, 324)
(222, 326)
(222, 327)
(222, 385)
(222, 393)
(222, 432)
(222, 498)
(222, 532)
(222, 552)
(222, 553)
(222, 555)
(222, 556)
(222, 557)
(222, 559)
(222, 560)
(222, 674)
(222, 688)
(222, 778)
(222, 779)
(222, 782)
(222, 785)
(222, 789)
(222, 790)
(222, 807)
(222, 840)
(222, 849)
(222, 852)
(222, 855)
(222, 868)
(223, 225)
(223, 226)
(223, 271)
(223, 373)
(223, 660)
(224, 227)
(224, 375)
(224, 410)
(224, 428)
(224, 455)
(224, 474)
(224, 499)
(224, 586)
(224, 629)
(225, 226)
(225, 282)
(225, 283)
(225, 292)
(225, 293)
(225, 320)
(225, 323)
(225, 324)
(225, 326)
(225, 327)
(225, 393)
(225, 432)
(225, 552)
(225, 555)
(225, 556)
(225, 557)
(225, 559)
(225, 560)
(225, 643)
(225, 660)
(225, 672)
(225, 674)
(225, 688)
(225, 779)
(225, 782)
(225, 789)
(225, 790)
(225, 840)
(225, 849)
(225, 852)
(226, 283)
(226, 292)
(226, 323)
(226, 324)
(226, 326)
(226, 327)
(226, 393)
(226, 474)
(226, 551)
(226, 552)
(226, 554)
(226, 555)
(226, 556)
(226, 557)
(226, 559)
(226, 560)
(226, 673)
(226, 778)
(226, 779)
(226, 789)
(226, 790)
(226, 840)
(226, 849)
(226, 850)
(226, 852)
(227, 244)
(227, 255)
(227, 304)
(227, 354)
(227, 375)
(227, 455)
(227, 474)
(227, 494)
(227, 642)
(227, 814)
(229, 525)
(229, 526)
(230, 667)
(230, 774)
(231, 277)
(231, 379)
(231, 407)
(231, 498)
(231, 528)
(231, 532)
(231, 747)
(231, 788)
(231, 807)
(232, 838)
(233, 235)
(235, 527)
(236, 757)
(237, 500)
(237, 842)
(238, 665)
(238, 675)
(239, 403)
(243, 258)
(243, 275)
(245, 763)
(246, 474)
(247, 253)
(249, 410)
(249, 554)
(249, 622)
(250, 606)
(251, 254)
(251, 369)
(251, 463)
(251, 541)
(251, 728)
(252, 274)
(252, 385)
(252, 441)
(252, 489)
(252, 498)
(252, 518)
(252, 532)
(252, 572)
(252, 629)
(252, 649)
(252, 712)
(252, 722)
(252, 724)
(252, 737)
(252, 807)
(252, 809)
(252, 850)
(252, 853)
(253, 254)
(253, 394)
(253, 457)
(253, 511)
(253, 700)
(254, 394)
(254, 457)
(254, 575)
(254, 624)
(254, 710)
(255, 271)
(255, 272)
(255, 278)
(255, 311)
(255, 349)
(255, 373)
(255, 455)
(255, 474)
(255, 499)
(255, 589)
(255, 603)
(255, 661)
(255, 664)
(255, 726)
(255, 801)
(255, 814)
(256, 376)
(258, 265)
(258, 641)
(258, 661)
(258, 683)
(258, 813)
(259, 455)
(260, 261)
(260, 867)
(260, 868)
(261, 866)
(261, 870)
(262, 465)
(264, 420)
(264, 475)
(264, 476)
(265, 275)
(266, 335)
(267, 398)
(267, 550)
(270, 278)
(270, 433)
(270, 455)
(270, 716)
(270, 799)
(271, 272)
(271, 304)
(271, 354)
(271, 474)
(271, 661)
(271, 809)
(272, 304)
(272, 315)
(272, 354)
(272, 373)
(272, 426)
(272, 613)
(272, 661)
(272, 675)
(272, 717)
(274, 385)
(274, 407)
(274, 498)
(274, 532)
(274, 588)
(274, 702)
(274, 712)
(274, 807)
(274, 809)
(274, 853)
(274, 855)
(275, 322)
(275, 325)
(275, 338)
(275, 548)
(275, 551)
(275, 553)
(275, 554)
(275, 558)
(275, 672)
(275, 673)
(275, 778)
(275, 783)
(275, 784)
(275, 785)
(275, 810)
(275, 850)
(275, 851)
(276, 525)
(276, 526)
(277, 649)
(277, 742)
(278, 304)
(278, 354)
(279, 424)
(279, 498)
(279, 532)
(279, 649)
(279, 718)
(279, 751)
(279, 807)
(279, 809)
(279, 855)
(279, 861)
(280, 474)
(282, 283)
(282, 292)
(282, 293)
(282, 323)
(282, 324)
(282, 326)
(282, 327)
(282, 393)
(282, 432)
(282, 552)
(282, 553)
(282, 555)
(282, 556)
(282, 557)
(282, 559)
(282, 560)
(282, 576)
(282, 779)
(282, 782)
(282, 789)
(282, 790)
(282, 840)
(282, 849)
(282, 852)
(282, 855)
(283, 292)
(283, 293)
(283, 323)
(283, 324)
(283, 326)
(283, 327)
(283, 393)
(283, 432)
(283, 552)
(283, 555)
(283, 556)
(283, 557)
(283, 559)
(283, 560)
(283, 660)
(283, 674)
(283, 688)
(283, 779)
(283, 782)
(283, 789)
(283, 790)
(283, 840)
(283, 849)
(283, 852)
(286, 392)
(286, 772)
(287, 289)
(288, 289)
(289, 290)
(290, 642)
(291, 498)
(291, 500)
(291, 532)
(291, 742)
(291, 807)
(291, 842)
(292, 293)
(292, 323)
(292, 324)
(292, 326)
(292, 327)
(292, 393)
(292, 432)
(292, 552)
(292, 555)
(292, 556)
(292, 557)
(292, 559)
(292, 560)
(292, 660)
(292, 674)
(292, 688)
(292, 779)
(292, 782)
(292, 789)
(292, 790)
(292, 840)
(292, 849)
(292, 852)
(293, 323)
(293, 324)
(293, 326)
(293, 327)
(293, 393)
(293, 432)
(293, 552)
(293, 555)
(293, 556)
(293, 557)
(293, 559)
(293, 560)
(293, 660)
(293, 672)
(293, 674)
(293, 688)
(293, 779)
(293, 782)
(293, 789)
(293, 790)
(293, 840)
(293, 849)
(293, 852)
(293, 853)
(295, 410)
(296, 723)
(297, 500)
(297, 842)
(299, 300)
(299, 328)
(299, 339)
(299, 347)
(299, 370)
(299, 421)
(299, 445)
(299, 492)
(299, 592)
(299, 634)
(299, 639)
(300, 301)
(300, 346)
(300, 446)
(300, 544)
(300, 549)
(300, 593)
(300, 635)
(300, 658)
(301, 328)
(301, 339)
(301, 347)
(301, 370)
(301, 421)
(301, 445)
(301, 492)
(301, 592)
(301, 634)
(301, 639)
(302, 303)
(302, 797)
(303, 458)
(304, 311)
(304, 349)
(304, 373)
(304, 455)
(304, 474)
(304, 499)
(304, 589)
(304, 603)
(304, 661)
(304, 664)
(304, 726)
(304, 801)
(304, 814)
(305, 613)
(308, 775)
(310, 524)
(311, 354)
(311, 364)
(311, 629)
(312, 715)
(313, 341)
(313, 505)
(313, 509)
(313, 734)
(314, 485)
(314, 581)
(315, 474)
(315, 505)
(315, 613)
(315, 675)
(315, 698)
(315, 699)
(316, 600)
(317, 649)
(317, 780)
(317, 809)
(317, 849)
(318, 344)
(318, 419)
(318, 435)
(318, 448)
(318, 453)
(318, 455)
(318, 485)
(318, 530)
(318, 565)
(318, 576)
(318, 618)
(318, 680)
(318, 694)
(318, 764)
(320, 591)
(320, 672)
(321, 468)
(322, 325)
(322, 338)
(322, 551)
(322, 553)
(322, 554)
(322, 558)
(322, 602)
(322, 672)
(322, 673)
(322, 778)
(322, 783)
(322, 784)
(322, 785)
(322, 810)
(322, 850)
(322, 851)
(323, 324)
(323, 326)
(323, 327)
(323, 336)
(323, 393)
(323, 432)
(323, 552)
(323, 555)
(323, 556)
(323, 557)
(323, 559)
(323, 560)
(323, 660)
(323, 674)
(323, 688)
(323, 725)
(323, 779)
(323, 782)
(323, 789)
(323, 790)
(323, 824)
(323, 840)
(323, 849)
(323, 852)
(324, 326)
(324, 327)
(324, 393)
(324, 432)
(324, 455)
(324, 498)
(324, 532)
(324, 552)
(324, 555)
(324, 556)
(324, 557)
(324, 559)
(324, 560)
(324, 660)
(324, 674)
(324, 688)
(324, 779)
(324, 782)
(324, 789)
(324, 790)
(324, 807)
(324, 814)
(324, 840)
(324, 849)
(324, 852)
(324, 855)
(325, 338)
(325, 431)
(325, 462)
(325, 551)
(325, 553)
(325, 554)
(325, 558)
(325, 672)
(325, 673)
(325, 694)
(325, 764)
(325, 778)
(325, 783)
(325, 784)
(325, 785)
(325, 788)
(325, 810)
(325, 850)
(325, 851)
(325, 855)
(326, 327)
(326, 393)
(326, 432)
(326, 524)
(326, 552)
(326, 555)
(326, 556)
(326, 557)
(326, 559)
(326, 560)
(326, 660)
(326, 674)
(326, 688)
(326, 779)
(326, 782)
(326, 789)
(326, 790)
(326, 840)
(326, 849)
(326, 852)
(327, 393)
(327, 432)
(327, 552)
(327, 555)
(327, 556)
(327, 557)
(327, 559)
(327, 560)
(327, 659)
(327, 660)
(327, 674)
(327, 688)
(327, 779)
(327, 782)
(327, 789)
(327, 790)
(327, 840)
(327, 849)
(327, 852)
(328, 346)
(328, 446)
(328, 544)
(328, 549)
(328, 593)
(328, 635)
(328, 658)
(332, 452)
(332, 500)
(332, 842)
(335, 336)
(335, 448)
(335, 468)
(335, 680)
(335, 713)
(335, 725)
(335, 825)
(336, 448)
(336, 449)
(336, 468)
(336, 522)
(336, 673)
(336, 680)
(336, 725)
(336, 814)
(336, 833)
(338, 366)
(338, 407)
(338, 533)
(338, 551)
(338, 553)
(338, 554)
(338, 558)
(338, 672)
(338, 673)
(338, 778)
(338, 783)
(338, 784)
(338, 785)
(338, 810)
(338, 850)
(338, 851)
(339, 346)
(339, 446)
(339, 544)
(339, 549)
(339, 593)
(339, 635)
(339, 658)
(342, 500)
(342, 842)
(343, 500)
(343, 842)
(344, 435)
(344, 464)
(344, 483)
(344, 529)
(344, 565)
(344, 608)
(344, 618)
(345, 474)
(346, 347)
(346, 370)
(346, 421)
(346, 445)
(346, 492)
(346, 592)
(346, 634)
(346, 639)
(347, 446)
(347, 544)
(347, 549)
(347, 593)
(347, 635)
(347, 658)
(349, 354)
(350, 505)
(351, 508)
(351, 509)
(352, 396)
(352, 397)
(353, 500)
(353, 842)
(354, 373)
(354, 455)
(354, 474)
(354, 499)
(354, 589)
(354, 603)
(354, 661)
(354, 664)
(354, 726)
(354, 801)
(354, 814)
(355, 500)
(355, 842)
(356, 638)
(357, 402)
(357, 816)
(358, 500)
(358, 842)
(360, 505)
(363, 474)
(364, 629)
(366, 385)
(366, 431)
(366, 712)
(366, 850)
(367, 389)
(367, 392)
(367, 772)
(367, 773)
(368, 517)
(369, 395)
(369, 436)
(369, 481)
(369, 508)
(369, 575)
(369, 606)
(369, 624)
(369, 627)
(369, 654)
(369, 716)
(369, 781)
(369, 786)
(369, 802)
(369, 858)
(370, 446)
(370, 544)
(370, 549)
(370, 593)
(370, 635)
(370, 658)
(371, 472)
(371, 668)
(373, 474)
(373, 661)
(373, 809)
(374, 484)
(374, 500)
(374, 842)
(375, 455)
(375, 629)
(375, 814)
(376, 378)
(377, 500)
(377, 842)
(379, 462)
(379, 494)
(379, 519)
(379, 769)
(380, 494)
(380, 644)
(380, 856)
(381, 855)
(382, 419)
(383, 667)
(383, 774)
(384, 500)
(384, 842)
(385, 407)
(385, 498)
(385, 532)
(385, 533)
(385, 588)
(385, 702)
(385, 807)
(385, 855)
(386, 794)
(386, 796)
(387, 868)
(388, 679)
(388, 687)
(389, 391)
(389, 392)
(389, 613)
(389, 631)
(389, 633)
(389, 758)
(389, 771)
(389, 772)
(389, 839)
(390, 417)
(391, 392)
(391, 772)
(391, 773)
(392, 771)
(392, 772)
(392, 773)
(393, 432)
(393, 552)
(393, 555)
(393, 556)
(393, 557)
(393, 559)
(393, 560)
(393, 660)
(393, 674)
(393, 688)
(393, 779)
(393, 782)
(393, 789)
(393, 790)
(393, 814)
(393, 840)
(393, 849)
(393, 852)
(393, 855)
(394, 500)
(394, 579)
(394, 728)
(394, 842)
(396, 397)
(397, 401)
(397, 406)
(397, 451)
(397, 505)
(397, 524)
(397, 606)
(397, 742)
(398, 433)
(398, 646)
(398, 694)
(398, 747)
(398, 764)
(398, 769)
(398, 770)
(398, 793)
(398, 855)
(400, 800)
(401, 621)
(401, 660)
(401, 721)
(401, 813)
(402, 567)
(404, 501)
(405, 424)
(405, 751)
(406, 621)
(406, 660)
(406, 721)
(406, 813)
(407, 551)
(407, 606)
(407, 724)
(407, 785)
(408, 571)
(409, 608)
(409, 714)
(410, 524)
(410, 622)
(410, 814)
(411, 517)
(412, 453)
(412, 530)
(412, 565)
(413, 543)
(414, 416)
(415, 416)
(418, 474)
(419, 435)
(420, 476)
(421, 446)
(421, 462)
(421, 544)
(421, 549)
(421, 593)
(421, 635)
(421, 658)
(421, 794)
(423, 474)
(424, 425)
(424, 578)
(425, 751)
(426, 427)
(426, 474)
(426, 499)
(426, 793)
(427, 429)
(431, 524)
(431, 533)
(431, 673)
(431, 783)
(431, 784)
(431, 855)
(432, 552)
(432, 555)
(432, 556)
(432, 557)
(432, 559)
(432, 560)
(432, 660)
(432, 674)
(432, 688)
(432, 779)
(432, 782)
(432, 789)
(432, 790)
(432, 840)
(432, 849)
(432, 852)
(433, 474)
(433, 780)
(435, 448)
(435, 453)
(435, 455)
(435, 485)
(435, 530)
(435, 565)
(435, 576)
(435, 618)
(435, 680)
(435, 694)
(435, 764)
(437, 462)
(437, 644)
(437, 769)
(437, 770)
(437, 788)
(438, 485)
(439, 799)
(440, 580)
(440, 695)
(440, 696)
(441, 498)
(441, 532)
(441, 569)
(441, 588)
(441, 617)
(441, 649)
(441, 702)
(441, 807)
(441, 818)
(445, 446)
(445, 544)
(445, 549)
(445, 593)
(445, 635)
(445, 658)
(446, 492)
(446, 592)
(446, 634)
(446, 639)
(447, 800)
(448, 522)
(448, 530)
(448, 617)
(448, 725)
(448, 818)
(448, 833)
(449, 522)
(449, 725)
(450, 817)
(451, 606)
(451, 827)
(453, 530)
(453, 565)
(454, 793)
(455, 494)
(455, 642)
(455, 694)
(455, 764)
(455, 814)
(455, 853)
(456, 474)
(457, 500)
(457, 579)
(457, 728)
(457, 842)
(458, 797)
(461, 667)
(461, 774)
(462, 492)
(462, 550)
(462, 639)
(462, 646)
(462, 769)
(462, 792)
(462, 794)
(462, 795)
(462, 798)
(463, 494)
(463, 575)
(463, 624)
(463, 769)
(464, 483)
(464, 529)
(464, 608)
(464, 618)
(464, 697)
(464, 800)
(465, 503)
(466, 517)
(467, 855)
(468, 522)
(468, 564)
(468, 617)
(468, 725)
(468, 818)
(468, 834)
(469, 474)
(471, 474)
(471, 500)
(471, 678)
(471, 842)
(474, 550)
(474, 562)
(474, 583)
(474, 601)
(474, 611)
(474, 613)
(474, 627)
(474, 632)
(474, 654)
(474, 661)
(474, 678)
(474, 705)
(474, 716)
(474, 717)
(474, 720)
(474, 730)
(474, 740)
(474, 765)
(474, 777)
(474, 780)
(474, 799)
(474, 812)
(474, 814)
(474, 821)
(474, 828)
(474, 849)
(474, 855)
(475, 476)
(477, 480)
(478, 582)
(478, 735)
(478, 736)
(478, 738)
(478, 819)
(478, 862)
(479, 482)
(479, 500)
(479, 842)
(481, 654)
(483, 529)
(483, 608)
(483, 618)
(488, 769)
(488, 770)
(488, 856)
(489, 518)
(489, 572)
(489, 588)
(489, 649)
(489, 673)
(489, 702)
(489, 722)
(489, 809)
(489, 853)
(492, 544)
(492, 549)
(492, 593)
(492, 635)
(492, 658)
(492, 794)
(493, 644)
(494, 646)
(494, 732)
(494, 747)
(496, 710)
(497, 761)
(498, 524)
(498, 551)
(498, 556)
(498, 578)
(498, 588)
(498, 702)
(498, 724)
(498, 737)
(498, 742)
(498, 780)
(498, 809)
(498, 855)
(499, 509)
(500, 504)
(500, 505)
(500, 568)
(500, 597)
(500, 599)
(500, 621)
(500, 647)
(500, 648)
(500, 656)
(500, 660)
(500, 674)
(500, 690)
(500, 691)
(500, 701)
(500, 706)
(500, 745)
(500, 755)
(500, 767)
(500, 780)
(500, 823)
(500, 832)
(500, 858)
(500, 864)
(500, 865)
(500, 866)
(500, 868)
(502, 672)
(502, 850)
(503, 505)
(503, 508)
(503, 517)
(503, 733)
(503, 734)
(504, 842)
(505, 509)
(505, 613)
(505, 628)
(505, 698)
(505, 699)
(505, 717)
(505, 842)
(506, 508)
(506, 509)
(506, 536)
(506, 733)
(506, 734)
(507, 727)
(508, 509)
(508, 536)
(508, 733)
(508, 734)
(508, 781)
(509, 733)
(514, 667)
(514, 774)
(517, 569)
(517, 620)
(517, 821)
(518, 572)
(518, 588)
(518, 649)
(518, 673)
(518, 702)
(518, 722)
(518, 809)
(518, 853)
(519, 523)
(520, 757)
(521, 749)
(522, 565)
(522, 617)
(522, 680)
(522, 725)
(522, 750)
(522, 818)
(524, 532)
(524, 621)
(524, 746)
(524, 807)
(525, 545)
(525, 806)
(525, 857)
(526, 545)
(526, 806)
(526, 857)
(528, 649)
(528, 742)
(529, 565)
(529, 608)
(529, 618)
(529, 697)
(530, 565)
(530, 576)
(530, 619)
(530, 680)
(532, 551)
(532, 556)
(532, 578)
(532, 588)
(532, 702)
(532, 724)
(532, 737)
(532, 742)
(532, 780)
(532, 809)
(532, 855)
(533, 712)
(533, 850)
(534, 832)
(535, 823)
(536, 733)
(536, 734)
(538, 855)
(539, 540)
(540, 655)
(541, 575)
(541, 624)
(543, 610)
(544, 592)
(544, 634)
(544, 639)
(546, 597)
(549, 592)
(549, 634)
(549, 639)
(550, 613)
(550, 660)
(550, 675)
(550, 769)
(551, 553)
(551, 554)
(551, 558)
(551, 672)
(551, 673)
(551, 778)
(551, 783)
(551, 784)
(551, 785)
(551, 807)
(551, 810)
(551, 814)
(551, 850)
(551, 851)
(552, 555)
(552, 556)
(552, 557)
(552, 559)
(552, 560)
(552, 660)
(552, 674)
(552, 688)
(552, 779)
(552, 782)
(552, 789)
(552, 790)
(552, 840)
(552, 849)
(552, 852)
(553, 554)
(553, 558)
(553, 609)
(553, 672)
(553, 673)
(553, 778)
(553, 783)
(553, 784)
(553, 785)
(553, 810)
(553, 850)
(553, 851)
(554, 558)
(554, 672)
(554, 673)
(554, 778)
(554, 783)
(554, 784)
(554, 785)
(554, 810)
(554, 850)
(554, 851)
(555, 556)
(555, 557)
(555, 559)
(555, 560)
(555, 660)
(555, 674)
(555, 688)
(555, 779)
(555, 782)
(555, 789)
(555, 790)
(555, 840)
(555, 849)
(555, 852)
(556, 557)
(556, 559)
(556, 560)
(556, 660)
(556, 674)
(556, 688)
(556, 779)
(556, 782)
(556, 789)
(556, 790)
(556, 807)
(556, 840)
(556, 849)
(556, 852)
(557, 559)
(557, 560)
(557, 570)
(557, 660)
(557, 674)
(557, 688)
(557, 779)
(557, 782)
(557, 789)
(557, 790)
(557, 840)
(557, 849)
(557, 852)
(558, 672)
(558, 673)
(558, 778)
(558, 783)
(558, 784)
(558, 785)
(558, 810)
(558, 850)
(558, 851)
(559, 560)
(559, 660)
(559, 674)
(559, 688)
(559, 779)
(559, 782)
(559, 789)
(559, 790)
(559, 840)
(559, 849)
(559, 852)
(560, 660)
(560, 672)
(560, 674)
(560, 688)
(560, 779)
(560, 782)
(560, 789)
(560, 790)
(560, 840)
(560, 849)
(560, 852)
(561, 808)
(562, 865)
(564, 617)
(564, 818)
(565, 576)
(565, 618)
(565, 619)
(565, 757)
(567, 816)
(568, 842)
(569, 620)
(571, 692)
(572, 588)
(572, 649)
(572, 673)
(572, 702)
(572, 722)
(572, 809)
(572, 853)
(573, 651)
(575, 728)
(576, 618)
(578, 649)
(578, 718)
(578, 751)
(578, 807)
(578, 809)
(578, 855)
(578, 861)
(580, 696)
(582, 738)
(582, 819)
(586, 800)
(587, 855)
(588, 629)
(588, 649)
(588, 712)
(588, 722)
(588, 724)
(588, 737)
(588, 807)
(588, 809)
(588, 850)
(588, 853)
(592, 593)
(592, 635)
(592, 658)
(593, 634)
(593, 639)
(595, 596)
(596, 641)
(597, 842)
(599, 842)
(606, 607)
(606, 648)
(606, 686)
(606, 742)
(606, 786)
(608, 618)
(611, 872)
(612, 836)
(613, 675)
(613, 698)
(613, 699)
(613, 717)
(613, 773)
(614, 740)
(616, 737)
(616, 824)
(616, 849)
(617, 640)
(617, 680)
(617, 808)
(617, 832)
(621, 660)
(621, 842)
(621, 855)
(623, 641)
(624, 728)
(626, 627)
(627, 628)
(629, 702)
(629, 814)
(630, 855)
(631, 633)
(631, 758)
(631, 773)
(631, 839)
(633, 773)
(633, 839)
(634, 635)
(634, 658)
(635, 639)
(639, 658)
(639, 794)
(640, 818)
(645, 740)
(646, 754)
(647, 842)
(648, 842)
(649, 702)
(649, 722)
(649, 728)
(649, 737)
(649, 742)
(649, 746)
(649, 785)
(649, 809)
(649, 855)
(652, 653)
(654, 691)
(656, 738)
(656, 740)
(656, 819)
(656, 842)
(657, 737)
(657, 824)
(657, 849)
(660, 779)
(660, 782)
(660, 789)
(660, 790)
(660, 840)
(660, 841)
(660, 842)
(660, 849)
(660, 852)
(661, 740)
(661, 813)
(662, 663)
(666, 855)
(667, 768)
(667, 843)
(669, 756)
(671, 676)
(671, 677)
(672, 673)
(672, 688)
(672, 778)
(672, 783)
(672, 784)
(672, 785)
(672, 810)
(672, 850)
(672, 851)
(672, 852)
(673, 722)
(673, 725)
(673, 746)
(673, 778)
(673, 783)
(673, 784)
(673, 785)
(673, 810)
(673, 850)
(673, 851)
(673, 853)
(674, 688)
(674, 690)
(674, 779)
(674, 782)
(674, 789)
(674, 790)
(674, 840)
(674, 842)
(674, 849)
(674, 852)
(675, 698)
(675, 699)
(675, 717)
(676, 677)
(679, 687)
(680, 725)
(680, 818)
(680, 833)
(681, 753)
(682, 837)
(684, 703)
(688, 779)
(688, 782)
(688, 789)
(688, 790)
(688, 840)
(688, 849)
(688, 852)
(690, 842)
(691, 842)
(693, 761)
(694, 761)
(694, 762)
(694, 775)
(694, 793)
(695, 696)
(698, 699)
(698, 717)
(699, 717)
(701, 842)
(702, 712)
(702, 722)
(702, 724)
(702, 737)
(702, 807)
(702, 809)
(702, 850)
(702, 853)
(706, 842)
(712, 790)
(712, 824)
(712, 853)
(716, 799)
(722, 809)
(722, 853)
(724, 807)
(725, 814)
(725, 833)
(728, 742)
(733, 734)
(735, 736)
(735, 738)
(735, 819)
(736, 738)
(736, 819)
(737, 807)
(737, 824)
(738, 802)
(738, 862)
(741, 743)
(742, 807)
(742, 850)
(745, 842)
(746, 850)
(747, 793)
(748, 749)
(755, 842)
(756, 778)
(758, 773)
(758, 839)
(761, 762)
(761, 764)
(762, 764)
(764, 775)
(764, 793)
(766, 855)
(767, 842)
(768, 774)
(769, 770)
(771, 772)
(771, 773)
(772, 773)
(773, 839)
(774, 843)
(778, 783)
(778, 784)
(778, 785)
(778, 810)
(778, 850)
(778, 851)
(779, 782)
(779, 789)
(779, 790)
(779, 840)
(779, 849)
(779, 852)
(780, 807)
(780, 809)
(780, 842)
(780, 855)
(782, 789)
(782, 790)
(782, 840)
(782, 849)
(782, 852)
(783, 784)
(783, 785)
(783, 790)
(783, 810)
(783, 850)
(783, 851)
(783, 853)
(784, 785)
(784, 810)
(784, 850)
(784, 851)
(785, 810)
(785, 814)
(785, 850)
(785, 851)
(789, 790)
(789, 840)
(789, 849)
(789, 852)
(790, 840)
(790, 849)
(790, 852)
(791, 793)
(791, 794)
(791, 798)
(793, 794)
(794, 795)
(802, 819)
(807, 809)
(807, 855)
(808, 818)
(809, 855)
(810, 850)
(810, 851)
(811, 812)
(811, 816)
(812, 816)
(818, 832)
(819, 862)
(823, 842)
(832, 842)
(832, 848)
(833, 834)
(833, 835)
(834, 835)
(837, 838)
(840, 849)
(840, 852)
(842, 858)
(842, 864)
(842, 865)
(842, 866)
(842, 868)
(849, 852)
(849, 855)
(849, 868)
(850, 851)
(854, 859)
(855, 863)
(866, 867)
(866, 868)
(866, 869)
(866, 870)
(866, 871)
(867, 869)
(867, 871)
(868, 869)
(868, 870)
(868, 871)
(869, 871)
(870, 871)
