93	561
93	60
93	410
93	570
93	1028
93	1730
93	864
93	1114
93	1806
93	586
93	429
93	215
93	899
93	936
93	756
93	1615
1636	561
1636	60
1636	410
1636	570
1636	1028
1636	1730
1636	864
1636	1114
1636	1806
1636	586
1636	429
1636	215
1636	899
1636	936
1636	756
1636	1615
1212	1533
142	874
142	142
142	1639
1639	874
1639	142
1639	1639
878	454
878	1724
878	998
878	1552
1309	44
698	1204
1394	1377
1394	1427
873	1301
70	559
70	556
70	558
70	675
907	586
907	621
907	1530
907	1467
460	586
460	621
460	1530
460	1467
1383	172
1383	359
1383	487
1383	65
1383	748
1383	820
1383	1609
1383	1260
1383	632
1383	1642
1383	1132
1383	1655
1383	1500
1383	1247
1623	391
1623	1772
1623	1535
1053	894
1053	1783
1053	7
1601	1665
1601	496
1601	761
1601	1204
1601	1276
1601	1707
1601	1468
1601	1059
1601	1824
1767	601
1767	1140
662	350
662	479
662	1096
662	467
662	458
662	1872
662	664
662	1609
1644	1401
902	12
902	1275
1404	1372
1829	10
1829	58
1829	150
1829	382
1829	456
1829	781
1829	832
1829	750
1829	843
1829	919
1829	1539
1829	1007
1829	1025
1829	1133
1829	1806
1829	1335
1829	1453
1829	1460
1829	1229
1829	1581
1829	1663
1829	1869
1829	1351
1829	1705
1498	382
164	311
282	1402
936	93
936	1636
936	120
936	552
936	1021
936	714
936	1141
936	971
936	1133
418	1481
418	1289
418	450
1277	1863
1277	1519
1610	561
1610	60
1610	1703
1610	1249
1610	1199
1610	746
1610	813
1610	1869
1610	1351
1610	1260
1610	1048
1610	1189
1755	163
1755	159
1755	801
1755	243
1755	1119
1755	211
1755	529
1755	899
1755	561
1755	60
78	1028
1004	1357
1004	1337
1004	913
776	132
412	253
412	385
15	312
943	276
446	1681
241	1028
241	831
241	1481
241	1289
241	450
915	1728
1070	1071
1248	1862
1399	49
1399	261
1399	369
1399	651
1399	909
1399	1235
1399	1298
1399	1397
1399	1553
1399	317
1399	1641
1399	1501
1399	1393
1399	1756
1399	1848
1399	1492
1397	49
1397	162
1397	261
1397	369
1397	1235
1397	1272
1397	1553
1397	1495
1397	1399
1397	1848
1397	1641
1397	1492
559	1301
559	249
559	445
559	1875
559	1392
559	1042
559	1507
559	670
559	1475
559	1254
559	1473
559	70
559	1085
559	709
559	829
559	1188
556	1301
556	249
556	445
556	1875
556	1392
556	1042
556	1507
556	670
556	1475
556	1254
556	1473
556	70
556	1085
556	709
556	829
556	1188
558	1301
558	249
558	445
558	1875
558	1392
558	1042
558	1507
558	670
558	1475
558	1254
558	1473
558	70
558	1085
558	709
558	829
558	1188
1472	208
1472	693
1472	1290
1472	1376
1472	576
1472	1491
1472	1106
1472	1436
1472	1453
1472	1460
1472	1594
567	208
567	693
567	1290
567	1376
567	576
567	1491
567	1106
567	1436
567	1453
567	1460
567	1594
352	1754
352	1687
352	648
1143	160
1143	748
1439	1709
81	561
81	60
81	682
81	1028
146	1754
146	1284
146	619
420	683
420	1136
1390	121
1390	1391
769	1097
769	1754
769	1284
769	889
769	912
769	715
829	559
829	556
829	558
1013	1833
1551	682
1551	1330
1551	1429
643	1797
643	1027
340	565
1075	621
1075	1467
1093	498
1379	1384
1230	1418
600	1225
600	1624
600	1727
56	1473
454	1509
454	878
373	45
373	1051
373	1117
373	934
373	1313
670	559
670	556
670	558
670	709
670	1278
48	1171
1045	616
533	540
923	812
923	404
731	498
731	177
731	1055
1122	295
1122	334
1122	466
1122	530
1122	1415
1122	1425
1122	1142
1122	1744
1122	1565
1219	844
1534	1120
1504	160
1504	286
1504	634
1504	45
1504	944
1504	1161
1504	1196
1504	1117
1504	934
1504	948
1504	1600
444	7
357	504
357	484
357	807
1290	362
1290	274
1290	1562
1290	1666
1290	1472
1290	567
1290	834
1290	835
1290	435
1290	1353
1290	950
1376	362
1376	274
1376	1562
1376	1666
1376	1472
1376	567
1376	834
1376	835
1376	435
1376	1353
1376	950
576	362
576	274
576	1562
576	1666
576	1472
576	567
576	834
576	835
576	435
576	1353
576	950
233	442
233	1362
1141	9
1141	844
1141	936
1141	1530
1141	1409
1378	927
12	1275
12	1596
12	839
12	902
1514	126
1514	1826
1514	1736
1514	292
1514	1860
1813	477
1813	589
1813	1330
1813	1611
1813	1429
1695	1129
1695	1753
1012	173
1012	1348
1012	27
426	981
426	1039
426	1640
426	1338
426	436
1743	872
1743	520
1743	1186
447	324
447	424
447	617
288	729
427	280
1260	1301
1260	1610
1260	172
1260	359
1260	381
1260	627
1260	650
1260	688
1260	1471
1260	1172
1260	1548
1260	717
1260	1132
1260	1655
1260	1383
736	137
736	1331
484	357
484	443
484	1445
484	1350
484	701
807	357
807	443
807	1445
807	1350
807	701
1371	865
35	1258
35	518
35	872
35	520
35	1186
1611	477
1611	682
1611	1813
1177	486
1177	1588
1177	1625
490	187
490	188
490	259
491	187
491	188
491	259
408	187
408	188
408	259
601	1767
238	1843
238	1279
238	1648
976	802
976	594
121	1390
1391	1390
1544	1863
1544	1519
922	1203
922	37
202	71
202	161
1192	204
1192	45
1192	894
1192	688
1192	1225
1192	1368
1192	1789
1744	1122
1102	1094
1102	482
433	1712
433	1199
433	746
433	995
648	352
648	1754
1702	206
177	498
177	731
1273	1788
1273	125
1273	1747
1374	1700
1752	329
1752	1259
419	1393
419	1756
718	1130
1154	257
1154	1424
1520	169
1520	441
1520	1060
1520	1547
1680	502
702	74
702	1175
1559	1528
1559	83
1296	189
617	324
617	447
617	847
617	1117
617	934
345	410
1094	1102
482	1102
935	813
1575	331
908	755
908	1254
860	692
860	793
390	1028
1144	962
1598	714
1276	1665
1276	1468
1276	1059
1276	1707
1276	1824
1276	1601
838	312
838	1843
838	638
838	714
838	1393
838	1756
1863	1544
1863	1028
1863	257
1863	456
1863	514
1863	1006
1863	593
1863	612
1863	1803
1863	910
1863	1297
1863	942
1863	952
1863	646
1863	370
1863	1050
1863	1179
1863	1117
1863	934
1863	1277
1863	287
1863	1530
1863	1686
1863	1759
1863	1666
1519	1544
1519	1028
1519	257
1519	456
1519	514
1519	1006
1519	593
1519	612
1519	1803
1519	910
1519	1297
1519	942
1519	952
1519	646
1519	370
1519	1050
1519	1179
1519	1117
1519	934
1519	1277
1519	287
1519	1530
1519	1686
1519	1759
1519	1666
335	143
335	309
335	1068
335	637
335	582
335	1652
129	1000
764	65
764	572
764	766
764	883
764	988
772	1328
1503	1313
669	299
1049	415
204	1607
204	1719
204	1832
204	1179
204	717
204	244
204	1255
204	1031
204	872
204	520
204	1186
204	1193
204	768
204	1694
204	1585
204	1500
204	1247
204	1437
204	1461
204	948
204	1509
204	1161
204	1192
204	1313
204	1789
204	688
204	1278
204	1155
204	739
1513	480
1513	1095
1513	1187
537	480
537	1095
537	1187
289	1138
289	309
796	257
1458	498
950	251
950	1290
950	1376
950	576
646	257
646	1863
646	1519
989	131
989	766
989	1817
1603	1779
1189	1610
917	844
315	44
315	1444
1562	1290
1562	1376
1562	576
1562	610
181	524
181	276
1810	456
1810	1539
1810	1018
1810	1302
1810	1335
1810	1696
1587	475
1587	1040
1587	1357
1587	1337
1587	1229
949	475
949	1040
949	1357
949	1337
949	1229
1605	1609
321	9
321	1100
321	429
321	215
696	1028
696	1330
696	682
696	1545
1325	536
1325	1499
1491	653
1491	1472
1491	567
1491	435
1491	1353
1812	1457
1457	1812
1457	1112
1457	1853
1398	113
1398	800
1398	235
1398	1886
953	113
953	800
953	235
953	1886
1342	389
1342	1355
1270	389
1270	1355
1436	859
1436	435
1436	1353
1436	1472
1436	567
954	1721
1184	46
1184	1057
1184	110
1184	1438
1184	1228
1184	285
1184	844
1184	971
1184	1556
1184	1571
1184	1409
1650	944
1650	1649
174	1530
174	1658
808	160
808	172
808	359
808	1677
808	380
1456	1221
1684	1028
1852	250
1852	462
1852	1322
1852	1795
1580	1815
323	1133
4	1401
4	28
4	958
1022	430
1016	1174
1599	160
1599	65
1599	1065
1599	1375
1502	156
1664	1811
351	1811
1210	1028
1210	1615
1241	326
1241	692
1241	793
1241	1500
1241	1247
1669	6
1669	391
1669	1772
755	1507
755	1254
755	908
1805	326
1805	834
1339	1028
1339	361
931	239
931	1040
738	1645
200	88
200	95
200	1156
200	312
200	757
200	918
200	1072
1568	120
1568	312
1568	615
1568	1106
785	58
785	397
785	487
785	1006
785	593
785	616
785	1104
785	636
785	683
785	92
785	1508
785	1473
785	1625
785	1117
785	934
785	692
785	793
785	1368
1340	1689
1179	68
1179	204
1179	1691
1179	1863
1179	1519
1179	1283
1179	1335
549	678
549	854
549	1770
1414	456
1414	903
1875	559
1875	556
1875	558
1875	276
1274	735
92	9
92	58
92	1757
92	616
92	692
92	793
92	1104
92	636
92	356
92	487
92	561
92	60
92	621
92	785
92	1625
92	1202
1508	9
1508	58
1508	1757
1508	616
1508	692
1508	793
1508	1104
1508	636
1508	356
1508	487
1508	561
1508	60
1508	621
1508	785
1508	1625
1508	1202
573	299
1028	561
1028	60
1028	81
1028	93
1028	1636
1028	120
1028	150
1028	802
1028	151
1028	1550
1028	429
1028	215
1028	241
1028	1401
1028	812
1028	404
1028	861
1028	1800
1028	847
1028	767
1028	1228
1028	285
1028	969
1028	1684
1028	578
1028	440
1028	779
1028	1863
1028	1519
1028	780
1028	1754
1028	798
1028	1556
1028	1730
1028	864
1028	1770
1028	696
1028	682
1028	390
1028	1473
1028	1048
1028	762
1028	1293
1028	868
1028	1286
1028	1149
1028	326
1028	1838
1028	342
1028	959
1028	1133
1028	211
1028	529
1028	970
1028	1867
1028	1869
1028	1351
1028	1077
1028	649
1028	901
1028	948
1028	947
1028	1227
1028	692
1028	793
1028	1486
1028	1339
1028	1330
1028	1210
1028	899
1028	1831
1028	1298
1028	1820
1028	78
1028	1663
1028	1609
1028	1158
1028	1563
1028	911
1028	1626
1028	912
1028	459
1028	865
1028	1034
1028	1492
1028	1256
1028	1134
1028	854
602	1282
602	924
602	1046
1578	1282
1578	924
1578	1046
65	160
65	1800
65	764
65	7
65	38
65	1599
65	1383
65	242
65	629
65	1065
65	748
65	1877
1825	167
295	1122
1523	1532
1685	1685
1685	591
1685	1839
591	1685
591	591
591	1839
971	936
971	1184
971	1556
623	1717
139	564
139	940
1359	239
1359	494
1440	108
1440	1217
1440	1137
474	590
474	1701
320	750
320	843
320	330
320	1778
1758	303
1758	705
1758	1005
1126	495
1126	716
166	495
166	716
844	20
844	1104
844	636
844	1228
844	285
844	1184
844	1871
844	917
844	1643
844	1682
844	1409
844	1141
844	898
844	1219
844	1629
844	1847
844	1571
901	1301
901	1028
563	595
663	140
663	503
1807	690
1807	1190
1807	1155
416	120
416	835
416	1104
416	636
1819	1301
1064	108
1064	1061
1288	561
1288	60
1288	1279
1288	1648
1317	1827
1317	726
846	156
604	312
1681	446
855	630
855	1780
712	1336
905	7
1135	458
1135	1577
189	1296
104	463
367	106
367	197
367	1489
367	1510
1295	748
667	494
667	1661
667	692
667	793
1316	684
251	1033
251	950
251	948
251	538
299	669
299	573
458	662
458	857
458	1135
458	1879
193	1777
589	477
589	1813
589	682
284	371
284	810
465	268
465	355
465	1806
465	1679
465	1711
1452	1401
777	570
1854	1341
1854	1216
1854	1476
1321	688
596	331
1138	199
1138	255
1138	289
1138	309
1138	622
1138	152
1138	306
1138	1389
154	47
1662	1709
1662	1062
1662	1169
1662	1835
84	913
84	1845
1029	324
1742	47
1153	326
1153	435
1153	1353
1505	396
1505	523
1505	631
1505	753
1505	1121
1505	1799
1505	1861
231	957
231	1699
231	941
20	844
588	1674
1305	557
1305	1447
1853	1457
885	961
349	896
1673	435
1673	1353
1808	710
1808	1027
1162	1287
1162	1446
1162	1556
1162	1409
822	120
822	861
513	187
513	188
513	259
1890	655
1890	1344
1890	1529
1890	344
1890	485
1890	575
1890	837
1890	339
1890	360
1890	1762
1890	1109
1890	1714
1794	187
1794	188
1195	407
893	655
893	1344
893	1529
893	344
893	485
893	575
893	837
893	339
893	360
893	1849
893	1714
1786	865
1528	1559
1528	257
1528	379
83	1559
83	257
83	379
1026	452
257	1528
257	83
257	170
257	127
257	210
257	483
257	719
257	1115
257	1154
257	796
257	1297
257	744
257	514
257	552
257	1021
257	646
257	1863
257	1519
257	399
1796	319
1796	724
1796	1574
986	767
986	115
986	1776
986	1484
45	107
45	120
45	160
45	362
45	274
45	944
45	1199
45	746
45	1192
45	717
45	1193
45	1585
45	948
45	1509
45	373
45	1504
45	1862
1197	435
1197	1353
1044	239
1044	1040
1228	1028
1228	1184
1228	844
1228	1571
285	1028
285	1184
285	844
285	1571
647	1509
102	1809
102	280
102	1246
102	1310
387	1809
387	280
387	1246
387	1310
1710	259
791	906
791	1056
1445	184
1445	484
1445	807
1350	184
1350	484
1350	807
1478	1301
1478	195
1478	616
1478	468
1478	232
1478	1637
1478	1655
1478	1512
80	1301
80	195
80	616
80	468
80	232
80	1637
80	1655
80	1512
1413	1509
1413	609
948	1301
948	172
948	359
948	204
948	1028
948	251
948	45
948	748
948	833
948	688
948	1292
948	1504
948	717
1041	435
1041	1353
196	1793
1434	583
1434	983
1441	1625
1024	209
1258	35
1705	67
1705	1829
372	1050
682	81
682	147
682	150
682	227
682	1028
682	696
682	477
682	584
682	589
682	1256
682	1330
682	1551
682	7
682	1789
682	1563
682	1611
682	1429
682	787
682	819
682	399
682	1831
951	1583
464	984
1690	535
1666	1290
1666	1376
1666	576
1666	456
1666	1500
1666	1247
1666	1863
1666	1519
437	657
437	1262
437	687
23	312
23	882
750	19
750	148
750	178
750	260
750	320
750	405
750	1201
750	554
750	607
750	752
750	1400
750	1595
750	707
750	1267
750	1829
750	1625
750	1166
750	1778
843	19
843	148
843	178
843	260
843	320
843	405
843	1201
843	554
843	607
843	752
843	1400
843	1595
843	707
843	1267
843	1829
843	1625
843	1166
843	1778
1600	160
1600	362
1600	274
1600	1443
1600	1504
642	1884
765	469
473	108
473	1061
675	1066
675	1244
675	70
244	204
244	688
1588	34
1588	36
1588	283
1588	1177
1855	42
168	302
168	38
1677	808
363	1797
1222	243
1069	557
1069	640
540	533
540	1357
540	1337
540	945
498	1458
498	731
498	177
498	1055
498	1093
965	1482
1876	692
1876	793
1876	816
1535	6
1535	1623
1422	303
1422	1885
194	552
194	1021
194	1592
1226	552
1226	1021
1226	1592
1116	661
1116	1392
436	981
436	426
436	1834
436	1729
436	1640
436	1338
1470	120
1470	312
1470	1106
1470	1137
1263	261
631	396
631	523
631	1799
631	753
631	1121
631	1861
631	1505
1746	1052
1746	1182
33	1590
33	1278
1638	58
1638	356
1638	487
1318	278
477	147
477	1813
477	589
477	1330
477	1611
477	1005
477	682
1400	750
1400	843
235	501
235	800
235	1398
235	953
1886	501
1886	800
1886	1398
1886	953
797	1518
106	1582
106	367
517	1145
815	187
815	188
1392	559
1392	556
1392	558
1392	661
1392	1116
1735	281
1556	1287
1556	110
1556	1028
1556	1438
1556	971
1556	46
1556	1057
1556	1162
1556	1184
1556	1409
1556	1446
470	1198
113	1398
113	953
1550	507
1550	120
1550	1570
1550	519
1550	1028
1550	1549
1550	912
1550	714
1643	844
1643	1409
1754	13
1754	41
1754	119
1754	130
1754	146
1754	150
1754	209
1754	1028
1754	305
1754	343
1754	352
1754	638
1754	648
1754	769
1754	831
1754	865
1754	889
1754	963
1754	1284
1754	1396
1754	1486
1754	1206
1754	1851
1754	1625
1754	1653
1754	715
1754	1530
795	561
795	60
610	548
610	1562
610	939
610	399
1120	85
1120	333
1120	789
1120	1534
1757	92
1757	1508
1757	649
1776	986
1776	115
1776	882
521	303
521	705
1833	493
1833	1013
1833	1103
1833	276
763	1364
1573	445
1573	1117
1573	934
135	364
690	112
690	1807
690	688
690	1671
1190	112
1190	1807
1190	688
1190	1671
1532	1523
992	861
992	483
992	969
992	1137
393	987
1766	439
1595	330
1595	750
1595	843
1595	1778
480	277
480	1513
480	537
1089	508
1089	1214
1089	680
1089	1762
1089	1109
1089	1009
1089	811
1089	655
1089	1344
1089	1529
1089	344
1089	485
1089	575
1089	837
1089	339
1089	360
1089	1714
1089	1761
214	1237
214	138
214	397
1699	231
1862	160
1862	172
1862	359
1862	362
1862	274
1862	45
1862	748
1862	1248
1862	1880
1656	133
1656	312
1656	828
276	40
276	73
276	181
276	18
276	488
276	1875
276	943
276	985
276	1833
1788	1273
1788	1737
125	1273
125	1737
1747	1273
1747	1737
511	259
592	1768
592	1108
592	1223
616	92
616	1508
616	356
616	1045
616	785
616	1625
616	1175
616	1478
616	80
792	1753
792	1521
851	561
851	60
1208	984
1208	1525
1311	160
1311	748
1311	688
1173	557
1410	629
1410	1612
818	402
818	1074
191	21
191	50
191	1301
1654	993
1654	105
1654	974
752	148
752	330
752	750
752	843
752	1778
752	1267
752	707
1526	79
1526	804
1526	991
1526	1777
107	1385
107	176
107	722
107	723
107	45
107	326
107	160
107	842
107	172
107	359
107	748
834	326
834	1290
834	1376
834	576
834	1805
707	330
707	752
707	750
707	843
707	1778
1870	692
1870	793
1136	420
1136	683
1136	751
1149	1028
723	107
723	722
1835	618
1835	997
1835	1662
1524	445
1065	65
1065	1117
1065	934
1065	1599
1065	1103
1242	120
1242	714
916	449
916	1574
814	187
814	188
814	486
1145	517
1291	1419
1686	1609
1686	1863
1686	1519
296	97
296	1269
1737	1788
1737	125
1737	1747
742	1869
742	1351
330	148
330	260
330	320
330	1201
330	1267
330	752
330	1595
330	707
1593	1495
1593	530
1593	968
1593	1335
26	1495
26	530
26	968
26	1335
639	1105
639	7
639	1727
639	1480
881	1625
217	401
1797	363
1797	643
1313	204
1313	373
1313	1117
1313	934
1313	1503
90	972
90	1363
800	1398
800	953
800	235
800	1886
246	429
246	215
246	899
246	561
246	60
1732	1715
199	1541
199	1138
199	255
199	622
199	1652
199	306
199	582
199	309
1501	1399
1501	1492
1501	1641
771	1728
689	1361
761	1601
1166	750
1166	843
1355	1342
1355	1270
1355	1300
1355	389
1858	691
1858	1724
1444	315
1415	1122
18	276
18	706
759	1487
1586	863
1418	381
1418	979
1418	1099
1418	1230
240	120
240	312
240	317
240	714
1882	1466
1882	1164
1522	172
1522	359
1522	534
1522	748
1522	770
622	199
622	309
622	1138
1412	812
1412	404
1594	1472
1594	567
283	1588
1312	872
1312	520
1312	1186
1368	785
1368	1192
1368	1789
451	1194
1117	1719
1117	160
1117	336
1117	1800
1117	1088
1117	617
1117	747
1117	768
1117	785
1117	932
1117	1065
1117	1509
1117	1035
1117	373
1117	1193
1117	1112
1117	1869
1117	1351
1117	1504
1117	1500
1117	1247
1117	1573
1117	1642
1117	1475
1117	1863
1117	1519
1117	1313
934	1719
934	160
934	336
934	1800
934	1088
934	617
934	747
934	768
934	785
934	932
934	1065
934	1509
934	1035
934	373
934	1193
934	1112
934	1869
934	1351
934	1504
934	1500
934	1247
934	1573
934	1642
934	1475
934	1863
934	1519
934	1313
1887	1631
1198	470
17	615
1388	118
1388	990
1388	175
1698	561
1698	60
1698	264
1698	899
1698	1692
1698	1626
309	143
309	199
309	228
309	255
309	289
309	1068
309	1541
309	637
309	1138
309	335
309	622
309	1652
309	306
309	582
1086	1869
1086	1351
1086	1716
1086	1618
1086	1175
44	1309
44	315
44	1741
328	435
328	1353
1592	194
1592	1226
1054	816
1054	1095
1494	218
1494	1708
1494	398
1494	740
1494	805
1494	219
1494	1750
1494	1615
415	1049
338	1301
1561	312
1561	1641
1768	592
1803	1863
1803	1519
54	55
1357	540
1357	1004
1357	1466
1357	728
1357	1587
1357	949
1337	540
1337	1004
1337	1466
1337	728
1337	1587
1337	949
250	1852
347	1606
1223	592
1449	1670
1613	655
1613	1344
1613	1529
1613	344
1613	485
1613	575
1613	837
1613	339
1613	360
1613	526
1613	1714
1423	655
1423	1344
1423	1529
1423	344
1423	485
1423	575
1423	837
1423	339
1423	360
1423	526
1423	1714
207	655
207	1344
207	1529
207	344
207	485
207	575
207	837
207	339
207	360
207	526
207	1714
1868	688
291	46
291	1057
1101	1096
1700	1374
1708	218
1708	400
1708	398
1708	740
1708	1494
1708	805
1708	1750
1708	1615
479	662
479	435
479	1353
1495	1593
1495	26
1495	49
1495	261
1495	325
1495	369
1495	909
1495	1298
1495	1397
847	1028
847	324
847	595
847	613
847	617
847	658
847	784
847	890
66	871
459	58
459	1028
459	422
459	1293
459	1346
1078	732
1608	411
494	445
494	1314
494	863
494	1359
494	869
494	872
494	520
494	1186
494	692
494	793
494	1323
494	667
1207	1688
443	484
443	807
1792	1676
993	1654
993	598
1465	1252
1255	204
1255	336
1255	569
1255	1509
597	10
1738	1663
1254	559
1254	556
1254	558
1254	755
1254	908
1254	1507
1168	64
1361	689
1361	1424
668	1462
28	4
28	1401
28	644
28	1032
1477	192
192	1477
353	1134
1553	49
1553	261
1553	369
1553	909
1553	1235
1553	1397
1553	1399
1553	1492
1553	317
1553	1848
432	887
432	247
1037	823
496	1665
496	1601
496	7
1384	1379
903	1703
903	1249
903	384
903	906
903	1414
903	1050
903	270
903	1403
903	900
6	1669
6	1535
1239	1426
1098	854
82	956
1151	652
1652	143
1652	199
1652	309
1652	335
1652	637
1652	582
1723	751
1668	1869
1668	1351
531	816
531	1095
333	1120
945	540
1499	1325
1499	1492
1499	1641
1816	275
845	883
619	146
619	1284
1292	1800
1292	717
1292	948
1798	1542
1806	58
1806	93
1806	1636
1806	120
1806	268
1806	355
1806	465
1806	1512
1806	1829
1806	1679
978	1473
1756	419
1756	1814
1756	659
1756	838
1756	1298
1756	1399
1756	1531
279	312
279	880
279	1473
1846	149
1822	1157
1279	561
1279	60
1279	1306
1279	238
1279	376
1279	812
1279	404
1279	599
1279	1015
1279	1288
1648	561
1648	60
1648	1306
1648	238
1648	376
1648	812
1648	404
1648	599
1648	1015
1648	1288
1659	1213
608	1802
1409	1104
1409	636
1409	844
1409	1401
1409	1048
1409	1141
1409	1162
1409	1184
1409	1643
1409	1485
1409	1556
1409	1847
1409	898
337	1718
1693	539
95	88
95	200
95	757
95	1299
95	1134
95	854
1591	577
1828	1728
1828	1059
1694	204
1694	1536
1084	1043
1084	1557
1663	1028
1663	1829
1663	1738
147	303
147	1330
147	477
147	1005
147	682
509	1493
1590	33
1590	1278
848	495
987	393
998	1724
998	878
1474	1352
311	164
1584	1293
1584	1773
1584	1831
341	840
86	1360
615	17
615	1568
1171	48
804	1526
804	1777
55	54
1217	108
1217	1061
1217	1440
728	1357
728	1337
1448	275
1448	894
59	1581
1749	671
799	492
799	547
1293	1028
1293	459
1293	652
1293	1298
1293	1584
645	1133
1634	561
1634	60
1634	1358
1454	47
1454	187
1454	188
1454	259
1310	102
1310	387
1821	865
158	312
8	258
342	1028
1739	384
1739	1596
920	650
286	1504
557	1069
557	1173
557	1305
254	1358
578	1028
578	561
578	60
1142	1040
1142	1122
1204	698
1204	1059
1204	1707
1204	1601
403	778
1380	118
1380	990
1380	655
1380	1344
1380	1529
1380	344
1380	485
1380	575
1380	837
1380	339
1380	360
1380	175
778	403
778	794
778	1256
1281	237
1281	1421
1741	44
929	1714
305	963
305	1653
305	1754
305	865
305	1840
305	1206
305	343
305	638
305	831
1165	410
1008	940
1131	1569
1450	826
1450	1546
1450	632
1888	267
1888	384
429	51
429	58
429	63
429	93
429	1636
429	150
429	812
429	404
429	495
429	278
429	1028
429	1625
429	429
429	215
429	773
429	1366
429	770
429	476
429	715
429	850
429	245
429	246
429	321
429	1530
429	300
429	1878
429	939
215	51
215	58
215	63
215	93
215	1636
215	150
215	812
215	404
215	495
215	278
215	1028
215	1625
215	429
215	215
215	773
215	1366
215	770
215	476
215	715
215	850
215	245
215	246
215	321
215	1530
215	300
215	1878
215	939
287	1863
287	1519
510	839
1266	839
1869	58
1869	1610
1869	234
1869	1028
1869	406
1869	1496
1869	745
1869	445
1869	456
1869	487
1869	570
1869	742
1869	1086
1869	1117
1869	934
1869	1298
1869	1327
1869	1668
1869	1765
1869	1823
1869	1829
1351	58
1351	1610
1351	234
1351	1028
1351	406
1351	1496
1351	745
1351	445
1351	456
1351	487
1351	570
1351	742
1351	1086
1351	1117
1351	934
1351	1298
1351	1327
1351	1668
1351	1765
1351	1823
1351	1829
1360	86
153	1801
1871	844
1362	233
272	1167
462	1852
756	93
756	1636
911	1028
469	172
469	359
469	765
469	534
469	748
1058	650
1058	1596
19	750
19	843
681	872
681	520
681	1186
824	921
1799	396
1799	523
1799	539
1799	631
1799	753
1799	1121
1799	1505
1799	1861
163	1755
163	1843
163	1704
163	1018
163	1302
163	820
163	939
163	399
163	326
163	548
163	561
163	60
163	1630
163	899
159	1755
159	1843
159	1704
159	1018
159	1302
159	820
159	939
159	399
159	326
159	548
159	561
159	60
159	1630
159	899
801	1755
801	1843
801	1704
801	1018
801	1302
801	820
801	939
801	399
801	326
801	548
801	561
801	60
801	1630
801	899
380	808
1062	74
1062	618
1062	1662
1062	1769
1062	997
753	396
753	523
753	631
753	1799
753	1861
753	1121
753	1505
1515	1506
1515	1040
1515	926
1515	475
1100	321
966	1615
891	120
891	872
891	520
891	1186
255	199
255	228
255	1541
255	637
255	1138
255	306
255	309
629	61
629	75
629	65
629	1410
629	730
629	1431
629	1612
629	1527
629	1354
629	748
406	1869
406	1351
1883	245
1883	1615
1265	377
1265	506
1265	1667
58	785
58	92
58	1508
58	1829
58	1625
58	1869
58	1351
58	487
58	1638
58	350
58	476
58	1076
58	688
58	542
58	459
58	429
58	215
58	1806
423	1547
1552	758
1552	1724
1552	878
1552	928
329	1752
705	521
705	1005
705	1758
145	435
145	1353
145	1463
1538	1464
685	1124
685	708
941	231
941	850
941	933
941	957
938	476
938	1174
476	58
476	429
476	215
476	1076
476	487
476	1174
476	1823
476	1420
476	938
476	1473
476	692
476	793
590	474
590	561
590	60
590	1701
1787	621
883	764
883	766
883	845
572	764
572	766
572	988
1874	176
1196	1504
1196	1585
806	1416
1020	1395
779	1028
1487	759
598	993
1847	844
1847	1409
1782	505
258	8
952	1863
952	1519
111	269
111	683
787	561
787	60
787	682
787	609
819	561
819	60
819	682
819	609
996	1103
179	884
179	1181
985	276
2	1005
499	53
499	1071
894	275
894	428
894	1448
894	7
894	1113
894	1053
894	1192
894	1352
894	1789
894	1823
1200	1547
218	740
218	1708
218	805
218	1615
218	1494
242	65
374	1475
1718	337
1718	695
1718	928
94	924
94	1046
64	1168
1148	1315
1148	211
1148	529
1148	1589
875	1733
875	1091
969	992
969	151
969	1028
969	552
969	1021
969	565
969	854
969	882
108	861
108	1217
108	316
108	1061
108	1440
108	1682
108	1064
108	473
686	281
717	204
717	294
717	1800
717	45
717	688
717	1191
717	1260
717	1292
717	1437
717	948
1751	1349
1428	676
1701	474
1701	561
1701	60
1701	577
1701	590
1701	1345
137	355
137	736
630	501
630	855
1802	63
1802	608
267	1888
267	456
1482	965
1724	1865
1724	1326
1724	421
1724	625
1724	654
1724	691
1724	720
1724	733
1724	758
1724	1579
1724	1646
1724	1476
1724	1683
1724	998
1724	879
1724	1552
1724	878
1724	1110
1724	1858
1724	1224
1724	1597
1159	312
1159	1286
545	1566
832	1829
849	816
849	515
849	1187
955	816
955	515
955	1187
789	85
789	1800
789	666
789	1120
1676	1792
1635	1633
1225	600
1225	1192
501	1780
501	235
501	1886
501	630
1250	495
1579	758
1579	1724
1579	1683
165	1877
1683	1326
1683	758
1683	1724
1683	1579
719	257
719	350
719	1106
719	1063
719	1096
1115	257
1115	350
1115	1106
1115	1063
1115	1096
564	139
1771	1304
1771	1844
624	876
1476	1724
1476	1341
1476	1216
1476	1854
1476	1172
1476	1548
1476	1831
1271	448
1674	588
198	1884
661	1116
661	1392
518	35
518	382
518	1017
1480	639
1327	1869
1327	1351
858	678
858	854
858	1777
858	1818
303	147
303	229
303	1005
303	1245
303	1758
303	1422
303	521
303	1511
303	1779
1280	39
1280	492
1280	666
850	429
850	215
850	957
850	1433
850	478
850	941
378	1301
378	863
1563	561
1563	60
1563	150
1563	1028
1563	682
1563	644
1563	1032
1563	1330
1563	1096
1563	1789
653	1453
653	1460
653	1491
653	326
926	1515
972	90
1038	99
1063	719
1063	1115
1150	1574
1282	602
1282	1578
114	1823
921	824
921	1220
921	1329
228	255
228	309
493	1486
493	1833
493	1178
252	812
252	404
1687	352
1687	368
1687	383
220	171
383	1530
383	1687
34	1588
649	69
649	1028
649	586
649	621
649	1530
649	1757
649	1467
609	787
609	819
609	980
609	1413
1328	772
678	858
678	1818
678	854
678	549
678	1134
534	469
534	1522
379	1528
379	83
43	560
1542	489
1542	1798
1542	1163
1769	1062
1760	539
863	1301
863	378
863	445
863	494
863	1314
863	869
863	1586
863	1323
1459	1572
1001	1625
1001	1774
1001	1335
1001	1072
605	1625
605	1774
605	1335
605	1072
1345	312
1345	561
1345	60
1345	1701
1332	871
862	782
862	1467
1651	456
1651	1554
1651	1581
1103	40
1103	996
1103	1065
1103	1833
232	1791
232	1478
232	80
1073	1061
1721	954
1570	1550
1570	714
1570	912
1570	1549
1369	280
1369	1473
1201	330
1201	750
1201	843
1201	1778
1240	438
187	172
187	359
187	490
187	491
187	408
187	1454
187	1475
187	815
187	1794
187	513
187	817
187	814
188	172
188	359
188	490
188	491
188	408
188	1454
188	1475
188	815
188	1794
188	513
188	817
188	814
1284	146
1284	619
1284	769
1284	1754
1866	1442
1856	730
382	326
382	1829
382	1625
382	1498
382	518
382	1229
1121	396
1121	523
1121	631
1121	753
1121	1799
1121	1861
1121	1505
1641	49
1641	227
1641	261
1641	369
1641	909
1641	1397
1641	1399
1641	1492
1641	1499
1641	1561
1641	1501
1641	1838
1326	1246
1326	1683
1326	1724
1326	1406
1319	724
1461	204
1461	1031
167	396
167	1825
802	1028
802	976
802	1731
973	1512
1790	701
1679	268
1679	355
1679	465
1679	1806
1233	1512
1233	614
29	1512
29	614
852	1512
852	614
1557	1043
1557	1084
132	776
475	1515
475	737
475	1587
475	949
912	1550
912	1028
912	769
912	1726
912	889
912	1570
912	519
912	1628
912	1549
912	1602
14	1139
1299	95
1299	312
1299	757
1299	918
1299	1156
508	1762
508	1109
508	1009
508	811
508	1089
1214	1762
1214	1109
1214	1009
1214	811
1214	1089
680	1762
680	1109
680	1009
680	811
680	1089
1838	205
1838	1028
1838	770
1838	854
1838	1048
1838	1286
1838	1641
1838	1857
960	872
960	520
960	1186
566	256
1734	47
1733	875
1419	1291
1783	1053
1783	7
1783	1823
1079	1804
1549	1550
1549	912
1549	1570
160	1301
160	103
160	107
160	1800
160	1112
160	65
160	336
160	96
160	808
160	45
160	1504
160	1600
160	1862
160	1437
160	222
160	301
160	1311
160	1143
160	1479
160	1599
160	1655
160	1117
160	934
160	172
160	359
1307	786
1307	1530
749	120
1401	4
1401	507
1401	1367
1401	1028
1401	1452
1401	958
1401	28
1401	1234
1401	1615
1401	1409
1401	1644
3	692
3	793
1442	1866
1850	1411
1488	1408
655	1613
655	1423
655	207
655	1714
655	1762
655	1109
655	893
655	1231
655	1627
655	1890
655	1232
655	1089
655	1380
1344	1613
1344	1423
1344	207
1344	1714
1344	1762
1344	1109
1344	893
1344	1231
1344	1627
1344	1890
1344	1232
1344	1089
1344	1380
1529	1613
1529	1423
1529	207
1529	1714
1529	1762
1529	1109
1529	893
1529	1231
1529	1627
1529	1890
1529	1232
1529	1089
1529	1380
344	1613
344	1423
344	207
344	1714
344	1762
344	1109
344	893
344	1231
344	1627
344	1890
344	1232
344	1089
344	1380
485	1613
485	1423
485	207
485	1714
485	1762
485	1109
485	893
485	1231
485	1627
485	1890
485	1232
485	1089
485	1380
575	1613
575	1423
575	207
575	1714
575	1762
575	1109
575	893
575	1231
575	1627
575	1890
575	1232
575	1089
575	1380
837	1613
837	1423
837	207
837	1714
837	1762
837	1109
837	893
837	1231
837	1627
837	1890
837	1232
837	1089
837	1380
339	1613
339	1423
339	207
339	1714
339	1762
339	1109
339	893
339	1231
339	1627
339	1890
339	1232
339	1089
339	1380
360	1613
360	1423
360	207
360	1714
360	1762
360	1109
360	893
360	1231
360	1627
360	1890
360	1232
360	1089
360	1380
53	499
53	1071
1832	204
1832	748
49	1553
49	1495
49	317
49	909
49	1272
49	1235
49	261
49	1777
49	1397
49	1399
49	714
49	369
49	1641
49	1492
568	709
568	1333
290	1018
290	1302
1251	1301
1581	10
1581	59
1581	161
1581	1124
1581	1160
1581	1320
1581	1554
1581	1829
1581	1651
1268	1301
1268	304
370	1863
370	1519
1691	1179
277	480
277	515
123	1530
1183	1080
1657	392
74	314
74	702
74	1062
1407	11
1407	579
96	160
1827	1317
1827	726
1354	61
1354	75
1354	629
1354	730
1354	1527
770	429
770	215
770	1522
770	1838
770	688
1511	303
942	1863
942	1519
1864	725
536	1325
536	1512
640	1069
1365	1660
216	767
747	672
747	1117
747	934
1294	527
817	187
817	188
817	259
395	456
539	434
539	1693
539	1799
539	1220
539	1760
1780	501
1780	855
1780	1873
1256	227
1256	1028
1256	1800
1256	682
1256	778
1256	1330
1256	1492
1256	226
1257	688
1393	312
1393	419
1393	659
1393	838
1393	1298
1393	1366
1393	1399
1393	1531
1393	1848
1139	14
1139	1052
1624	600
1163	1542
627	1185
627	692
627	793
627	1260
1158	1028
1158	780
1158	1096
999	1181
1040	1515
1040	310
1040	472
1040	571
1040	737
1040	931
1040	1142
1040	1587
1040	949
1040	1044
1110	691
1110	733
1110	1724
740	218
740	400
740	1708
740	805
740	1750
740	1615
740	1494
995	433
871	66
871	1332
1047	280
1722	120
1637	1478
1637	80
1238	203
184	1445
184	1350
268	355
268	1806
268	1679
268	465
1577	820
1577	1135
1303	812
1303	404
1303	727
709	559
709	556
709	558
709	568
709	670
709	1333
709	1278
27	87
27	1237
27	138
27	1012
27	551
27	1090
27	1132
27	173
27	1348
27	692
27	793
27	1720
27	833
827	384
219	805
219	1494
157	1034
507	1401
507	1615
507	1550
877	1621
1234	1401
1005	2
1005	147
1005	303
1005	477
1005	705
1005	1779
1005	1885
1005	1758
714	49
714	162
714	1550
714	240
714	261
714	1570
714	838
714	1242
714	1137
714	651
714	1067
714	1598
714	936
52	271
695	1718
1278	33
1278	204
1278	670
1278	709
1278	1590
1278	1333
1801	153
1364	763
641	245
1692	561
1692	60
1692	264
1692	899
1692	1698
1692	1626
424	324
424	595
424	447
424	658
892	1619
813	1610
813	935
1286	1028
1286	312
1286	854
1286	1159
1286	1777
1286	1838
1286	1492
1745	621
876	624
1402	282
1574	319
1574	449
1574	724
1574	916
1574	1150
1574	1796
1574	1132
1537	109
1618	798
1618	1086
1618	1770
1725	1426
5	704
1320	854
1320	1554
1320	1424
1320	1581
725	1864
1849	893
1617	888
101	456
334	1122
334	721
275	1448
275	894
275	1816
502	1680
1341	1476
1341	1854
1341	1597
1216	1476
1216	1854
1216	1597
190	259
788	1172
788	1548
278	429
278	215
278	225
278	1318
278	1622
278	1146
278	512
270	1820
270	456
270	483
270	297
270	679
270	903
270	1539
270	1253
1403	1820
1403	456
1403	483
1403	297
1403	679
1403	903
1403	1539
1403	1253
75	1354
75	629
1025	120
1025	1829
924	94
924	116
924	1490
924	1697
924	602
924	1578
924	1512
1046	94
1046	116
1046	1490
1046	1697
1046	602
1046	1578
1046	1512
710	1808
1009	508
1009	1214
1009	680
1009	1762
1009	1109
1009	1089
811	508
811	1214
811	680
811	1762
811	1109
811	1089
1815	1580
1382	660
1640	426
1640	436
1640	1729
1640	1834
1640	1338
552	257
552	326
552	456
552	969
552	194
552	1226
552	820
552	936
552	1048
552	835
1021	257
1021	326
1021	456
1021	969
1021	194
1021	1226
1021	820
1021	936
1021	1048
1021	835
260	750
260	843
260	330
260	1778
1830	245
1830	1330
946	310
1124	10
1124	685
1124	708
1124	1424
1124	1194
1124	1581
1301	1426
1301	191
1301	338
1301	378
1301	863
1301	445
1301	1478
1301	80
1301	326
1301	1251
1301	160
1301	1437
1301	650
1301	748
1301	901
1301	948
1301	692
1301	793
1301	1819
1301	1323
1301	1260
1301	688
1301	873
1301	172
1301	359
1301	1155
1301	1268
1301	559
1301	556
1301	558
1301	455
561	1634
561	81
561	1692
561	109
561	300
561	1028
561	577
561	1698
561	211
561	529
561	1625
561	795
561	1622
561	1358
561	1462
561	93
561	1636
561	899
561	264
561	561
561	60
561	1563
561	1626
561	656
561	1610
561	853
561	851
561	1279
561	1648
561	1315
561	243
561	246
561	1755
561	1288
561	578
561	92
561	1508
561	1704
561	163
561	159
561	801
561	787
561	819
561	856
561	590
561	1345
561	1701
60	1634
60	81
60	1692
60	109
60	300
60	1028
60	577
60	1698
60	211
60	529
60	1625
60	795
60	1622
60	1358
60	1462
60	93
60	1636
60	899
60	264
60	561
60	60
60	1563
60	1626
60	656
60	1610
60	853
60	851
60	1279
60	1648
60	1315
60	243
60	246
60	1755
60	1288
60	578
60	92
60	1508
60	1704
60	163
60	159
60	801
60	787
60	819
60	856
60	590
60	1345
60	1701
612	1863
612	1519
358	1859
1363	90
1343	748
1343	688
1304	1771
99	1038
1602	312
1602	912
248	1576
884	179
316	108
1408	1488
1194	451
1194	463
1194	1124
1218	1466
466	1122
1765	1869
1765	1351
1625	58
1625	561
1625	60
1625	429
1625	215
1625	1441
1625	356
1625	382
1625	812
1625	404
1625	487
1625	1001
1625	605
1625	1843
1625	616
1625	785
1625	692
1625	793
1625	750
1625	843
1625	881
1625	947
1625	92
1625	1508
1625	1177
1625	478
1625	1754
1625	715
118	1380
118	1388
118	175
990	1380
990	1388
990	175
551	27
514	257
514	1863
514	1519
514	1696
1056	791
1056	906
144	57
195	1478
195	80
317	49
317	240
317	261
317	369
317	1298
317	1399
317	1553
1660	1365
1660	1516
1750	400
1750	1708
1750	398
1750	740
1750	805
1750	1494
1750	1615
1113	186
1113	236
1113	322
1113	606
1113	626
1113	841
1113	894
1113	1076
1842	245
1080	409
1080	1183
652	1151
652	1293
580	1555
853	561
853	60
1336	712
1429	682
1429	1551
1429	1813
314	74
110	1184
110	1556
595	324
595	424
595	563
595	847
595	1615
595	1558
595	890
595	613
974	1654
974	1670
326	653
326	1301
326	107
326	237
326	1028
326	297
326	679
326	1241
326	1096
326	834
326	163
326	159
326	801
326	1805
326	552
326	1021
326	456
326	1539
326	1153
326	1500
326	1247
326	1696
326	1464
326	382
898	844
898	1409
722	107
722	723
835	416
835	456
835	1290
835	1376
835	576
835	552
835	1021
835	1132
835	1539
1672	1655
1672	1132
312	15
312	23
312	88
312	133
312	180
312	200
312	240
312	279
312	1156
312	1706
312	780
312	1656
312	838
312	882
312	604
312	1568
312	1393
312	828
312	1561
312	757
312	1286
312	711
312	1159
312	918
312	692
312	793
312	1602
312	158
312	1345
312	1470
312	1626
312	1299
417	825
1619	892
930	1762
930	1109
930	1714
441	1127
441	1520
441	1547
361	16
361	762
361	1339
1386	1714
1118	453
1346	459
1451	543
1036	201
1626	561
1626	60
1626	1028
1626	264
1626	312
1626	899
1626	1692
1626	1698
205	1838
264	561
264	60
264	211
264	529
264	1692
264	1481
264	1289
264	450
264	1698
264	1843
264	1462
264	899
264	1626
538	251
1622	561
1622	60
1622	278
1622	362
1622	274
1622	1843
997	1709
997	1062
997	1169
997	1835
826	1450
1536	1694
1536	766
1497	435
1497	1353
1728	771
1728	915
1728	1473
1728	1631
1728	1828
72	688
519	1550
519	1726
519	912
909	49
909	261
909	369
909	1553
909	1495
909	1399
909	1298
909	1848
909	1641
671	1749
497	402
322	836
322	500
322	1113
322	994
322	841
1215	472
116	924
116	1046
355	120
355	137
355	268
355	1679
355	1678
355	1512
355	465
355	1806
1314	494
1314	863
1227	1028
724	1574
724	1319
724	1884
724	1796
724	975
724	1074
1375	31
1375	1877
1375	1599
1566	545
530	1593
530	26
530	1122
300	561
300	60
300	429
300	215
300	211
300	529
300	1843
300	1462
512	278
1133	24
1133	1028
1133	645
1133	323
1133	936
1133	1829
1133	1323
398	400
398	1708
398	805
398	1750
398	1494
882	23
882	180
882	312
882	969
882	1776
234	1869
234	1351
840	341
472	1215
472	1040
1464	326
1464	1538
1464	1432
1464	1820
259	190
259	490
259	491
259	408
259	1454
259	817
259	1710
259	513
259	511
1181	179
1181	999
405	750
405	843
713	47
713	1387
741	47
741	1387
308	762
782	862
782	1211
10	1124
10	1829
10	1554
10	597
10	1581
10	546
10	1517
10	1229
1455	237
1338	981
1338	426
1338	436
1338	1039
1338	1246
1338	1640
1338	1834
1881	213
448	1271
1616	263
141	896
173	1012
173	27
173	692
173	793
173	1770
1348	1012
1348	27
1348	692
1348	793
1348	1770
1187	816
1187	849
1187	955
1187	1513
1187	537
306	199
306	255
306	309
306	152
306	1138
306	1541
842	1385
842	107
555	481
488	276
1632	1252
874	142
874	1639
874	872
874	520
874	1186
968	1593
968	26
1649	944
1649	1650
544	1395
1051	373
103	160
103	748
377	1667
377	506
377	1265
773	98
773	117
773	429
773	215
57	144
1447	1305
1447	1714
614	1233
614	29
614	852
614	964
656	561
656	60
1517	10
1517	1006
1517	593
1779	303
1779	1603
1779	1005
1777	49
1777	193
1777	369
1777	767
1777	804
1777	858
1777	1818
1777	991
1777	1286
1777	1526
302	168
1675	1712
760	350
780	1028
780	312
780	1158
1851	1754
1844	1771
1539	326
1539	456
1539	384
1539	835
1539	1829
1539	1050
1539	1810
1539	270
1539	1403
1539	1759
1539	467
1539	1285
61	730
61	1612
61	1354
61	629
744	257
744	1609
332	569
332	768
213	1881
1164	1882
900	903
1129	1695
1129	346
371	284
88	1156
88	95
88	312
88	200
88	757
506	377
506	1667
506	1265
148	750
148	843
148	1778
148	752
148	330
156	846
156	1502
810	284
810	1329
977	977
977	1243
1243	977
1243	1243
227	1256
227	1330
227	1641
227	682
227	1492
206	1702
1411	1850
1406	1326
897	1763
1090	27
1090	798
504	357
503	140
503	663
1333	568
1333	709
1333	1107
1333	1278
24	1133
650	1301
650	920
650	1260
650	1058
650	688
739	204
739	1132
739	1697
739	1564
739	688
739	1877
1884	32
1884	198
1884	724
1884	136
1884	642
239	1044
239	872
239	520
239	1186
239	1359
239	931
525	249
1471	1260
794	778
505	1782
1486	1028
1486	493
1486	1754
1541	199
1541	255
1541	309
1541	306
1583	951
438	1240
438	1567
171	422
171	220
478	850
478	957
478	1625
861	992
861	108
861	1028
861	483
861	822
861	1615
38	168
38	65
888	1617
947	1028
947	585
947	967
947	1625
1335	1593
1335	26
1335	127
1335	210
1335	1006
1335	593
1335	1001
1335	605
1335	1179
1335	1829
1335	1810
500	322
1545	696
1547	423
1547	441
1547	1127
1547	1200
1547	1520
919	67
919	1829
1762	508
1762	1214
1762	680
1762	655
1762	1344
1762	1529
1762	344
1762	485
1762	575
1762	837
1762	339
1762	360
1762	1714
1762	1009
1762	811
1762	1089
1762	930
1762	1890
1762	1231
1762	1232
1109	508
1109	1214
1109	680
1109	655
1109	1344
1109	1529
1109	344
1109	485
1109	575
1109	837
1109	339
1109	360
1109	1714
1109	1009
1109	811
1109	1089
1109	930
1109	1890
1109	1231
1109	1232
87	27
964	614
161	1554
161	1581
161	202
161	816
161	1845
1843	163
1843	159
1843	801
1843	238
1843	243
1843	264
1843	838
1843	1625
1843	1785
1843	1784
1843	300
1843	856
1843	1622
263	1616
397	785
397	214
1059	150
1059	1665
1059	1111
1059	1204
1059	1276
1059	1707
1059	1601
1059	1824
1059	1828
1059	1468
1811	1664
1811	351
1220	354
1220	539
1220	921
1030	155
1030	1125
1716	1086
735	1274
492	39
492	799
492	1280
683	1614
683	111
683	269
683	420
683	785
683	1136
683	1473
683	751
991	1818
991	1526
991	1777
961	885
1490	924
1490	1046
1430	569
944	45
944	1649
944	1650
944	1504
91	77
91	128
91	754
91	1370
1315	1148
1315	561
1315	60
356	92
356	1508
356	616
356	1625
356	1202
356	1638
225	278
1818	678
1818	858
1818	1777
1818	991
1092	541
870	1714
31	1375
89	1188
495	1126
495	166
495	429
495	215
495	1250
495	848
1809	102
1809	387
126	1203
126	37
126	1514
1826	1203
1826	37
1826	1514
748	1301
748	103
748	107
748	172
748	359
748	381
748	1295
748	469
748	65
748	629
748	1832
748	1522
748	1343
748	1862
748	948
748	1311
748	1383
748	1143
748	1521
748	1132
748	1655
748	1479
41	1754
41	130
222	62
222	160
222	526
301	62
301	160
301	526
1405	435
1405	1353
224	1072
366	313
266	611
611	266
11	1407
1730	93
1730	1636
1730	1028
1730	1114
1730	899
864	93
864	1636
864	1028
864	1114
864	899
628	384
628	388
1582	106
584	682
584	1630
754	91
754	1370
729	223
729	288
666	172
666	359
666	1280
666	1655
666	789
180	312
180	882
182	384
1860	1514
677	697
515	277
515	849
515	955
1130	718
149	1846
1042	559
1042	556
1042	558
456	25
456	101
456	172
456	359
456	267
456	270
456	1403
456	326
456	395
456	1453
456	1460
456	1829
456	1666
456	835
456	1863
456	1519
456	1414
456	1050
456	1869
456	1351
456	1810
456	1539
456	1759
456	1651
456	820
456	552
456	1021
456	1285
456	688
456	384
562	122
292	1203
292	37
292	1514
1396	1754
273	368
1615	507
1615	93
1615	1636
1615	218
1615	400
1615	560
1615	595
1615	1708
1615	740
1615	805
1615	861
1615	889
1615	966
1615	1401
1615	1097
1615	1210
1615	1494
1615	1224
1615	1750
1615	1883
1615	715
1191	717
957	231
957	850
957	941
957	478
1125	1030
692	3
692	9
692	1301
692	92
692	1508
692	150
692	1028
692	271
692	310
692	312
692	476
692	494
692	627
692	27
692	667
692	1530
692	785
692	1241
692	1870
692	1076
692	1625
692	173
692	1348
692	1823
692	860
692	1876
692	1132
793	3
793	9
793	1301
793	92
793	1508
793	150
793	1028
793	271
793	310
793	312
793	476
793	494
793	627
793	27
793	667
793	1530
793	785
793	1241
793	1870
793	1076
793	1625
793	173
793	1348
793	1823
793	860
793	1876
793	1132
542	58
542	425
879	421
879	1724
1010	1085
1533	1212
1027	643
1027	1808
937	30
230	1703
230	1249
758	1579
758	1683
758	1724
758	1552
758	928
7	444
7	487
7	496
7	65
7	639
7	682
7	894
7	905
7	1053
7	1783
7	1823
1366	429
1366	215
1366	1298
1366	1393
1231	655
1231	1344
1231	1529
1231	344
1231	485
1231	575
1231	837
1231	339
1231	360
1231	1762
1231	1109
1231	1714
1468	1665
1468	1276
1468	1601
1468	1059
40	1103
40	1203
40	37
40	276
40	185
169	1520
170	257
439	1766
1252	1632
1252	1831
1252	1465
243	1755
243	561
243	60
243	1843
243	899
243	856
243	1222
1068	309
1068	335
1068	637
350	58
350	318
350	1543
350	662
350	487
350	760
350	719
350	1115
350	1609
1748	298
594	976
136	62
136	319
136	1074
136	1884
1347	887
1347	247
1885	1422
1885	1005
1308	1014
660	1382
809	688
541	1092
237	1455
237	326
237	1281
1647	783
1500	204
1500	326
1500	487
1500	688
1500	1117
1500	934
1500	1241
1500	1383
1500	1666
1500	1655
1500	1229
1247	204
1247	326
1247	487
1247	688
1247	1117
1247	934
1247	1241
1247	1383
1247	1666
1247	1655
1247	1229
69	1530
69	812
69	404
69	586
69	831
69	649
959	1028
959	431
959	585
1531	1393
1531	1756
1703	1610
1703	230
1703	516
1703	903
1249	1610
1249	230
1249	516
1249	903
1576	248
1621	877
1352	894
1352	1474
1367	1401
963	305
963	343
963	638
963	831
963	865
963	889
963	1754
963	1653
963	1206
440	1028
440	775
1324	172
1324	359
1324	532
1224	1724
1224	1615
1015	1279
1015	1648
1146	278
396	167
396	753
396	1121
396	523
396	631
396	1799
396	1861
396	886
396	1505
1269	296
981	426
981	1338
981	436
981	1729
1424	867
1424	1124
1424	1154
1424	1320
1424	1361
1424	1540
1104	92
1104	1508
1104	416
1104	785
1104	1237
1104	138
1104	1485
1104	844
1104	1409
636	92
636	1508
636	416
636	785
636	1237
636	138
636	1485
636	844
636	1409
632	172
632	359
632	1450
632	1383
1034	150
1034	1028
1034	157
854	79
854	1306
854	95
854	1028
854	1800
854	678
854	767
854	969
854	858
854	389
854	1048
854	1286
854	1838
854	1320
854	1098
854	549
803	676
526	222
526	301
526	1613
526	1423
526	207
1202	356
1202	92
1202	1508
1773	1584
1067	714
543	1451
1370	77
1370	91
1370	754
1000	129
732	1078
1467	1075
1467	586
1467	621
1467	649
1467	907
1467	460
1467	862
1467	1530
1469	134
1485	1104
1485	636
1485	1409
866	1244
1571	1228
1571	285
1571	844
1571	1184
369	49
369	1553
369	1495
369	317
369	909
369	1272
369	1235
369	1777
369	1397
369	1399
369	1848
369	1641
958	4
958	1401
67	919
67	781
67	1705
1525	461
1525	1208
1525	1123
613	324
613	595
613	847
613	658
895	621
1609	1028
1609	350
1609	1867
1609	662
1609	384
1609	744
1609	1530
1609	1383
1609	1879
1609	1686
1609	1605
703	676
62	136
62	222
62	301
463	1453
463	1460
463	104
463	1194
658	324
658	424
658	581
658	613
658	847
1707	1665
1707	1204
1707	1276
1707	1059
1707	1601
203	1238
1878	429
1878	215
1878	1530
1193	1719
1193	204
1193	45
1193	1117
1193	934
1512	1233
1512	29
1512	852
1512	355
1512	536
1512	924
1512	1046
1512	973
1512	1806
1512	1377
1512	1478
1512	80
865	1028
865	305
865	343
865	638
865	831
865	963
865	1653
865	1754
865	1821
865	1786
865	1371
865	1206
1781	570
1781	1518
1857	1466
1857	1838
468	1478
468	80
1731	802
1244	675
1244	866
1077	1028
730	61
730	629
730	1354
730	1856
694	674
687	437
554	750
554	843
133	312
133	1656
133	828
140	503
140	663
1753	1695
1753	346
1753	792
115	986
115	1776
1373	1426
1055	498
1055	731
1433	850
638	305
638	343
638	838
638	963
638	1653
638	1754
638	865
638	1206
638	831
445	1301
445	1880
445	1524
445	863
445	1573
445	1869
445	1351
445	494
445	1323
445	688
445	559
445	556
445	558
293	307
442	233
1052	100
1052	522
1052	633
1052	1746
1052	1139
1203	126
1203	1826
1203	40
1203	922
1203	292
37	126
37	1826
37	40
37	922
37	292
1061	108
1061	473
1061	1217
1061	1682
1061	1064
1061	1073
1112	1719
1112	160
1112	336
1112	1035
1112	1161
1112	1117
1112	934
1112	1457
1518	797
1518	1781
1259	1752
1479	160
1479	748
1711	465
50	191
1800	63
1800	160
1800	1028
1800	717
1800	620
1800	1117
1800	934
1800	65
1800	789
1800	1841
1800	688
1800	1292
1800	1256
1800	854
124	410
1185	627
932	1117
932	934
152	1138
152	306
152	1389
816	161
816	531
816	1054
816	1876
816	849
816	955
816	1095
816	1187
226	1256
910	1863
910	1519
150	63
150	1829
150	1028
150	1059
150	1754
150	1034
150	1820
150	429
150	215
150	682
150	1132
150	1473
150	692
150	793
150	1298
150	516
150	1563
150	1435
376	1279
376	1648
381	979
381	1418
381	1260
381	748
1891	1157
654	1724
1023	553
664	662
331	1575
331	596
365	172
365	359
841	322
841	1113
1066	675
1606	347
368	273
368	1687
368	211
368	529
271	692
271	793
271	52
988	572
988	764
988	766
896	141
896	349
1176	527
249	525
249	559
249	556
249	558
36	1588
36	486
673	1175
676	703
676	803
676	1428
751	1237
751	138
751	683
751	1136
751	1723
1483	1597
348	577
899	561
899	60
899	93
899	1636
899	243
899	246
899	1028
899	264
899	1755
899	1692
899	1730
899	864
899	1704
899	163
899	159
899	801
899	1698
899	1003
899	1358
899	1626
721	334
721	665
1128	413
1048	1610
1048	1028
1048	483
1048	552
1048	1021
1048	854
1048	1820
1048	1409
1048	1838
1048	1134
577	561
577	60
577	348
577	1082
577	1701
577	1591
1453	653
1453	456
1453	463
1453	1033
1453	435
1453	1353
1453	1829
1453	1472
1453	567
1453	1453
1453	1460
1453	925
1460	653
1460	456
1460	463
1460	1033
1460	435
1460	1353
1460	1829
1460	1472
1460	567
1460	1453
1460	1460
1460	925
1493	509
1385	842
1385	107
1642	384
1642	1117
1642	934
1642	1383
1645	738
583	457
583	1481
583	1289
583	450
583	644
583	1032
583	1763
583	1434
983	457
983	1481
983	1289
983	450
983	644
983	1032
983	1763
983	1434
21	191
767	986
767	216
767	1028
767	1777
767	1492
767	854
574	1050
1300	1355
1633	1635
1018	163
1018	159
1018	801
1018	734
1018	1810
1018	290
1018	1697
1302	163
1302	159
1302	801
1302	734
1302	1810
1302	290
1302	1697
76	872
76	520
76	1186
1272	49
1272	261
1272	369
1272	1397
1272	1298
743	1199
743	746
1035	1112
1035	1117
1035	934
1147	172
1147	359
906	791
906	903
906	1056
1604	327
1540	1424
1017	518
1132	150
1132	27
1132	739
1132	748
1132	692
1132	793
1132	820
1132	835
1132	1260
1132	1383
1132	1837
1132	1574
1132	1672
1655	160
1655	172
1655	359
1655	666
1655	748
1655	1260
1655	1478
1655	80
1655	1383
1655	1500
1655	1247
1655	1837
1655	1509
1655	1672
1297	257
1297	1863
1297	1519
428	894
186	1113
1696	326
1696	514
1696	1697
1696	1810
79	887
79	247
79	1526
79	522
79	940
79	854
984	464
984	1208
120	483
120	355
120	1242
120	1722
120	1028
120	162
120	1806
120	1706
120	1137
120	891
120	45
120	1025
120	240
120	651
120	1568
120	749
120	1550
120	822
120	936
120	416
120	1470
421	1724
421	879
1564	739
1841	1800
1156	88
1156	200
1156	312
1156	757
1156	1299
1155	1301
1155	204
1155	435
1155	1353
1155	1807
570	93
570	1636
570	1356
570	1869
570	1351
570	777
570	1781
1211	782
1628	912
1437	1301
1437	160
1437	204
1437	294
1437	688
1437	1106
1437	717
410	93
410	1636
410	124
410	345
410	1267
410	1165
711	312
704	5
1438	1184
1438	1556
467	487
467	662
467	1539
467	1050
467	1879
1172	788
1172	1260
1172	1476
1548	788
1548	1260
1548	1476
1713	1019
836	322
1076	58
1076	318
1076	476
1076	487
1076	626
1076	692
1076	793
1076	1113
1076	994
1839	1685
1839	591
209	1024
209	1754
927	1378
1446	1287
1446	1162
1446	1556
784	847
1323	1301
1323	445
1323	494
1323	863
1323	688
1323	1133
1264	621
1706	120
1706	312
1706	1106
831	69
831	241
831	305
831	343
831	812
831	404
831	638
831	963
831	1653
831	1754
831	865
831	1206
644	583
644	983
644	28
644	1563
1032	583
1032	983
1032	28
1032	1563
46	291
46	46
46	1057
46	1184
46	1556
1057	291
1057	46
1057	1057
1057	1184
1057	1556
298	1748
1726	519
1726	912
453	1118
1597	1865
1597	1724
1597	1341
1597	1216
1597	1483
253	412
117	773
354	1220
1060	1520
928	758
928	1718
928	1552
553	1023
1717	623
183	1791
63	1800
63	429
63	215
63	150
63	1802
486	36
486	1177
486	814
414	980
1509	204
1509	454
1509	45
1509	647
1509	1117
1509	934
1509	688
1509	1255
1509	1413
1509	1655
407	1195
1358	1634
1358	561
1358	60
1358	254
1358	899
304	1268
1106	719
1106	1115
1106	1706
1106	1437
1106	1472
1106	567
1106	1879
1106	1568
1106	1470
261	49
261	1553
261	1495
261	317
261	909
261	1272
261	1235
261	1263
261	1397
261	1641
261	1399
261	1848
261	714
1763	583
1763	983
1763	897
280	102
280	387
280	427
280	1047
280	1369
310	946
310	692
310	793
310	1040
868	1028
1072	200
1072	224
1072	1001
1072	605
524	181
913	84
913	1004
913	364
913	1845
1253	270
1253	1403
706	18
1334	461
1334	1123
716	1126
716	166
1425	1122
1329	921
1329	810
389	854
389	1342
389	1270
389	1355
798	1237
798	138
798	1028
798	1090
798	1618
1107	1333
522	79
522	1052
790	940
535	1690
1481	583
1481	983
1481	241
1481	264
1481	418
1481	457
1289	583
1289	983
1289	241
1289	264
1289	418
1289	457
450	583
450	983
450	241
450	264
450	418
450	457
1097	769
1097	889
1097	1615
1097	715
392	1657
434	539
830	774
1283	1179
1427	1394
1105	639
775	440
1463	145
1417	569
1417	768
1840	305
1492	49
1492	227
1492	1028
1492	767
1492	1235
1492	1286
1492	1397
1492	1399
1492	1553
1492	1256
1492	1641
1492	1501
1492	1499
970	1028
734	1018
734	1302
385	412
1614	683
1188	89
1188	172
1188	359
1188	559
1188	556
1188	558
1082	577
1736	1514
1736	1074
343	305
343	963
343	1653
343	1754
343	865
343	1206
343	638
343	831
1087	1560
1087	1596
481	555
1791	183
1791	232
1565	1122
1160	1581
319	1796
319	136
319	1574
1823	114
1823	476
1823	692
1823	793
1823	894
1823	1180
1823	1789
1823	7
1823	1783
1823	1869
1823	1351
256	566
1682	108
1682	844
1682	1061
886	396
657	437
1262	437
1003	899
391	1623
391	1669
1772	1623
1772	1669
633	1052
1715	1732
16	361
16	1236
176	107
176	1874
402	497
402	818
700	982
823	1037
394	221
394	1083
581	324
581	658
1119	1755
1466	1218
1466	1357
1466	1337
1466	1882
1466	1857
1466	1081
1585	204
1585	45
1585	1196
1209	471
1646	1724
550	245
1114	93
1114	1636
1114	1730
1114	864
828	133
828	312
828	821
828	1656
1019	1713
688	58
688	1301
688	72
688	204
688	244
688	375
688	1800
688	445
688	456
688	487
688	690
688	1190
688	650
688	739
688	770
688	809
688	1192
688	1321
688	1509
688	1343
688	1437
688	1260
688	948
688	1311
688	1323
688	1257
688	717
688	1868
688	1500
688	1247
1169	618
1169	1662
1169	997
940	79
940	139
940	790
940	1008
1031	204
1031	336
1031	1461
1627	655
1627	1344
1627	1529
1627	344
1627	485
1627	575
1627	837
1627	339
1627	360
1627	1714
621	1075
621	586
621	1745
621	92
621	1508
621	1787
621	895
621	907
621	460
621	649
621	1264
621	1467
621	914
659	1393
659	1756
1775	586
1567	438
620	1800
781	67
781	1829
1421	1281
618	1169
618	1062
618	1835
122	699
122	562
1667	377
1667	506
1667	1265
97	296
833	27
833	948
1236	16
1236	762
1770	1
1770	1028
1770	265
1770	173
1770	1348
1770	1618
1770	549
384	182
384	456
384	1888
384	827
384	1739
384	1539
384	1642
384	628
384	903
384	1609
982	700
587	172
587	359
606	1113
449	916
449	1574
1820	150
1820	1028
1820	270
1820	1403
1820	820
1820	1048
1820	1464
399	163
399	159
399	801
399	257
399	610
399	682
399	939
1837	1132
1837	1655
1443	634
1443	1600
1658	174
98	773
411	1608
13	1754
13	130
1872	662
1872	1836
435	1405
435	145
435	208
435	693
435	328
435	375
435	1155
435	1671
435	1290
435	1376
435	576
435	479
435	1041
435	1153
435	1197
435	1436
435	1453
435	1460
435	1497
435	1491
435	1673
1353	1405
1353	145
1353	208
1353	693
1353	328
1353	375
1353	1155
1353	1671
1353	1290
1353	1376
1353	576
1353	479
1353	1041
1353	1153
1353	1197
1353	1436
1353	1453
1353	1460
1353	1497
1353	1491
1353	1673
637	143
637	255
637	309
637	335
637	1068
637	582
637	1652
1530	69
1530	123
1530	174
1530	383
1530	429
1530	215
1530	211
1530	529
1530	649
1530	692
1530	793
1530	907
1530	460
1530	1609
1530	1141
1530	1307
1530	1863
1530	1519
1530	1467
1530	1473
1530	1754
1530	1878
112	690
112	1190
294	1437
294	717
1759	456
1759	1539
1759	1863
1759	1519
1804	1079
1431	629
1516	1660
1095	386
1095	531
1095	1513
1095	537
1095	816
1095	1054
401	217
1161	204
1161	1112
1161	1504
603	47
603	1387
1298	150
1298	1028
1298	909
1298	1170
1298	1272
1298	1495
1298	317
1298	1293
1298	1366
1298	1869
1298	1351
1298	1393
1298	1399
1298	1756
1298	1824
1298	1848
1879	1609
1879	458
1879	1106
1879	467
1170	1235
1170	1298
1785	1843
1785	1785
1785	1784
1784	1843
1784	1785
1784	1784
1221	1456
672	747
229	303
733	1724
733	1110
1859	358
1859	1670
1527	629
1527	1354
1127	441
1127	1547
1877	165
1877	65
1877	739
1877	1375
346	1129
346	1753
1727	600
1727	639
1727	1261
635	212
962	1144
489	1542
516	150
516	1703
516	1249
1612	61
1612	629
1612	1410
1167	272
547	799
585	431
585	947
585	959
1817	131
1817	989
1817	1152
77	91
77	1370
455	1301
1761	1089
994	322
994	1076
1719	1112
1719	204
1719	1193
1719	1117
1719	934
1789	204
1789	682
1789	894
1789	1192
1789	1368
1789	1563
1789	1823
1134	95
1134	1028
1134	353
1134	678
1134	1048
1631	1887
1631	1728
726	1317
726	1827
1435	150
1665	1468
1665	1059
1665	1002
1665	1707
1665	1276
1665	496
1665	1601
1778	148
1778	260
1778	320
1778	1201
1778	752
1778	750
1778	843
1778	1267
1778	1595
1778	707
1137	992
1137	120
1137	483
1137	714
1137	1440
1137	1470
1521	748
1521	792
579	1407
1071	53
1071	499
1071	1070
269	111
269	683
324	595
324	847
324	581
324	617
324	424
324	1029
324	447
324	658
324	1558
324	890
324	613
400	398
400	740
400	1708
400	805
400	1750
400	1615
131	1817
131	989
431	585
431	959
1039	426
1039	1729
1039	1338
325	1495
1845	84
1845	161
1845	913
1157	1822
1157	1891
1671	435
1671	1353
1671	690
1671	1190
1235	49
1235	162
1235	261
1235	369
1235	1170
1235	1553
1235	1397
1235	1399
1235	1492
1175	702
1175	616
1175	1086
1175	673
1175	1620
1372	1404
1152	1817
1014	1308
880	279
1558	324
1558	595
1793	196
720	1724
68	1179
1484	986
307	293
1349	1751
1462	561
1462	60
1462	264
1462	300
1462	668
422	171
422	459
9	92
9	1508
9	1661
9	1141
9	321
9	692
9	793
1285	456
1285	1539
914	586
914	621
245	429
245	215
245	550
245	211
245	529
245	1842
245	641
245	1883
245	1830
105	1654
1865	1724
1865	1597
201	1036
265	1205
265	1770
151	483
151	969
151	1028
1267	330
1267	410
1267	752
1267	750
1267	843
1267	1778
762	1028
762	361
762	308
762	1236
925	1453
925	1460
1596	12
1596	1058
1596	1087
1596	1739
221	394
73	276
904	1889
786	1307
1381	262
1377	1512
1377	1394
1091	875
571	1040
1356	570
386	1095
768	204
768	1417
768	1117
768	934
768	332
336	160
336	1112
336	1255
336	1031
336	1117
336	934
452	1026
1889	904
1011	1714
665	721
1496	1869
1496	1351
1496	872
1496	520
1496	1186
745	1869
745	1351
745	872
745	520
745	1186
1630	584
1630	163
1630	159
1630	801
1630	1330
1867	1028
1867	1609
889	769
889	963
889	1097
889	1754
889	1615
889	715
889	912
211	561
211	60
211	264
211	245
211	1028
211	368
211	1755
211	1148
211	1530
211	300
529	561
529	60
529	264
529	245
529	1028
529	368
529	1755
529	1148
529	1530
529	300
1389	152
1389	1138
975	724
1510	367
1083	394
208	435
208	1353
208	1472
208	567
693	435
693	1353
693	1472
693	567
461	1525
461	1334
457	583
457	983
457	1481
457	1289
457	450
727	1303
327	1604
1740	1670
528	185
839	12
839	510
839	1266
47	741
47	1454
47	603
47	713
47	1734
47	1742
47	154
262	1381
425	542
825	417
155	1030
1099	1418
634	1443
634	1504
1831	1028
1831	682
1831	1476
1831	1584
1831	1252
1	1770
71	202
1554	10
1554	161
1554	1320
1554	1651
1554	1581
1720	27
1720	1229
1074	724
1074	1736
1074	136
1074	818
1836	1872
197	367
1774	1001
1774	605
737	475
737	1040
1387	603
1387	713
1387	741
1140	1767
918	200
918	312
918	757
918	1299
162	120
162	1397
162	1235
162	714
1111	1059
109	561
109	60
109	1537
1205	265
185	40
185	528
1653	305
1653	343
1653	638
1653	831
1653	865
1653	963
1653	1206
1653	1754
869	494
869	863
599	1279
599	1648
872	35
872	204
872	239
872	494
872	681
872	891
872	1312
872	874
872	1496
872	745
872	960
872	76
872	1743
520	35
520	204
520	239
520	494
520	681
520	891
520	1312
520	874
520	1496
520	745
520	960
520	76
520	1743
1186	35
1186	204
1186	239
1186	494
1186	681
1186	891
1186	1312
1186	874
1186	1496
1186	745
1186	960
1186	76
1186	1743
805	218
805	400
805	1708
805	398
805	740
805	1494
805	1750
805	1615
805	219
212	635
1246	1326
1246	102
1246	387
1246	1338
1182	1746
1697	739
1697	924
1697	1046
1697	1018
1697	1302
1697	1275
1697	1696
979	381
979	1418
569	1430
569	1255
569	1417
569	332
1180	1823
857	458
1546	1450
956	82
1330	147
1330	227
1330	1028
1330	696
1330	477
1330	682
1330	1830
1330	1813
1330	1256
1330	1551
1330	1630
1330	1563
1123	1334
1123	1525
1506	1515
1629	844
1085	559
1085	556
1085	558
1085	1010
684	1316
1688	1207
1880	445
1880	1862
51	429
51	215
1473	56
1473	150
1473	1028
1473	279
1473	476
1473	559
1473	556
1473	558
1473	683
1473	785
1473	978
1473	1369
1473	1530
1473	1728
856	243
856	561
856	60
856	1843
812	69
812	1303
812	429
812	215
812	1028
812	252
812	831
812	1412
812	1625
812	923
812	1279
812	1648
404	69
404	1303
404	429
404	215
404	1028
404	252
404	831
404	1412
404	1625
404	923
404	1279
404	1648
527	1176
527	1294
1814	1756
867	1424
25	456
821	828
708	685
708	1124
625	1724
626	1076
626	1113
388	628
409	1080
223	729
1824	1276
1824	1298
1824	1601
1824	1059
933	941
532	1324
471	1209
715	429
715	215
715	769
715	889
715	1097
715	1615
715	1625
715	1754
1050	372
1050	456
1050	903
1050	1539
1050	1863
1050	1519
1050	574
1050	467
560	43
560	1615
1322	1322
1322	1795
1322	1852
1795	1322
1795	1795
1795	1852
281	686
281	1735
565	340
565	969
375	435
375	1353
375	688
1206	305
1206	343
1206	638
1206	831
1206	865
1206	963
1206	1653
1206	1754
980	414
980	609
1873	1780
364	939
364	913
364	135
1088	1117
1088	934
699	122
1589	1148
701	1790
701	484
701	807
1229	10
1229	382
1229	1500
1229	1247
1229	1829
1229	1720
1229	1587
1229	949
1043	1557
1043	1084
651	120
651	714
651	1399
1199	743
1199	1610
1199	433
1199	45
746	743
746	1610
746	433
746	45
178	750
178	843
1331	736
1007	1829
1714	655
1714	1344
1714	1529
1714	344
1714	485
1714	575
1714	837
1714	339
1714	360
1714	1762
1714	1109
1714	870
1714	893
1714	929
1714	930
1714	1011
1714	1231
1714	1232
1714	1089
1714	1386
1714	1613
1714	1423
1714	207
1714	1627
1714	1447
1714	1890
313	366
1489	367
1174	1016
1174	476
1174	938
1572	1459
1670	974
1670	1449
1670	1859
1670	1740
175	118
175	990
175	1380
175	1388
1861	396
1861	523
1861	631
1861	753
1861	1121
1861	1505
1861	1799
967	947
1426	1301
1426	1239
1426	1373
1426	1725
887	79
887	432
887	1347
247	79
247	432
247	1347
236	1113
1709	1662
1709	997
1709	1439
1416	806
939	163
939	159
939	801
939	429
939	215
939	610
939	364
939	399
362	172
362	359
362	45
362	1862
362	1290
362	1376
362	576
362	1600
362	1622
274	172
274	359
274	45
274	1862
274	1290
274	1376
274	576
274	1600
274	1622
297	326
297	270
297	1403
679	326
679	270
679	1403
1569	1131
774	830
820	163
820	159
820	801
820	456
820	552
820	1021
820	1577
820	1820
820	1132
820	1383
128	91
1848	261
1848	369
1848	909
1848	1298
1848	1397
1848	1399
1848	1393
1848	1553
172	1301
172	107
172	160
172	1522
172	469
172	666
172	187
172	188
172	1324
172	808
172	1862
172	1260
172	456
172	948
172	1383
172	365
172	587
172	362
172	274
172	1655
172	748
172	1188
172	1147
172	766
172	632
359	1301
359	107
359	160
359	1522
359	469
359	666
359	187
359	188
359	1324
359	808
359	1862
359	1260
359	456
359	948
359	1383
359	365
359	587
359	362
359	274
359	1655
359	748
359	1188
359	1147
359	766
359	632
859	1436
413	1128
22	22
22	1764
1764	22
1764	1764
890	324
890	595
890	847
1555	580
674	694
1607	204
1689	1340
523	396
523	1799
523	753
523	1121
523	631
523	1861
523	1505
1096	326
1096	662
1096	1101
1096	719
1096	1115
1096	1158
1096	1563
1729	981
1729	436
1729	1039
1729	1640
1178	493
1033	251
1033	1453
1033	1460
1002	1665
1261	1727
134	1469
1432	1464
548	163
548	159
548	801
548	610
1543	350
1081	1466
1395	544
1395	1020
483	992
483	120
483	151
483	257
483	861
483	270
483	1403
483	1048
483	1137
766	172
766	359
766	572
766	764
766	1536
766	883
766	988
766	989
30	937
1108	592
32	1884
1287	1446
1287	1162
1287	1556
1475	187
1475	188
1475	374
1475	559
1475	556
1475	558
1475	1117
1475	934
1834	436
1834	1640
1834	1338
757	88
757	95
757	200
757	312
757	1156
757	1299
757	918
1232	1762
1232	1109
1232	655
1232	1344
1232	1529
1232	344
1232	485
1232	575
1232	837
1232	339
1232	360
1232	1714
607	750
607	843
1245	303
318	1076
318	350
783	1647
430	1022
1507	559
1507	556
1507	558
1507	755
1507	1254
1712	433
1712	1675
100	1052
1704	163
1704	159
1704	801
1704	561
1704	60
1704	899
586	69
586	93
586	1636
586	621
586	1775
586	1467
586	914
586	907
586	460
586	649
1661	9
1661	667
1306	854
1306	1279
1306	1648
119	1754
42	1855
1420	476
85	1120
85	789
1560	1087
127	1335
127	257
210	1335
210	257
582	199
582	309
582	335
582	637
582	1652
143	637
143	335
143	1652
143	309
487	58
487	350
487	476
487	785
487	92
487	1508
487	1076
487	7
487	1500
487	1247
487	467
487	1383
487	1625
487	1869
487	1351
487	1638
487	688
697	677
1620	1175
1237	214
1237	798
1237	751
1237	27
1237	1104
1237	636
138	214
138	798
138	751
138	27
138	1104
138	636
130	13
130	41
130	1754
546	10
1006	785
1006	1863
1006	1519
1006	1517
1006	1335
593	785
593	1863
593	1519
593	1517
593	1335
1275	12
1275	902
1275	1697
691	1724
691	1110
691	1858
1678	355
39	492
39	1280
1213	1659
