1221	1456
1312	872
1312	520
1312	1186
54	55
1494	218
1494	1708
1494	398
1494	740
1494	805
1494	219
1494	1750
1494	1615
1110	691
1110	733
1110	1724
1865	1724
1865	1597
538	251
1352	894
1352	1474
1195	407
447	324
447	424
447	617
537	480
537	1095
1120	85
1120	333
1120	789
1120	1534
1163	1542
506	377
506	1667
506	1265
1569	1131
1293	1028
1293	459
1293	652
1293	1298
1293	1584
1104	416
1104	785
1104	844
1104	1409
336	160
336	1112
336	1255
336	1031
336	1117
750	19
750	148
750	178
750	260
750	320
750	405
750	1201
750	554
750	607
750	752
750	1400
750	1595
750	707
750	1267
750	1829
750	1625
750	1166
750	1778
843	19
843	148
843	178
843	260
843	320
843	405
843	1201
843	554
843	607
843	752
843	1400
843	1595
843	707
843	1267
843	1829
843	1625
843	1166
843	1778
124	410
137	355
137	736
682	81
682	147
682	150
682	227
682	1028
682	696
682	477
682	584
682	589
682	1256
682	1330
682	1551
682	7
682	1789
682	1563
682	1611
682	1429
682	787
682	399
682	1831
1396	1754
1765	1869
1765	1351
955	816
955	1187
703	676
598	993
816	161
816	531
816	1054
816	1876
816	955
816	1095
816	1187
567	1491
1045	616
699	122
1486	1028
1486	493
1486	1754
1643	844
1643	1409
1474	1352
317	49
317	240
317	261
317	369
317	1298
317	1399
317	1553
1240	438
803	676
1561	312
1561	1641
796	257
565	340
565	969
1359	239
1359	494
1672	1655
1672	1132
23	312
23	882
272	1167
788	1172
997	1709
997	1062
997	1169
997	1835
1602	312
1602	912
592	1768
592	1108
592	1223
1700	1374
1655	160
1655	172
1655	666
1655	748
1655	1260
1655	1478
1655	80
1655	1383
1655	1500
1655	1837
1655	1509
1655	1672
1090	27
1090	798
711	312
43	560
1737	1747
1582	106
1362	233
1475	187
1475	188
1475	374
1475	559
1475	556
1475	558
1475	1117
1322	1795
1322	1852
822	120
822	861
92	1757
92	616
92	793
92	636
1393	312
1393	419
1393	659
1393	838
1393	1298
1393	1366
1393	1399
1393	1531
1393	1848
222	62
222	160
222	526
301	62
301	160
301	526
891	120
891	872
891	520
1458	498
1595	330
1595	750
1595	843
1595	1778
1476	1724
1476	1216
1476	1341
1476	1854
1476	1548
1476	1831
370	1863
213	1881
332	569
332	768
424	324
424	595
424	447
424	658
6	1669
6	1535
614	29
614	964
656	60
656	561
75	1354
75	629
739	204
739	1132
739	1697
739	1564
739	688
739	1877
1749	671
499	53
499	1071
1433	850
1197	435
1197	1353
1343	748
1343	688
1669	6
1669	1772
117	773
182	384
507	1401
507	1615
507	1550
1516	1660
1403	456
1403	483
1403	679
1403	903
1403	1539
1403	1253
217	401
749	120
1446	1287
1446	1162
1446	1556
1005	2
1005	147
1005	303
1005	477
1005	705
1005	1779
1005	1885
1005	1758
957	231
957	850
957	941
957	478
1385	842
1385	107
903	1703
903	1249
903	384
903	906
903	1414
903	1050
903	1403
903	900
1304	1771
709	559
709	556
709	558
709	568
709	670
709	1333
709	1278
1065	65
1065	934
1065	1599
1065	1103
68	1179
1266	839
1861	396
1861	523
1861	631
1861	753
1861	1121
1861	1505
1861	1799
185	40
185	528
162	120
162	1397
162	1235
162	714
1299	95
1299	312
1299	757
1299	918
1299	1156
79	887
79	1526
79	247
79	522
79	940
79	854
721	334
721	665
867	1424
1193	1719
1193	204
1193	45
1193	1117
1261	1727
134	1469
1274	735
1462	60
1462	264
1462	561
1462	300
1462	668
1606	347
1365	1660
563	595
1328	772
1449	1670
197	367
20	844
220	171
284	371
284	810
541	1092
893	655
893	1344
893	1529
893	485
893	837
893	1011
893	339
893	360
893	1849
893	1714
920	650
650	1301
650	920
650	1260
650	1058
650	688
1594	1472
1843	163
1843	238
1843	243
1843	264
1843	838
1843	1625
1843	1784
1843	159
1843	801
1843	300
1843	856
1843	1622
1217	108
1217	1061
1217	1440
372	1050
1502	156
766	359
766	572
766	764
766	1536
766	883
766	988
766	989
55	54
152	1138
152	306
152	1389
505	1782
605	1625
605	1774
605	1335
605	1072
655	1613
655	1423
655	207
655	1714
655	1762
655	1109
655	893
655	1231
655	1890
655	1232
655	1089
655	1380
1344	1613
1344	1423
1344	207
1344	1714
1344	1762
1344	1109
1344	893
1344	1231
1344	1890
1344	1232
1344	1089
1344	1380
1529	1613
1529	1423
1529	207
1529	1714
1529	1762
1529	1109
1529	893
1529	1231
1529	1890
1529	1232
1529	1089
1529	1380
485	1613
485	1423
485	207
485	1714
485	1762
485	1109
485	893
485	1231
485	1890
485	1232
485	1089
485	1380
837	1613
837	1423
837	207
837	1714
837	1762
837	1109
837	893
837	1231
837	1890
837	1232
837	1089
837	1380
1011	1613
1011	1423
1011	207
1011	1714
1011	1762
1011	1109
1011	893
1011	1231
1011	1890
1011	1232
1011	1089
1011	1380
339	1613
339	1423
339	207
339	1714
339	1762
339	1109
339	893
339	1231
339	1890
339	1232
339	1089
339	1380
360	1613
360	1423
360	207
360	1714
360	1762
360	1109
360	893
360	1231
360	1890
360	1232
360	1089
360	1380
1563	60
1563	150
1563	1028
1563	561
1563	682
1563	644
1563	1032
1563	1330
1563	1096
1563	1789
1231	344
1231	575
1231	655
1231	1344
1231	1529
1231	485
1231	837
1231	1011
1231	339
1231	360
1231	1762
1231	1109
1231	1714
1256	227
1256	1028
1256	1800
1256	682
1256	778
1256	1330
1256	1492
1256	226
812	69
812	252
812	831
46	291
46	1057
46	1184
122	699
122	562
922	1203
922	37
671	1749
1273	125
1273	1747
1273	1788
1612	61
1612	629
1612	1410
330	148
330	260
330	320
330	1201
330	1267
330	752
330	1595
330	707
1518	797
1518	1781
190	259
66	871
1754	13
1754	41
1754	119
1754	130
1754	146
1754	150
1754	209
1754	1028
1754	305
1754	343
1754	352
1754	638
1754	648
1754	769
1754	831
1754	865
1754	889
1754	963
1754	1284
1754	1396
1754	1486
1754	1206
1754	1851
1754	1625
1754	1653
1754	715
1754	1530
93	60
93	410
93	570
93	1028
93	1730
93	864
93	1114
93	1806
93	586
93	215
93	899
93	936
93	756
93	1615
602	1282
602	924
602	1046
1578	1282
1578	924
1578	1046
398	400
398	1708
398	805
398	1750
398	1494
832	1829
1886	501
419	1393
419	1756
1366	215
1366	1298
1366	1393
305	963
305	1653
305	1754
305	865
305	1840
305	1206
305	343
305	638
305	831
1542	489
1542	1798
1542	1163
1636	586
1636	1730
1636	864
1636	1615
1707	1665
1707	1204
1707	1276
1707	1059
1707	1601
763	1364
1133	24
1133	1028
1133	645
1133	323
1133	936
1133	1829
1133	1323
622	199
622	309
622	1138
971	936
971	1184
971	1556
588	1674
724	1574
724	1319
724	1884
724	1796
724	975
724	1074
1786	865
1708	218
1708	400
1708	398
1708	740
1708	1494
1708	805
1708	1750
1708	1615
409	1080
1161	204
1161	1112
1161	1504
1632	1252
1394	1377
1394	1427
1852	250
1852	462
1852	1322
1852	1795
1532	1523
1784	1843
1784	1785
475	1515
475	737
475	949
574	1050
1013	1833
666	172
666	1280
666	1655
666	789
1459	1572
664	662
615	17
615	1568
319	1796
319	136
319	1574
1550	507
1550	120
1550	1570
1550	519
1550	1028
1550	1549
1550	912
1550	714
1395	544
1395	1020
1738	1663
1796	319
1796	724
1796	1574
1515	1506
1515	1040
1515	926
1515	475
32	1884
178	750
178	843
465	268
465	355
465	1806
465	1679
465	1711
907	586
907	621
907	1530
907	1467
1	1770
1621	877
377	1667
377	506
377	1265
1406	1326
1411	1850
941	231
941	850
941	933
941	957
1103	40
1103	996
1103	1065
1103	1833
649	69
649	1028
649	586
649	621
649	1530
649	1757
649	1467
212	635
1004	1337
1004	913
1735	281
1262	437
1718	337
1718	695
1718	928
1613	655
1613	1344
1613	1529
1613	485
1613	837
1613	1011
1613	339
1613	360
1613	526
1613	1714
1423	655
1423	1344
1423	1529
1423	485
1423	837
1423	1011
1423	339
1423	360
1423	526
1423	1714
207	655
207	1344
207	1529
207	485
207	837
207	1011
207	339
207	360
207	526
207	1714
1729	981
1729	436
1729	1039
1729	1640
1079	1804
221	394
153	1801
382	326
382	1829
382	1625
382	1498
382	518
382	1229
1134	95
1134	1028
1134	353
1134	678
1134	1048
1313	204
1313	373
1313	1117
1313	1503
407	1195
647	1509
1196	1504
1196	1585
1834	436
1834	1640
1834	1338
1802	63
1802	608
140	503
140	663
667	494
667	1661
667	793
813	1610
813	935
1022	430
1008	940
110	1184
110	1556
1506	1515
346	1129
346	1753
1211	782
423	1547
31	1375
379	1528
607	750
607	843
1233	1512
1443	634
1443	1600
1539	326
1539	456
1539	384
1539	835
1539	1829
1539	1050
1539	1810
1539	1403
1539	1759
1539	467
1539	1285
1378	927
834	326
834	1376
834	576
834	1805
406	1869
406	1351
1317	1827
1317	726
1758	303
1758	705
1758	1005
860	793
1125	1030
56	1473
1727	600
1727	639
1727	1261
868	1028
354	1220
1824	1276
1824	1298
1824	1601
1824	1059
239	1044
239	872
239	520
239	1359
239	931
10	1124
10	1829
10	1554
10	597
10	1581
10	546
10	1517
10	1229
1106	719
1106	1706
1106	1437
1106	1115
1106	1472
1106	1879
1106	1568
1106	1470
252	404
252	812
390	1028
1839	1685
1839	591
1260	1301
1260	1610
1260	172
1260	381
1260	627
1260	650
1260	688
1260	1471
1260	1548
1260	717
1260	1132
1260	1655
1260	1383
427	280
910	1519
910	1863
1184	46
1184	110
1184	1438
1184	285
1184	844
1184	971
1184	1057
1184	1556
1184	1571
1184	1409
502	1680
1763	583
1763	897
273	368
198	1884
1182	1746
1890	655
1890	1344
1890	1529
1890	485
1890	837
1890	1011
1890	339
1890	360
1890	1762
1890	1109
1890	1714
1468	1665
1468	1276
1468	1601
1468	1059
1075	621
1075	1467
287	1519
287	1863
1371	865
913	84
913	1004
913	364
913	1845
590	474
590	561
590	1701
488	276
630	501
630	855
304	1268
503	140
503	663
833	27
833	948
1166	750
1166	843
525	249
1056	791
1056	906
539	434
539	1693
539	1799
539	1220
539	1760
930	1762
930	1109
930	1714
934	1800
934	1065
934	1509
187	172
187	490
187	491
187	408
187	1454
187	1475
187	815
187	1794
187	513
187	817
187	814
188	172
188	490
188	491
188	408
188	1454
188	1475
188	815
188	1794
188	513
188	817
188	814
259	190
259	490
259	491
259	408
259	1454
259	817
259	1710
259	513
259	511
468	1478
468	80
214	1237
214	138
214	397
297	326
744	257
744	1609
448	1271
582	199
582	309
582	335
582	637
582	1652
1173	557
648	352
648	1754
393	987
1693	539
14	1139
474	590
474	1701
1306	854
1306	1279
1807	690
1807	1155
1807	1190
1881	213
1723	751
1441	1625
1599	160
1599	65
1599	1065
1599	1375
1417	569
1417	768
1105	639
1126	495
1126	716
1157	1822
1157	1891
555	481
557	1069
557	1173
557	1305
1316	684
3	793
1398	800
773	98
773	117
773	215
773	429
276	40
276	73
276	181
276	18
276	488
276	1875
276	943
276	985
276	1833
1356	570
850	215
850	957
850	1433
850	478
850	941
1745	621
982	700
471	1209
719	257
719	1106
719	1063
170	257
1326	1246
1326	1683
1326	1724
1326	1406
1724	1865
1724	1326
1724	421
1724	625
1724	654
1724	691
1724	720
1724	733
1724	758
1724	1579
1724	1646
1724	1476
1724	1683
1724	998
1724	879
1724	1552
1724	878
1724	1110
1724	1858
1724	1224
1724	1597
1610	60
1610	1703
1610	1249
1610	746
1610	813
1610	1869
1610	1351
1610	1260
1610	1048
1610	1189
1875	559
1875	556
1875	558
1875	276
1291	1419
1152	1817
161	1554
161	1581
161	202
161	816
161	1845
954	1721
1803	1519
1368	785
1368	1192
1368	1789
546	10
1766	439
118	1380
118	1388
118	175
990	1380
990	1388
990	175
38	168
38	65
609	787
609	980
609	1413
290	1018
1174	1016
1174	476
1174	938
1160	1581
960	1186
836	322
566	256
1159	312
1159	1286
1583	951
1369	280
1369	1473
313	366
760	350
823	1037
904	1889
1554	10
1554	161
1554	1320
1554	1651
1554	1581
1283	1179
1141	9
1141	844
1141	936
1141	1530
1141	1409
244	204
244	688
1387	603
1387	713
1387	741
462	1852
1471	1260
1647	783
1427	1394
696	1028
696	1330
696	682
696	1545
1213	1659
1639	142
1051	373
1238	203
341	840
980	414
980	609
1175	702
1175	616
1175	1086
1175	673
1175	1620
1589	1148
1801	153
21	191
410	93
410	124
410	345
410	1267
410	1165
2	1005
953	113
953	800
953	235
264	60
264	211
264	1692
264	1481
264	1289
264	450
264	1698
264	1843
264	1462
264	899
264	561
264	1626
1053	894
1053	1783
1053	7
321	9
321	1100
321	429
470	1198
1699	231
764	65
764	572
764	766
764	883
764	988
16	361
16	1236
572	764
572	766
572	988
1787	621
1640	426
1640	436
1640	1729
1640	1834
1640	1338
883	764
883	766
883	845
1212	1533
1021	257
1021	326
1021	820
1021	835
1851	1754
240	120
240	312
240	317
240	714
1280	39
1280	492
1280	666
1505	396
1505	523
1505	631
1505	753
1505	1121
1505	1799
1505	1861
824	921
1334	461
1334	1123
489	1542
1546	1450
1511	303
1831	1028
1831	682
1831	1476
1831	1584
1831	1252
104	463
1272	49
1272	261
1272	369
1272	1397
1272	1298
78	1028
69	1530
69	812
69	586
69	831
69	649
1329	921
1329	810
1530	69
1530	123
1530	174
1530	383
1530	429
1530	529
1530	649
1530	692
1530	907
1530	1609
1530	1141
1530	1307
1530	1519
1530	1467
1530	1473
1530	1863
1530	1754
1530	1878
1491	653
1491	567
1491	435
1491	1353
364	939
364	913
364	135
1257	688
1096	326
1096	662
1096	1101
1096	1115
1096	1158
1096	1563
935	813
293	307
1375	31
1375	1877
1375	1599
1460	1453
302	168
1555	580
1444	315
1279	60
1279	1306
1279	238
1279	376
1279	404
1279	561
1279	1288
1327	1869
1327	1351
1575	331
387	280
387	1246
387	1310
283	1588
1813	477
1813	589
1813	1330
1813	1611
1813	1429
426	981
426	1039
426	1640
426	1338
426	436
218	740
218	1708
218	805
218	1615
218	1494
90	972
90	1363
641	245
253	412
105	1654
44	1309
44	315
44	1741
975	724
1054	816
1054	1095
1626	60
1626	1028
1626	264
1626	312
1626	561
1626	899
1626	1692
1626	1698
403	778
1625	58
1625	60
1625	215
1625	1441
1625	356
1625	382
1625	404
1625	429
1625	487
1625	561
1625	605
1625	1843
1625	616
1625	785
1625	793
1625	750
1625	843
1625	881
1625	947
1625	1508
1625	1177
1625	478
1625	1754
1625	715
1379	1384
1413	1509
1413	609
515	277
515	849
819	561
1604	327
232	1791
232	1478
232	80
1510	367
1229	10
1229	382
1229	1500
1229	1829
1229	1720
1229	1587
1229	949
831	69
831	241
831	305
831	343
831	404
831	638
831	812
831	963
831	1653
831	1754
831	865
831	1206
1450	826
1450	1546
1450	632
1481	983
1481	241
1481	264
1481	583
1481	418
1481	457
1289	983
1289	241
1289	264
1289	583
1289	418
1289	457
450	983
450	241
450	264
450	583
450	418
450	457
1223	592
318	1076
318	350
281	686
281	1735
1186	204
1186	494
1186	681
1186	874
1186	960
1186	76
1186	1743
1186	1312
1186	1496
1631	1887
1631	1728
617	324
617	447
617	847
617	1117
992	861
992	483
992	969
992	1137
477	147
477	1813
477	589
477	1330
477	1611
477	1005
477	682
139	564
139	940
577	60
577	348
577	1082
577	1701
577	1591
1642	384
1642	1117
1642	1383
223	729
420	683
420	1136
397	785
397	214
1774	605
1774	1001
1015	1648
933	941
460	621
1354	61
1354	75
1354	629
1354	730
1354	1527
4	1401
4	28
4	958
848	495
1822	1157
753	396
753	523
753	631
753	1799
753	1861
753	1121
753	1505
1416	806
1684	1028
548	159
548	801
548	610
458	662
458	857
458	1135
458	1879
606	1113
912	1550
912	1028
912	769
912	1726
912	889
912	1570
912	519
912	1628
912	1549
912	1602
257	83
257	170
257	127
257	210
257	483
257	719
257	1154
257	796
257	1297
257	744
257	514
257	1021
257	1115
257	646
257	1863
257	399
1472	208
1472	1376
1472	576
1472	693
1472	1106
1472	1436
1472	1453
1472	1594
126	1203
126	37
126	1514
1826	1203
1826	37
1826	1514
1122	295
1122	334
1122	466
1122	530
1122	1415
1122	1425
1122	1142
1122	1744
1122	1565
1156	88
1156	200
1156	312
1156	757
1156	1299
1783	1053
1783	7
1783	1823
1220	354
1220	539
1220	921
1199	743
1199	433
399	163
399	257
399	610
399	682
399	159
399	801
399	939
203	1238
1512	852
1512	355
1512	536
1512	924
1512	1046
1512	973
1512	1233
1512	1806
1512	1377
1512	1478
1512	80
1674	588
658	324
658	424
658	581
658	613
658	847
1705	67
1705	1829
571	1040
1508	9
1508	58
1508	356
1508	487
1508	561
1508	616
1508	621
1508	636
1508	785
1508	1757
1508	1625
1508	1202
148	750
148	843
148	1778
148	752
148	330
1194	451
1194	463
1194	1124
100	1052
928	758
928	1718
928	1552
1858	691
1858	1724
335	143
335	309
335	1068
335	637
335	582
335	1652
1028	60
1028	81
1028	93
1028	120
1028	150
1028	802
1028	151
1028	1550
1028	215
1028	241
1028	1401
1028	404
1028	861
1028	1800
1028	847
1028	767
1028	1228
1028	969
1028	1684
1028	578
1028	440
1028	779
1028	1863
1028	780
1028	1754
1028	798
1028	1556
1028	1730
1028	864
1028	1770
1028	429
1028	696
1028	682
1028	390
1028	1473
1028	1048
1028	762
1028	1293
1028	868
1028	1286
1028	1149
1028	326
1028	1838
1028	342
1028	959
1028	1133
1028	529
1028	970
1028	1867
1028	1869
1028	1351
1028	1077
1028	649
1028	901
1028	948
1028	947
1028	1227
1028	793
1028	1486
1028	1339
1028	1330
1028	1210
1028	899
1028	1831
1028	1298
1028	1820
1028	78
1028	1663
1028	561
1028	1609
1028	1158
1028	1563
1028	911
1028	1626
1028	912
1028	459
1028	865
1028	1034
1028	1492
1028	1256
1028	1134
1028	854
916	449
916	1574
1509	204
1509	454
1509	45
1509	647
1509	934
1509	688
1509	1117
1509	1255
1509	1413
1509	1655
498	1458
498	731
498	177
498	1055
498	1093
508	1762
508	1109
508	1009
508	811
508	1089
1214	1762
1214	1109
1214	1009
1214	811
1214	1089
680	1762
680	1109
680	1009
680	811
680	1089
1044	239
1044	1040
1287	1446
1287	1162
1287	1556
793	3
793	9
793	1301
793	92
793	150
793	1028
793	271
793	310
793	312
793	476
793	494
793	627
793	27
793	667
793	785
793	1241
793	1870
793	1076
793	1625
793	1348
793	1823
793	860
793	1876
793	1132
702	74
702	1175
710	1808
216	767
484	357
484	443
484	1445
484	1350
484	701
807	357
807	443
807	1445
807	1350
807	701
669	299
1077	1028
1049	415
24	1133
522	79
522	1052
102	1809
490	187
490	188
490	259
491	187
491	188
491	259
408	187
408	188
408	259
1177	486
1177	1588
1177	1625
1538	1464
942	1863
386	1095
274	172
274	45
274	1862
1325	536
1325	1499
199	1541
199	1138
199	255
199	622
199	1652
199	306
199	582
199	309
1320	854
1320	1554
1320	1424
1320	1581
451	1194
1392	559
1392	556
1392	558
1392	661
1392	1116
1087	1560
1087	1596
478	850
478	957
478	1625
511	259
518	35
518	382
518	1017
1869	58
1869	1610
1869	234
1869	1028
1869	406
1869	745
1869	445
1869	456
1869	487
1869	570
1869	742
1869	1086
1869	1117
1869	1298
1869	1327
1869	1668
1869	1765
1869	1823
1869	1829
1351	58
1351	1610
1351	234
1351	1028
1351	406
1351	745
1351	445
1351	456
1351	487
1351	570
1351	742
1351	1086
1351	1117
1351	1298
1351	1327
1351	1668
1351	1765
1351	1823
1351	1829
1290	362
1290	950
550	245
662	350
662	479
662	1096
662	467
662	458
662	1872
662	664
662	1609
731	498
731	177
731	1055
859	1436
625	1724
866	1244
839	12
839	510
839	1266
659	1393
659	1756
30	937
1410	629
1410	1612
818	402
818	1074
776	132
1181	179
1181	999
1666	1376
1666	576
1666	456
1666	1500
1666	1863
245	215
245	550
245	529
245	1842
245	641
245	1883
245	1830
58	785
58	1508
58	1829
58	1625
58	1869
58	1351
58	487
58	1638
58	350
58	476
58	1076
58	688
58	542
58	459
58	215
58	1806
747	672
747	1117
143	637
143	335
143	1652
143	309
1504	160
1504	286
1504	634
1504	45
1504	944
1504	1161
1504	1196
1504	1117
1504	948
1504	1600
781	67
781	1829
881	1625
877	1621
225	278
132	776
1764	22
1447	1305
1447	1714
307	293
1248	1862
716	166
716	1126
999	1181
1675	1712
1305	557
1305	1447
235	800
235	953
651	120
651	714
651	1399
1112	1719
1112	160
1112	336
1112	1035
1112	1161
1112	1117
1112	1457
375	435
375	1353
375	688
1832	204
1832	748
7	444
7	487
7	496
7	65
7	639
7	682
7	894
7	905
7	1053
7	1783
7	1823
1069	557
1069	640
865	1028
865	305
865	343
865	638
865	831
865	963
865	1653
865	1754
865	1821
865	1786
865	1371
865	1206
1603	1779
1691	1179
861	992
861	108
861	1028
861	483
861	822
861	1615
1050	372
1050	456
1050	903
1050	1539
1050	1519
1050	1863
1050	574
1050	467
1309	44
1773	1584
1244	675
1244	866
1553	49
1553	261
1553	369
1553	909
1553	1235
1553	1397
1553	1399
1553	1492
1553	317
1553	1848
34	1588
886	396
1627	344
1627	575
1627	1714
1519	456
1519	593
1519	612
1519	1803
1519	910
1519	1297
1519	952
1519	1006
1519	1050
1519	287
1519	1530
1519	1686
1519	1759
689	1361
621	1075
621	586
621	1745
621	1508
621	1787
621	895
621	460
621	649
621	907
621	1264
621	1467
621	914
701	1790
701	484
701	807
1082	577
1132	150
1132	27
1132	739
1132	748
1132	793
1132	820
1132	835
1132	1260
1132	1383
1132	1837
1132	1574
1132	1672
1770	1
1770	1028
1770	265
1770	1348
1770	1618
1770	549
610	548
610	1562
610	939
610	399
1866	1442
1067	714
1581	10
1581	59
1581	161
1581	1124
1581	1160
1581	1320
1581	1554
1581	1829
1581	1651
1614	683
428	894
1537	109
1767	601
1767	1140
752	148
752	330
752	750
752	843
752	1778
752	1267
752	707
718	1130
61	730
61	1612
61	1354
61	629
1108	592
1118	453
994	322
994	1076
168	302
168	38
363	1797
1677	808
974	1654
974	1670
1525	461
1525	1208
1525	1123
599	1648
1670	974
1670	1449
1670	1859
1670	1740
9	1508
9	1661
9	1141
9	321
9	793
1402	282
1650	944
1650	1649
624	876
493	1486
493	1833
493	1178
487	58
487	350
487	476
487	785
487	1508
487	1076
487	7
487	1247
487	467
487	1383
487	1625
487	1869
487	1351
487	1638
487	688
1490	924
1490	1046
849	515
849	1187
371	284
1855	42
1373	1426
1607	204
1358	1634
1358	60
1358	254
1358	561
1358	899
1331	736
668	1462
1409	636
1409	844
1409	1401
1409	1048
1409	1104
1409	1141
1409	1162
1409	1184
1409	1643
1409	1485
1409	1556
1409	1847
1409	898
1526	79
1526	804
1526	991
1526	1777
1635	1633
1709	1662
1709	997
1709	1439
1477	192
1592	194
653	1453
653	1491
653	326
256	566
1762	508
1762	1214
1762	680
1762	655
1762	1344
1762	1529
1762	485
1762	837
1762	1011
1762	339
1762	360
1762	1714
1762	1009
1762	811
1762	1089
1762	344
1762	575
1762	930
1762	1890
1762	1231
1762	1232
1109	508
1109	1214
1109	680
1109	655
1109	1344
1109	1529
1109	485
1109	837
1109	1011
1109	339
1109	360
1109	1714
1109	1009
1109	811
1109	1089
1109	344
1109	575
1109	930
1109	1890
1109	1231
1109	1232
1673	435
1673	1353
22	1764
988	572
988	764
988	766
728	1357
1162	1287
1162	1446
1162	1556
1162	1409
48	1171
1178	493
973	1512
50	191
247	79
247	432
247	1347
1434	583
603	47
603	1387
1315	1148
1315	561
1500	204
1500	326
1500	688
1500	1383
1500	1666
1500	1655
1500	1229
64	1168
1577	820
1577	1135
175	118
175	990
175	1380
175	1388
163	1755
163	1843
163	1704
163	1018
163	820
163	939
163	399
1035	1112
1035	1117
435	1405
435	145
435	208
435	328
435	375
435	1155
435	1671
435	1376
435	576
435	479
435	693
435	1041
435	1153
435	1197
435	1436
435	1453
435	1497
435	1491
435	1673
1353	1405
1353	145
1353	208
1353	328
1353	375
1353	1155
1353	1671
1353	1376
1353	576
1353	479
1353	693
1353	1041
1353	1153
1353	1197
1353	1436
1353	1453
1353	1497
1353	1491
1353	1673
1815	1580
1841	1800
129	1000
74	314
74	702
74	1062
880	279
258	8
1618	798
1618	1086
1618	1770
311	164
121	1390
1391	1390
1629	844
519	1550
519	1726
519	912
737	475
737	1040
440	1028
440	775
1548	1260
1548	1476
1608	411
1154	257
1154	1424
51	429
1507	559
1507	556
1507	558
1507	755
1507	1254
586	69
586	93
586	621
586	1775
586	1636
586	1467
586	914
586	907
586	649
1438	1184
1438	1556
1451	543
429	51
429	63
429	150
429	215
429	246
429	1028
429	321
429	404
429	1530
429	1625
429	300
429	1878
429	773
429	939
1480	639
1036	201
874	142
874	1186
1237	214
1237	798
1237	751
1237	27
1237	636
138	214
138	798
138	751
138	27
138	636
1080	409
1080	1183
1148	1315
1148	529
1148	1589
1805	326
1805	834
932	1117
661	1116
661	1392
1761	1089
455	1301
1225	600
1225	1192
164	311
156	846
156	1502
323	1133
362	1290
362	1600
362	1622
362	45
343	305
343	963
343	1653
343	1754
343	865
343	1206
343	638
343	831
1232	1762
1232	1109
1232	655
1232	1344
1232	1529
1232	485
1232	837
1232	1011
1232	339
1232	360
1232	1714
1878	429
1878	1530
196	1793
969	992
969	151
969	1028
969	552
969	565
969	854
969	882
1278	33
1278	204
1278	670
1278	709
1278	1590
1278	1333
469	172
469	765
469	534
469	748
830	774
1759	456
1759	1539
1759	1519
1759	1863
155	1030
83	1559
83	257
778	403
778	794
778	1256
1094	1102
482	1102
466	1122
1337	1004
1680	502
279	312
279	880
279	1473
1747	1737
1747	1273
670	559
670	556
670	558
670	709
670	1278
1775	586
1533	1212
316	108
340	565
1884	32
1884	198
1884	724
1884	136
1884	642
334	1122
334	721
828	133
828	312
828	821
828	1656
1111	1059
1203	126
1203	1826
1203	40
1203	922
1203	292
37	126
37	1826
37	40
37	922
37	292
1676	1792
1701	474
1701	561
1701	577
1701	590
1701	1345
1756	419
1756	1814
1756	659
1756	838
1756	1298
1756	1399
1756	1531
726	1317
726	1827
271	793
271	52
25	456
527	1176
527	1294
52	271
551	27
1047	280
108	861
108	1217
108	316
108	1061
108	1440
108	1682
108	1064
108	473
1562	1376
1562	576
1562	610
1457	1812
1457	1112
1457	1853
1812	1457
1018	163
1018	1810
1018	290
1018	1697
201	1036
312	15
312	23
312	88
312	133
312	180
312	200
312	240
312	279
312	1156
312	1706
312	780
312	1656
312	838
312	882
312	604
312	1568
312	1393
312	828
312	1561
312	757
312	1286
312	711
312	1159
312	918
312	793
312	1602
312	158
312	1345
312	1470
312	1626
312	1299
1420	476
1070	1071
463	1453
463	104
463	1194
965	1482
1296	189
738	1645
1311	160
1311	748
1311	688
780	1028
780	312
780	1158
1167	272
1862	160
1862	172
1862	274
1862	45
1862	748
1862	1248
1862	1880
748	1301
748	103
748	107
748	172
748	381
748	1295
748	469
748	65
748	629
748	1832
748	1522
748	1343
748	1862
748	948
748	1311
748	1383
748	1143
748	1521
748	1132
748	1655
748	1479
596	331
1528	379
1874	176
211	60
211	264
1872	662
1872	1836
147	303
147	1330
147	477
147	1005
147	682
1521	748
1521	792
654	1724
1292	1800
1292	717
1292	948
1891	1157
1859	358
1859	1670
226	1256
976	802
976	594
552	456
552	969
552	1226
552	820
552	936
552	1048
570	93
570	1356
570	1869
570	1351
570	777
570	1781
1060	1520
39	492
39	1280
17	615
1282	602
1282	1578
1847	844
1847	1409
308	762
1574	319
1574	449
1574	724
1574	916
1574	1150
1574	1796
1574	1132
181	524
181	276
454	1509
454	878
1377	1512
1377	1394
578	1028
578	561
1688	1207
111	269
111	683
1482	965
660	1382
1464	326
1464	1538
1464	1432
1464	1820
543	1451
53	499
53	1071
940	79
940	139
940	790
940	1008
421	1724
421	879
815	187
815	188
1093	498
613	324
613	595
613	847
613	658
1713	1019
884	179
1685	1685
1685	591
1685	1839
591	1685
591	591
591	1839
1042	559
1042	556
1042	558
356	1508
356	616
356	1625
356	1202
356	1638
1819	1301
1571	285
1571	844
1571	1184
1820	150
1820	1028
1820	270
1820	820
1820	1048
1820	1464
1128	413
1587	1040
1587	1229
1853	1457
937	30
1386	1714
579	1407
1414	456
1414	903
204	1607
204	1719
204	1832
204	1179
204	717
204	244
204	1255
204	1031
204	1186
204	1193
204	768
204	1694
204	1585
204	1500
204	1437
204	1461
204	948
204	1509
204	1161
204	1192
204	1313
204	1789
204	688
204	1278
204	1155
204	739
374	1475
160	1301
160	103
160	107
160	1800
160	1112
160	65
160	336
160	96
160	808
160	45
160	1504
160	1600
160	1862
160	1437
160	222
160	301
160	1311
160	1143
160	1479
160	1599
160	1655
160	1117
160	172
637	143
637	255
637	309
637	335
637	1068
637	582
637	1652
1478	1301
1478	195
1478	616
1478	468
1478	232
1478	1637
1478	1655
1478	1512
80	1301
80	195
80	616
80	468
80	232
80	1637
80	1655
80	1512
127	1335
127	257
210	1335
210	257
1814	1756
892	1619
1654	993
1654	105
1654	974
789	85
789	1800
789	666
789	1120
604	312
1641	49
1641	227
1641	261
1641	369
1641	909
1641	1397
1641	1399
1641	1492
1641	1499
1641	1561
1641	1501
1641	1838
1376	1562
1376	1666
1376	1472
1376	834
1376	835
1376	435
1376	1353
576	1562
576	1666
576	1472
576	834
576	835
576	435
576	1353
783	1647
1710	259
889	769
889	963
889	1097
889	1754
889	1615
889	715
889	912
1442	1866
1059	150
1059	1665
1059	1111
1059	1204
1059	1276
1059	1707
1059	1601
1059	1824
1059	1828
1059	1468
894	275
894	428
894	1448
894	7
894	1113
894	1053
894	1192
894	1352
894	1789
894	1823
249	525
249	559
249	556
249	558
1397	49
1397	162
1397	261
1397	369
1397	1235
1397	1272
1397	1553
1397	1495
1397	1399
1397	1848
1397	1641
1397	1492
1838	205
1838	1028
1838	770
1838	854
1838	1048
1838	1286
1838	1641
1838	1857
1002	1665
1255	204
1255	336
1255	569
1255	1509
695	1718
998	1724
998	878
1740	1670
1236	16
1236	762
1645	738
299	669
299	573
1864	725
444	7
395	456
135	364
560	43
560	1615
1485	636
1485	1409
107	1385
107	176
107	722
107	723
107	45
107	326
107	160
107	842
107	172
107	748
1253	1403
772	1328
981	426
981	1338
981	436
981	1729
1158	1028
1158	780
1158	1096
1663	1028
1663	1829
1663	1738
594	976
1668	1869
1668	1351
1202	356
1202	1508
1721	954
1534	1120
1860	1514
324	595
324	847
324	581
324	617
324	424
324	1029
324	447
324	658
324	1558
324	890
324	613
1003	899
1149	1028
130	13
130	41
130	1754
98	773
359	1147
359	766
359	632
898	844
898	1409
351	1811
977	1243
327	1604
806	1416
1239	1426
236	1113
1071	53
1071	499
1071	1070
1150	1574
1029	324
1188	89
1188	172
1188	559
1188	556
1188	558
1633	1635
1830	245
1830	1330
754	91
754	1370
1185	627
888	1617
1790	701
871	66
871	1332
1144	962
1605	1609
1531	1393
1531	1756
775	440
1778	148
1778	260
1778	320
1778	1201
1778	752
1778	750
1778	843
1778	1267
1778	1595
1778	707
1842	245
1335	26
1335	127
1335	210
1335	593
1335	605
1335	1179
1335	1829
1335	1810
500	322
449	916
449	1574
585	431
585	947
585	959
1428	676
633	1052
1210	1028
1210	1615
1692	60
1692	264
1692	561
1692	899
1692	1698
1692	1626
1887	1631
1052	100
1052	522
1052	633
1052	1746
1052	1139
876	624
1425	1122
1579	758
1579	1724
1579	1683
526	222
526	301
526	1613
526	1423
526	207
1088	1117
1146	278
1073	1061
1593	530
1593	968
685	1124
685	708
494	445
494	1314
494	863
494	1359
494	869
494	1186
494	793
494	1323
494	667
67	919
67	781
67	1705
1751	1349
231	957
231	1699
231	941
967	947
1850	1411
326	653
326	1301
326	107
326	237
326	1028
326	297
326	1241
326	1096
326	834
326	159
326	801
326	1805
326	1021
326	456
326	679
326	1539
326	1153
326	1500
326	1696
326	1464
326	382
1732	1715
1854	1216
1854	1476
640	1069
1573	445
1573	1117
1209	471
564	139
353	1134
855	630
855	1780
583	457
583	644
583	1032
583	1481
583	1289
583	450
583	1763
583	1434
445	1301
445	1880
445	1524
445	863
445	1573
445	1869
445	1351
445	494
445	1323
445	688
445	559
445	556
445	558
361	16
361	762
361	1339
443	484
443	807
1712	433
1712	1675
1374	1700
15	312
1704	163
1704	561
1704	159
1704	801
1704	899
18	276
18	706
1170	1235
1170	1298
1557	1043
1557	1084
745	1869
745	1351
193	1777
512	278
1137	992
1137	120
1137	483
1137	714
1137	1440
1137	1470
1198	470
262	1381
1101	1096
1259	1752
804	1526
804	1777
777	570
82	956
1216	1476
1216	1854
112	1190
978	1473
918	200
918	312
918	757
918	1299
952	1519
952	1863
540	533
540	1357
540	945
1421	1281
1687	352
1687	368
1687	383
584	682
584	1630
120	483
120	355
120	1242
120	1722
120	1028
120	162
120	1806
120	1706
120	1137
120	891
120	45
120	1025
120	240
120	651
120	1568
120	749
120	1550
120	822
120	936
120	416
120	1470
896	141
896	349
1020	1395
1001	1774
1281	237
1281	1421
1330	147
1330	227
1330	1028
1330	696
1330	477
1330	682
1330	1830
1330	1813
1330	1256
1330	1551
1330	1630
1330	1563
1016	1174
948	1301
948	172
948	204
948	1028
948	251
948	45
948	748
948	833
948	688
948	1292
948	1504
948	717
1547	423
1547	441
1547	1127
1547	1200
1547	1520
1702	206
722	107
722	723
1219	844
800	1398
800	953
800	235
296	97
296	1269
683	1614
683	111
683	269
683	420
683	785
683	1136
683	1473
683	751
890	324
890	595
890	847
870	1714
1247	487
1247	1117
1247	1241
532	1324
206	1702
1206	305
1206	343
1206	638
1206	831
1206	865
1206	963
1206	1653
1206	1754
939	163
939	429
939	610
939	364
939	399
707	330
707	752
707	750
707	843
707	1778
620	1800
553	1023
678	858
678	1818
678	854
678	549
678	1134
200	88
200	95
200	1156
200	312
200	757
200	918
200	1072
1798	1542
73	276
492	39
492	799
492	1280
911	1028
292	1203
292	37
292	1514
1271	448
291	46
291	1057
1769	1062
854	79
854	1306
854	95
854	1028
854	1800
854	678
854	767
854	969
854	858
854	389
854	1048
854	1286
854	1838
854	1320
854	1098
854	549
1827	1317
1827	726
1600	160
1600	362
1600	1443
1600	1504
1558	324
1558	595
919	67
919	1829
1308	1014
1545	696
697	677
501	1780
501	1886
501	630
1415	1122
86	1360
368	273
368	1687
368	529
561	1634
561	60
561	81
561	1315
561	243
561	246
561	1028
561	264
561	1755
561	529
561	1692
561	1288
561	578
561	1508
561	795
561	1704
561	159
561	801
561	819
561	856
561	787
561	590
561	1698
561	1625
561	1358
561	1462
561	1345
561	899
561	1563
561	1701
561	1626
561	656
561	851
561	1279
19	750
19	843
528	185
1498	382
612	1863
612	1519
787	561
787	682
787	609
1487	759
415	1049
638	305
638	343
638	838
638	963
638	1653
638	1754
638	865
638	1206
638	831
1811	351
1811	1664
1301	1426
1301	191
1301	338
1301	378
1301	863
1301	445
1301	1478
1301	80
1301	326
1301	1251
1301	160
1301	1437
1301	650
1301	748
1301	901
1301	948
1301	793
1301	1819
1301	1323
1301	1260
1301	688
1301	873
1301	172
1301	1155
1301	1268
1301	559
1301	556
1301	558
1301	455
1300	1355
1303	404
1303	727
1652	143
1652	199
1652	309
1652	335
1652	637
1652	582
1844	1771
1565	1122
869	494
869	863
825	417
1078	732
770	215
770	1522
770	1838
770	688
1119	1755
991	1818
991	1526
991	1777
652	1151
652	1293
285	1184
285	844
285	1571
1142	1040
1142	1122
1799	396
1799	523
1799	539
1799	631
1799	753
1799	1121
1799	1505
1799	1861
1800	63
1800	160
1800	1028
1800	717
1800	620
1800	934
1800	65
1800	789
1800	1841
1800	688
1800	1292
1800	1256
1800	854
1661	9
1661	667
644	583
644	28
644	1563
1032	583
1032	28
1032	1563
573	299
1794	187
1794	188
254	1358
513	187
513	188
513	259
1497	435
1497	1353
1840	305
713	47
713	1387
1363	90
1576	248
209	1024
209	1754
1689	1340
1382	660
495	166
495	215
495	1126
495	1250
495	848
936	93
936	120
936	552
936	714
936	1141
936	971
936	1133
1147	359
378	1301
378	863
1580	1815
1038	99
95	88
95	200
95	757
95	1299
95	1134
95	854
41	1754
41	130
873	1301
1753	1695
1753	346
1753	792
1340	1689
1285	456
1285	1539
352	1754
352	1687
352	648
1143	160
1143	748
847	1028
847	324
847	595
847	613
847	617
847	658
847	784
847	890
446	1681
267	1888
267	456
1424	867
1424	1124
1424	1154
1424	1320
1424	1361
1424	1540
154	47
1037	823
1390	121
1390	1391
984	464
984	1208
394	221
394	1083
146	1754
146	1284
146	619
219	805
219	1494
862	782
862	1467
150	63
150	1829
150	1028
150	1059
150	1754
150	1034
150	1820
150	429
150	682
150	1132
150	1473
150	793
150	1298
150	516
150	1563
150	1435
1857	1466
1857	1838
431	585
431	959
65	160
65	1800
65	764
65	7
65	38
65	1599
65	1383
65	242
65	629
65	1065
65	748
65	1877
1431	629
1804	1079
131	1817
131	989
908	755
908	1254
278	215
278	225
278	1318
278	1622
278	1146
278	512
1623	391
1623	1535
1405	435
1405	1353
729	223
729	288
1100	321
442	233
345	410
968	26
968	1593
1172	788
128	91
400	398
400	740
400	1708
400	805
400	1750
400	1615
1683	1326
1683	758
1683	1724
1683	1579
255	199
255	228
255	1541
255	637
255	1138
255	306
255	309
158	312
636	92
636	785
636	1237
636	138
636	1508
636	1485
636	844
636	1409
676	703
676	803
676	1428
72	688
794	778
1284	146
1284	619
1284	769
1284	1754
12	1275
12	1596
12	839
12	902
1024	209
841	322
841	1113
1755	163
1755	243
1755	1119
1755	159
1755	801
1755	529
1755	899
1755	561
768	204
768	1417
768	1117
768	332
700	982
1408	1488
1496	872
1496	520
1496	1186
1597	1865
1597	1724
1597	1341
1597	1483
1746	1052
1746	1182
938	476
938	1174
1429	682
1429	1551
1429	1813
842	1385
842	107
704	5
1346	459
926	1515
1361	689
1361	1424
1867	1028
1867	1609
396	167
396	753
396	1121
396	523
396	631
396	1799
396	1861
396	886
396	1505
746	1610
746	45
1007	1829
544	1395
923	404
925	1453
895	621
674	694
844	20
844	636
844	285
844	1184
844	1871
844	917
844	1643
844	1682
844	1409
844	1141
844	898
844	1219
844	1629
844	1104
844	1847
844	1571
1572	1459
1543	350
1483	1597
782	862
782	1211
1620	1175
1380	118
1380	990
1380	655
1380	1344
1380	1529
1380	485
1380	837
1380	1011
1380	339
1380	360
1380	175
350	58
350	318
350	1543
350	662
350	487
350	760
350	1115
350	1609
1856	730
1719	1112
1719	204
1719	1193
1719	1117
829	559
829	556
829	558
569	1430
569	1255
569	1417
569	332
298	1748
461	1525
461	1334
504	357
914	586
914	621
856	243
856	561
856	1843
756	93
88	1156
88	95
88	312
88	200
88	757
1488	1408
87	27
1349	1751
1527	629
1527	1354
1127	441
1127	1547
1877	165
1877	65
1877	739
1877	1375
979	381
979	1418
1270	389
1270	1355
1514	126
1514	1826
1514	1736
1514	292
1514	1860
1222	243
177	498
177	731
1517	10
1517	593
1664	1811
1085	559
1085	556
1085	558
1085	1010
1117	1719
1117	160
1117	336
1117	1088
1117	617
1117	747
1117	768
1117	785
1117	932
1117	1035
1117	373
1117	1193
1117	1112
1117	1869
1117	1351
1117	1504
1117	1509
1117	1247
1117	1573
1117	1642
1117	1475
1117	1863
1117	1313
125	1273
521	303
521	705
430	1022
791	906
791	1056
85	1120
85	789
1034	150
1034	1028
1034	157
263	1616
1768	592
1845	84
1845	161
1845	913
589	477
589	1813
589	682
1638	58
1638	356
1638	487
1883	245
1883	1615
1025	120
1025	1829
1651	456
1651	1554
1651	1581
76	1186
1658	174
166	495
166	716
303	147
303	229
303	1005
303	1245
303	1758
303	1422
303	521
303	1511
303	1779
917	844
483	992
483	120
483	151
483	257
483	861
483	1403
483	1048
483	1137
1179	68
1179	204
1179	1691
1179	1863
1179	1283
1179	1335
1107	1333
1190	112
1190	1807
1190	1671
202	71
202	161
1601	1665
1601	496
1601	761
1601	1204
1601	1276
1601	1707
1601	1468
1601	1059
1601	1824
1168	64
559	1301
559	249
559	445
559	1875
559	1392
559	1042
559	1507
559	670
559	1475
559	1254
559	1473
559	70
559	1085
559	709
559	829
559	1188
556	1301
556	249
556	445
556	1875
556	1392
556	1042
556	1507
556	670
556	1475
556	1254
556	1473
556	70
556	1085
556	709
556	829
556	1188
558	1301
558	249
558	445
558	1875
558	1392
558	1042
558	1507
558	670
558	1475
558	1254
558	1473
558	70
558	1085
558	709
558	829
558	1188
1245	303
989	131
989	766
989	1817
1097	769
1097	889
1097	1615
1097	715
1741	44
1823	114
1823	476
1823	793
1823	894
1823	1180
1823	1789
1823	7
1823	1783
1823	1869
1823	1351
1436	859
1436	435
1436	1353
1436	1472
1145	517
1566	545
677	697
616	92
616	356
616	1045
616	785
616	1508
616	1625
616	1175
616	1478
616	80
481	555
1791	183
1791	232
1795	1322
1795	1852
1736	1514
1736	1074
1492	49
1492	227
1492	1028
1492	767
1492	1235
1492	1286
1492	1397
1492	1399
1492	1553
1492	1256
1492	1641
1492	1501
1492	1499
950	251
950	1290
1780	501
1780	855
1780	1873
192	1477
878	454
878	1724
878	998
878	1552
1372	1404
1338	981
1338	426
1338	436
1338	1039
1338	1246
1338	1640
1338	1834
369	49
369	1553
369	1495
369	317
369	909
369	1272
369	1235
369	1777
369	1397
369	1399
369	1848
369	1641
436	981
436	426
436	1834
436	1729
436	1640
436	1338
1040	1515
1040	310
1040	472
1040	571
1040	737
1040	931
1040	1142
1040	949
1040	1044
1040	1587
1139	14
1139	1052
233	442
233	1362
1384	1379
694	674
1151	652
1879	1609
1879	458
1879	1106
1879	467
459	58
459	1028
459	422
459	1293
459	1346
392	1657
358	1859
1355	1270
1355	1300
1355	1342
1355	389
1615	507
1615	93
1615	218
1615	400
1615	560
1615	595
1615	1708
1615	740
1615	805
1615	861
1615	889
1615	966
1615	1401
1615	1097
1615	1210
1615	1494
1615	1224
1615	1636
1615	1750
1615	1883
1615	715
817	187
817	188
817	259
486	36
486	1177
486	814
1318	278
1771	1304
1771	1844
1014	1308
1218	1466
1407	11
1407	579
810	284
810	1329
172	1301
172	107
172	160
172	1522
172	469
172	666
172	187
172	188
172	1324
172	808
172	1862
172	1260
172	456
172	948
172	1383
172	365
172	587
172	274
172	1655
172	748
172	1188
49	1553
49	1495
49	317
49	909
49	1272
49	1235
49	261
49	1777
49	1397
49	1399
49	714
49	369
49	1641
49	1492
1061	108
1061	473
1061	1217
1061	1682
1061	1064
1061	1073
238	1843
238	1279
60	81
60	1692
60	109
60	300
60	1028
60	577
60	1698
60	211
60	1625
60	795
60	1622
60	1358
60	1462
60	93
60	899
60	264
60	561
60	1563
60	1626
60	656
60	1610
60	853
60	851
60	1279
36	1588
36	486
1098	854
1868	688
1121	396
1121	523
1121	631
1121	753
1121	1799
1121	1861
1121	1505
1456	1221
1227	1028
1323	1301
1323	445
1323	494
1323	863
1323	688
1323	1133
901	1301
901	1028
342	1028
1757	92
1757	649
1757	1508
89	1188
765	469
473	108
473	1061
698	1204
688	58
688	1301
688	72
688	204
688	244
688	375
688	1800
688	445
688	456
688	487
688	690
688	650
688	739
688	770
688	809
688	1192
688	1321
688	1509
688	1343
688	1437
688	1260
688	948
688	1311
688	1323
688	1257
688	717
688	1868
688	1500
1871	844
1870	793
985	276
909	49
909	261
909	369
909	1553
909	1495
909	1399
909	1298
909	1848
909	1641
1559	83
995	433
1667	377
1667	506
1667	1265
1463	145
790	940
1208	984
1208	1525
827	384
1204	698
1204	1059
1204	1707
1204	1601
1461	204
1461	1031
743	1199
1295	748
535	1690
808	160
808	172
808	1677
808	380
1551	682
1551	1330
1551	1429
1598	714
863	1301
863	378
863	445
863	494
863	1314
863	869
863	1586
863	1323
1439	1709
634	1443
634	1504
534	469
534	1522
1849	893
116	924
116	1046
28	4
28	1401
28	644
28	1032
300	60
300	429
300	529
300	1843
300	1462
40	1103
40	1203
40	37
40	276
40	185
723	107
723	722
413	1128
418	1481
418	1289
418	450
1885	1422
1885	1005
1074	724
1074	1736
1074	136
1074	818
516	150
516	1703
516	1249
673	1175
1226	552
1341	1476
1341	1597
1493	509
690	1807
690	688
690	1671
1048	1610
1048	1028
1048	483
1048	552
1048	854
1048	1820
1048	1409
1048	1838
1048	1134
464	984
628	384
628	388
1549	1550
1549	912
1549	1570
1333	568
1333	709
1333	1107
1333	1278
626	1076
626	1113
472	1215
472	1040
681	872
681	520
681	1186
243	1755
243	561
243	1843
243	899
243	856
243	1222
286	1504
1321	688
497	402
732	1078
1164	1882
1268	1301
1268	304
533	540
13	1754
13	130
1722	120
1026	452
1445	184
1445	484
1445	807
1350	184
1350	484
1350	807
405	750
405	843
404	1303
404	215
404	1028
404	252
404	429
404	831
404	1412
404	1625
404	923
404	1279
314	74
1622	60
1622	278
1622	362
1622	1843
186	1113
322	836
322	500
322	1113
322	994
322	841
797	1518
1183	1080
96	160
1276	1665
1276	1468
1276	1059
1276	1707
1276	1824
1276	1601
237	1455
237	326
237	1281
1319	724
1889	904
325	1495
958	4
958	1401
1130	718
385	412
631	396
631	523
631	1799
631	753
631	1121
631	1861
631	1505
1381	262
905	7
927	1378
725	1864
1659	1213
608	1802
29	614
268	355
268	1806
268	1679
268	465
1250	495
945	540
381	979
381	1418
381	1260
381	748
1055	498
1055	731
1234	1401
1228	1028
1297	257
1297	1519
1297	1863
1064	108
1064	1061
799	492
799	547
740	218
740	400
740	1708
740	805
740	1750
740	1615
740	1494
1726	519
1726	912
157	1034
1584	1293
1584	1773
1584	1831
872	35
872	239
872	681
872	891
872	1312
872	1496
520	35
520	239
520	681
520	891
520	1312
520	1496
1690	535
635	212
1609	1028
1609	350
1609	1867
1609	662
1609	384
1609	744
1609	1530
1609	1383
1609	1879
1609	1686
1609	1605
414	980
1116	661
1116	1392
1189	1610
1743	1186
549	678
549	854
549	1770
1649	944
1649	1650
623	1717
639	1105
639	7
639	1727
639	1480
600	1225
600	1624
600	1727
1731	802
1043	1557
1043	1084
33	1590
33	1278
1092	541
1637	1478
1637	80
595	324
595	424
595	563
595	847
595	1615
595	1558
595	890
595	613
241	1028
241	831
241	1481
241	1289
241	450
554	750
554	843
986	767
986	115
986	1776
986	1484
1258	35
227	1256
227	1330
227	1641
227	682
227	1492
384	182
384	456
384	1888
384	827
384	1739
384	1539
384	1642
384	628
384	903
384	1609
115	986
115	1776
514	257
514	1863
514	1696
1733	875
646	257
646	1863
62	136
62	222
62	301
1041	435
1041	1353
1332	871
165	1877
1091	875
1489	367
1714	655
1714	1344
1714	1529
1714	485
1714	837
1714	1011
1714	339
1714	360
1714	344
1714	575
1714	1762
1714	1109
1714	870
1714	893
1714	929
1714	930
1714	1231
1714	1232
1714	1089
1714	1386
1714	1613
1714	1423
1714	207
1714	1627
1714	1447
1714	1890
167	396
167	1825
42	1855
809	688
1513	1187
1357	540
1357	1466
1357	728
1357	949
1455	237
1057	46
1057	291
1057	1184
1057	1556
949	475
949	1040
949	1357
949	1229
1187	816
1187	849
1187	955
1187	1513
618	1169
618	1062
618	1835
510	839
1131	1569
645	1133
802	1028
802	976
802	1731
380	808
1541	199
1541	255
1541	309
1541	306
1682	108
1682	844
1682	1061
189	1296
1302	734
1793	196
310	946
310	793
310	1040
972	90
1113	186
1113	236
1113	322
1113	606
1113	626
1113	841
1113	894
1113	1076
1779	303
1779	1603
1779	1005
416	120
416	835
416	1104
215	58
215	63
215	93
215	404
215	495
215	278
215	1028
215	1625
215	429
215	773
215	1366
215	770
215	476
215	715
215	850
215	245
467	487
467	662
467	1539
467	1050
467	1879
1715	1732
425	542
814	187
814	188
814	486
762	1028
762	361
762	308
762	1236
531	816
531	1095
348	577
1089	508
1089	1214
1089	680
1089	1762
1089	1109
1089	1009
1089	811
1089	655
1089	1344
1089	1529
1089	485
1089	837
1089	1011
1089	339
1089	360
1089	1714
1089	1761
97	296
1435	150
1342	389
1342	1355
1792	1676
288	729
1522	172
1522	534
1522	748
1522	770
246	429
246	899
246	561
373	45
373	1051
373	1117
373	1313
151	483
151	969
151	1028
687	437
81	60
81	682
81	1028
81	561
1591	577
642	1884
759	1487
792	1753
792	1521
1310	387
480	277
480	537
1081	1466
1401	4
1401	507
1401	1367
1401	1028
1401	1452
1401	958
1401	28
1401	1234
1401	1615
1401	1409
1401	1644
1748	298
963	305
963	343
963	638
963	831
963	865
963	889
963	1754
963	1653
963	1206
1191	717
547	799
900	903
5	704
1848	261
1848	369
1848	909
1848	1298
1848	1397
1848	1399
1848	1393
1848	1553
26	1495
26	530
26	968
26	1335
1345	312
1345	561
1345	1701
1837	1132
1837	1655
1836	1872
1114	93
1114	1730
1114	864
344	1714
344	1762
344	1109
344	1231
344	1627
575	1714
575	1762
575	1109
575	1231
575	1627
542	58
542	425
684	1316
961	885
795	60
795	561
1560	1087
224	1072
597	10
921	824
921	1220
921	1329
1501	1399
1501	1492
1501	1641
1264	621
675	1066
675	1244
675	70
248	1576
643	1797
643	1027
1695	1129
1695	1753
1012	173
1012	27
962	1144
1307	786
1307	1530
1782	505
1033	251
1033	1453
1808	710
1808	1027
103	160
103	748
294	1437
294	717
1360	86
269	111
269	683
1744	1122
1180	1823
857	458
1230	1418
1653	305
1653	343
1653	638
1653	831
1653	865
1653	963
1653	1206
1653	1754
438	1240
438	1567
1703	1610
1703	230
1703	516
1703	903
1249	1610
1249	230
1249	516
1249	903
1419	1291
84	913
84	1845
142	874
142	1639
401	217
1535	6
1535	1623
1102	1094
1102	482
838	312
838	1843
838	638
838	714
838	1393
838	1756
1716	1086
1367	1401
1671	435
1671	1353
1671	690
1671	1190
1846	149
1153	326
1153	435
1153	1353
1888	267
1888	384
8	258
1567	438
1630	584
1630	159
1630	801
1630	1330
1339	1028
1339	361
1388	118
1388	990
1388	175
456	25
456	101
456	172
456	267
456	270
456	326
456	395
456	1453
456	1829
456	1666
456	835
456	1519
456	1414
456	1050
456	1869
456	1351
456	1810
456	1539
456	1759
456	1863
456	1403
456	1651
456	820
456	552
456	1285
456	688
456	384
619	146
619	1284
1720	27
1720	1229
47	741
47	1454
47	603
47	713
47	1734
47	1742
47	154
1524	445
422	171
422	459
1479	160
1479	748
751	1237
751	138
751	683
751	1136
751	1723
1068	309
1068	335
1068	637
109	60
109	1537
993	1654
993	598
383	1530
383	1687
769	1097
769	1754
769	1284
769	889
769	912
769	715
835	416
835	456
835	1376
835	576
835	1021
835	1132
835	1539
983	457
983	1481
983	1289
983	450
536	1325
536	1512
1742	47
457	983
457	583
457	1481
457	1289
457	450
123	1530
717	204
717	294
717	1800
717	45
717	688
717	1191
717	1260
717	1292
717	1437
717	948
1440	108
1440	1217
1440	1137
1725	1426
741	47
741	1387
601	1767
1448	275
1448	894
191	21
191	50
191	1301
417	825
71	202
786	1307
1076	58
1076	318
1076	476
1076	487
1076	626
1076	793
1076	1113
1076	994
771	1728
1336	712
439	1766
1697	739
1697	924
1697	1046
1697	1018
1697	1275
1697	1696
1624	600
171	422
171	220
1628	912
434	539
250	1852
149	1846
1717	623
1066	675
1828	1728
1828	1059
1809	102
858	678
858	854
858	1777
858	1818
329	1752
194	1592
805	218
805	400
805	1708
805	398
805	740
805	1494
805	1750
805	1615
805	219
720	1724
943	276
1686	1609
1686	1519
1215	472
1399	49
1399	261
1399	369
1399	651
1399	909
1399	1235
1399	1298
1399	1397
1399	1553
1399	317
1399	1641
1399	1501
1399	1393
1399	1756
1399	1848
1399	1492
1437	1301
1437	160
1437	204
1437	294
1437	688
1437	1106
1437	717
411	1608
1452	1401
887	79
887	432
761	1601
1646	1724
1634	561
1634	1358
1611	477
1611	682
1611	1813
309	143
309	199
309	228
309	255
309	289
309	1068
309	1541
309	637
309	1138
309	335
309	622
309	1652
309	306
309	582
402	497
402	818
173	1012
1694	204
1694	1536
593	785
593	1863
593	1519
593	1517
593	1335
1466	1218
1466	1357
1466	1882
1466	1857
1466	1081
1314	494
1314	863
437	657
437	687
437	1262
1286	1028
1286	312
1286	854
1286	1159
1286	1777
1286	1838
1286	1492
1254	559
1254	556
1254	558
1254	755
1254	908
1254	1507
1023	553
1169	618
1169	1662
1169	997
735	1274
755	1507
755	1254
755	908
365	172
692	1530
376	1279
1288	561
1288	1279
693	435
693	1353
693	1472
1017	518
1473	56
1473	150
1473	1028
1473	279
1473	476
1473	559
1473	556
1473	558
1473	683
1473	785
1473	978
1473	1369
1473	1530
1473	1728
1698	60
1698	264
1698	561
1698	899
1698	1692
1698	1626
176	107
176	1874
1616	263
915	1728
441	1127
441	1520
441	1547
141	896
562	122
1251	1301
1750	400
1750	1708
1750	398
1750	740
1750	805
1750	1494
1750	1615
27	87
27	1237
27	138
27	1012
27	551
27	1090
27	1132
27	1348
27	793
27	1720
27	833
144	57
1426	1301
1426	1239
1426	1373
1426	1725
277	480
277	515
679	326
679	1403
1135	458
1135	1577
1263	261
964	614
733	1724
733	1110
260	750
260	843
260	330
260	1778
785	58
785	397
785	487
785	593
785	616
785	636
785	683
785	1508
785	1104
785	1473
785	1625
785	1117
785	793
785	1368
1370	77
1370	91
1370	754
902	12
902	1275
1242	120
1242	714
947	1028
947	585
947	967
947	1625
1588	34
1588	36
1588	283
1588	1177
1432	1464
1648	599
1648	1015
159	326
159	1755
159	548
159	561
159	1843
159	1704
159	820
159	399
159	1630
159	899
801	326
801	1755
801	548
801	561
801	1843
801	1704
801	820
801	399
801	1630
801	899
1138	199
1138	255
1138	289
1138	309
1138	622
1138	152
1138	306
1138	1389
59	1581
1469	134
663	140
663	503
275	1448
275	894
275	1816
767	986
767	216
767	1028
767	1777
767	1492
767	854
347	1606
1730	93
1730	1028
1730	1636
1730	1114
1730	899
864	93
864	1028
864	1636
864	1114
864	899
951	1583
1556	1287
1556	110
1556	1028
1556	1438
1556	971
1556	1057
1556	1162
1556	1184
1556	1409
1556	1446
433	1712
433	1199
433	995
113	953
1825	167
509	1493
1207	1688
1235	49
1235	162
1235	261
1235	369
1235	1170
1235	1553
1235	1397
1235	1399
1235	1492
727	1303
1171	48
686	281
956	82
280	387
280	427
280	1047
280	1369
114	1823
338	1301
184	1445
184	1350
1348	27
1348	793
1348	1770
251	1033
251	950
251	948
251	538
367	106
367	197
367	1489
367	1510
337	1718
1000	129
1269	296
1660	1365
1660	1516
906	791
906	903
906	1056
136	62
136	319
136	1074
136	1884
234	1869
234	1351
1298	150
1298	1028
1298	909
1298	1170
1298	1272
1298	1495
1298	317
1298	1293
1298	1366
1298	1869
1298	1351
1298	1393
1298	1399
1298	1756
1298	1824
1298	1848
261	49
261	1553
261	1495
261	317
261	909
261	1272
261	1235
261	1263
261	1397
261	1641
261	1399
261	1848
261	714
1706	120
1706	312
1706	1106
229	303
657	437
1095	386
1095	531
1095	537
1095	816
1095	1054
1568	120
1568	312
1568	615
1568	1106
1083	394
1224	1724
1224	1615
1499	1325
1499	1492
1499	1641
1536	1694
1536	766
1252	1632
1252	1831
1252	1465
1123	1334
1123	1525
1347	247
1540	1424
1140	1767
1453	653
1453	456
1453	463
1453	1033
1453	435
1453	1353
1453	1829
1453	1472
1453	1460
1453	925
730	61
730	629
730	1354
730	1856
1058	650
1058	1596
289	1138
289	309
1544	1863
924	94
924	116
924	1490
924	1697
924	602
924	1578
924	1512
1046	94
1046	116
1046	1490
1046	1697
1046	602
1046	1578
1046	1512
1785	1784
1882	1466
1882	1164
1829	10
1829	58
1829	150
1829	382
1829	456
1829	781
1829	832
1829	750
1829	843
1829	919
1829	1539
1829	1007
1829	1025
1829	1133
1829	1806
1829	1335
1829	1453
1829	1229
1829	1581
1829	1663
1829	1869
1829	1351
1829	1705
712	1336
779	1028
1383	172
1383	487
1383	65
1383	748
1383	820
1383	1609
1383	1260
1383	632
1383	1642
1383	1132
1383	1655
1383	1500
388	628
1192	204
1192	45
1192	894
1192	688
1192	1225
1192	1368
1192	1789
306	199
306	255
306	309
306	152
306	1138
306	1541
1277	1863
1454	47
1454	187
1454	188
1454	259
180	312
180	882
820	163
820	456
820	552
820	159
820	801
820	1577
820	1820
820	1021
820	1132
820	1383
1816	275
133	312
133	1656
133	828
1586	863
798	1237
798	138
798	1028
798	1090
798	1618
629	61
629	75
629	65
629	1410
629	730
629	1431
629	1612
629	1527
629	1354
629	748
1418	381
1418	979
1418	1099
1418	1230
1728	771
1728	915
1728	1473
1728	1631
1728	1828
852	1512
1835	618
1835	997
1835	1662
1818	678
1818	858
1818	1777
1818	991
1412	404
1821	865
476	58
476	215
476	1076
476	487
476	1174
476	1823
476	1420
476	938
476	1473
476	793
1030	155
1030	1125
1760	539
1465	1252
580	1555
265	1205
265	1770
1772	1669
929	1714
946	310
1404	1372
1590	33
1590	1278
632	359
632	1450
632	1383
282	1402
195	1478
195	80
1789	204
1789	682
1789	894
1789	1192
1789	1368
1789	1563
1789	1823
1389	152
1389	1138
757	88
757	95
757	200
757	312
757	1156
757	1299
757	918
63	1800
63	215
63	150
63	429
63	1802
897	1763
1678	355
169	1520
706	18
349	896
774	830
885	961
715	215
715	769
715	889
715	1097
715	1615
715	1625
715	1754
479	662
479	435
479	1353
853	60
1523	1532
295	1122
1681	446
530	26
530	1593
530	1122
1010	1085
1176	527
94	924
94	1046
1467	1075
1467	586
1467	621
1467	649
1467	907
1467	862
1467	1530
57	144
1019	1713
389	854
389	1270
389	1342
389	1355
174	1530
174	1658
1752	329
1752	1259
1662	1709
1662	1062
1662	1169
1662	1835
1275	12
1275	902
1275	1697
1570	1550
1570	714
1570	912
1570	1549
931	239
931	1040
1596	12
1596	1058
1596	1087
1596	1739
845	883
1422	303
1422	1885
1876	793
1876	816
1205	265
1027	643
1027	1808
1781	570
1781	1518
331	1575
331	596
959	1028
959	431
959	585
627	1185
627	793
627	1260
879	421
879	1724
987	393
581	324
581	658
758	1579
758	1683
758	1724
758	1552
758	928
1241	326
1241	793
1241	1247
496	1665
496	1601
496	7
568	709
568	1333
70	559
70	556
70	558
70	675
1246	1326
1246	387
1246	1338
691	1724
691	1110
691	1858
784	847
1503	1313
1136	420
1136	683
1136	751
1039	426
1039	1729
1039	1338
1084	1043
1084	1557
899	60
899	93
899	243
899	246
899	1028
899	264
899	1755
899	561
899	1692
899	1730
899	864
899	1704
899	159
899	801
899	1698
899	1003
899	1358
899	1626
106	1582
106	367
517	1145
366	313
1495	26
1495	49
1495	261
1495	325
1495	369
1495	909
1495	1298
1495	1397
328	435
328	1353
882	23
882	180
882	312
882	969
882	1776
45	107
45	120
45	160
45	274
45	362
45	944
45	746
45	1192
45	717
45	1193
45	1585
45	948
45	1509
45	373
45	1504
45	1862
1243	977
208	435
208	1353
208	1472
1863	1544
1863	1028
1863	257
1863	456
1863	514
1863	593
1863	612
1863	910
1863	1297
1863	942
1863	952
1863	646
1863	370
1863	1006
1863	1050
1863	1179
1863	1117
1863	1277
1863	287
1863	1666
1863	1530
1863	1759
944	45
944	1649
944	1650
944	1504
840	341
1564	739
453	1118
736	137
736	1331
1619	892
611	266
266	611
1833	493
1833	1013
1833	1103
1833	276
205	1838
355	120
355	137
355	268
355	1679
355	1678
355	1512
355	465
355	1806
970	1028
1072	200
1072	224
1072	605
1711	465
1115	257
1115	350
1115	1063
1115	1106
1115	1096
99	1038
1734	47
821	828
432	247
432	887
734	1302
35	1258
35	518
35	872
35	520
1520	169
1520	441
1520	1060
1520	1547
1484	986
1099	1418
1155	1301
1155	204
1155	435
1155	1353
1155	1807
826	1450
1062	74
1062	618
1062	1662
1062	1769
1062	997
1788	1273
1364	763
665	721
1063	719
1063	1115
1124	10
1124	685
1124	708
1124	1424
1124	1194
1124	1581
1665	1468
1665	1059
1665	1002
1665	1707
1665	1276
1665	496
1665	1601
714	49
714	162
714	1550
714	240
714	261
714	1570
714	838
714	1242
714	1137
714	651
714	1067
714	1598
714	936
1200	1547
391	1623
1165	410
179	884
179	1181
672	747
523	396
523	1799
523	753
523	1121
523	631
523	1861
523	1505
708	685
708	1124
119	1754
996	1103
315	44
315	1444
1324	172
1324	532
1006	1863
1006	1519
1552	758
1552	1724
1552	878
1552	928
1880	445
1880	1862
851	60
851	561
91	77
91	128
91	754
91	1370
1656	133
1656	312
1656	828
1267	330
1267	410
1267	752
1267	750
1267	843
1267	1778
1657	392
1470	120
1470	312
1470	1106
1470	1137
270	1820
270	456
11	1407
77	91
77	1370
1265	377
1265	506
1265	1667
875	1733
875	1091
230	1703
230	1249
242	65
1201	330
1201	750
1201	843
1201	1778
145	435
145	1353
145	1463
1679	268
1679	355
1679	465
1679	1806
524	181
1009	508
1009	1214
1009	680
1009	1762
1009	1109
1009	1089
811	508
811	1214
811	680
811	1762
811	1109
811	1089
412	253
412	385
545	1566
228	255
228	309
1777	49
1777	193
1777	369
1777	767
1777	804
1777	858
1777	1818
1777	991
1777	1286
1777	1526
452	1026
1644	1401
1400	750
1400	843
1817	131
1817	989
1817	1152
846	156
1806	58
1806	93
1806	120
1806	268
1806	355
1806	465
1806	1512
1806	1829
1806	1679
587	172
1810	456
1810	1539
1810	1018
1810	1335
1810	1696
357	504
357	484
357	807
1739	384
1739	1596
529	245
529	1028
529	368
529	1755
529	1148
529	1530
529	561
529	300
1129	1695
1129	346
1617	888
1797	363
1797	643
1086	1869
1086	1351
1086	1716
1086	1618
1086	1175
1294	527
333	1120
1696	326
1696	514
1696	1697
1696	1810
183	1791
320	750
320	843
320	330
320	1778
705	521
705	1005
705	1758
742	1869
742	1351
101	456
1430	569
1776	986
1776	115
1776	882
1031	204
1031	336
1031	1461
1873	1780
1585	204
1585	45
1585	1196
966	1615
