(1, 2)
(1, 3)
(2, 3)
(4, 5)
(4, 6)
(4, 7)
(4, 8)
(4, 9)
(5, 6)
(5, 8)
(5, 9)
(6, 8)
(6, 9)
(7, 10)
(7, 11)
(8, 9)
(9, 17)
(10, 11)
(10, 12)
(11, 13)
(11, 14)
(11, 15)
(12, 14)
(13, 14)
(13, 15)
(14, 15)
(16, 17)
(16, 18)
(19, 20)
(19, 21)
(19, 22)
(20, 21)
(20, 22)
(21, 22)
(22, 23)
(22, 24)
(22, 25)
(23, 24)
(23, 25)
(24, 25)
(26, 27)
(26, 28)
(26, 29)
(26, 30)
(27, 28)
(27, 29)
(27, 30)
(28, 29)
(28, 30)
(29, 30)
(31, 32)
(31, 33)
(31, 34)
(31, 35)
(31, 36)
(31, 37)
(31, 38)
(31, 39)
(31, 40)
(31, 41)
(31, 42)
(31, 43)
(32, 33)
(32, 34)
(32, 35)
(32, 36)
(32, 37)
(32, 38)
(32, 39)
(32, 41)
(32, 42)
(32, 43)
(32, 44)
(32, 45)
(32, 46)
(32, 47)
(32, 48)
(32, 49)
(32, 50)
(32, 51)
(32, 52)
(32, 53)
(32, 54)
(32, 55)
(32, 56)
(32, 57)
(32, 58)
(32, 67)
(33, 37)
(33, 43)
(33, 48)
(33, 59)
(33, 60)
(34, 35)
(34, 36)
(34, 38)
(34, 39)
(34, 41)
(34, 42)
(34, 43)
(35, 36)
(35, 38)
(35, 39)
(35, 41)
(35, 42)
(35, 43)
(35, 49)
(35, 55)
(35, 67)
(36, 38)
(36, 39)
(36, 41)
(36, 42)
(36, 43)
(36, 61)
(36, 62)
(36, 63)
(37, 43)
(38, 39)
(38, 40)
(38, 41)
(38, 42)
(38, 43)
(38, 44)
(38, 45)
(38, 46)
(38, 47)
(38, 48)
(38, 49)
(39, 41)
(39, 42)
(39, 43)
(40, 68)
(40, 69)
(40, 70)
(41, 42)
(41, 43)
(42, 43)
(42, 64)
(42, 65)
(43, 44)
(43, 45)
(43, 46)
(43, 47)
(43, 48)
(43, 49)
(44, 45)
(44, 46)
(44, 47)
(44, 48)
(44, 49)
(45, 46)
(45, 47)
(45, 48)
(45, 49)
(46, 47)
(46, 48)
(46, 49)
(46, 50)
(47, 48)
(47, 49)
(48, 49)
(48, 50)
(48, 59)
(48, 60)
(51, 52)
(51, 53)
(51, 54)
(51, 55)
(52, 53)
(52, 54)
(52, 55)
(52, 56)
(52, 57)
(52, 58)
(52, 66)
(53, 54)
(53, 55)
(54, 55)
(54, 57)
(54, 66)
(55, 56)
(55, 57)
(55, 58)
(55, 67)
(56, 57)
(56, 58)
(57, 58)
(57, 66)
(59, 60)
(61, 62)
(61, 63)
(62, 63)
(64, 65)
(68, 69)
(68, 70)
(69, 70)
(69, 71)
(69, 72)
(70, 71)
(70, 72)
(71, 72)
(73, 74)
(73, 75)
(73, 76)
(74, 75)
(77, 78)
(77, 79)
(77, 80)
(77, 81)
(77, 82)
(78, 79)
(78, 80)
(78, 81)
(78, 82)
(80, 81)
(80, 82)
(81, 82)
(81, 89)
(83, 84)
(83, 85)
(83, 86)
(84, 86)
(87, 88)
(87, 89)
(87, 90)
(88, 89)
(88, 90)
(89, 90)
(91, 92)
(91, 93)
(91, 94)
(91, 95)
(92, 94)
(94, 97)
(94, 103)
(95, 98)
(95, 99)
(95, 100)
(95, 101)
(96, 97)
(98, 99)
(98, 100)
(98, 101)
(99, 100)
(99, 101)
(99, 102)
(100, 101)
(100, 382)
(100, 383)
(100, 384)
(104, 105)
(104, 106)
(104, 107)
(105, 106)
(105, 107)
(105, 119)
(105, 120)
(105, 121)
(105, 122)
(106, 107)
(106, 112)
(106, 115)
(106, 116)
(106, 117)
(106, 118)
(107, 119)
(107, 120)
(107, 121)
(107, 122)
(108, 109)
(108, 110)
(108, 111)
(108, 112)
(108, 113)
(108, 114)
(109, 110)
(109, 111)
(109, 112)
(109, 113)
(110, 111)
(110, 112)
(110, 113)
(110, 114)
(111, 112)
(111, 113)
(111, 114)
(111, 116)
(111, 117)
(111, 118)
(112, 113)
(112, 114)
(112, 115)
(112, 116)
(112, 117)
(112, 118)
(113, 114)
(113, 116)
(113, 117)
(113, 118)
(114, 116)
(114, 117)
(114, 118)
(115, 116)
(115, 117)
(115, 118)
(115, 387)
(115, 388)
(115, 389)
(115, 390)
(116, 117)
(116, 118)
(117, 118)
(119, 120)
(119, 121)
(119, 122)
(120, 121)
(120, 122)
(121, 122)
(123, 124)
(123, 125)
(123, 126)
(123, 127)
(124, 125)
(124, 127)
(125, 126)
(125, 127)
(126, 322)
(126, 335)
(126, 345)
(126, 365)
(126, 379)
(126, 380)
(128, 129)
(128, 274)
(128, 275)
(128, 276)
(130, 131)
(132, 133)
(132, 134)
(132, 135)
(132, 136)
(133, 134)
(133, 136)
(133, 137)
(133, 138)
(133, 139)
(133, 140)
(133, 141)
(133, 143)
(133, 156)
(134, 135)
(134, 136)
(134, 149)
(134, 156)
(134, 392)
(134, 393)
(134, 394)
(134, 395)
(134, 397)
(134, 398)
(134, 399)
(134, 400)
(134, 402)
(134, 403)
(134, 404)
(135, 136)
(135, 139)
(135, 142)
(135, 143)
(135, 145)
(135, 146)
(135, 147)
(135, 148)
(135, 149)
(135, 150)
(135, 151)
(135, 152)
(135, 153)
(135, 155)
(135, 157)
(135, 158)
(135, 159)
(136, 153)
(136, 156)
(136, 157)
(137, 138)
(137, 139)
(137, 140)
(137, 141)
(138, 139)
(138, 140)
(138, 141)
(138, 150)
(138, 151)
(138, 153)
(138, 155)
(138, 157)
(138, 158)
(139, 140)
(139, 141)
(139, 147)
(139, 151)
(139, 152)
(139, 153)
(139, 155)
(139, 157)
(139, 158)
(140, 141)
(140, 150)
(140, 151)
(140, 153)
(142, 143)
(142, 144)
(142, 145)
(142, 146)
(142, 147)
(142, 148)
(142, 149)
(143, 144)
(143, 145)
(143, 146)
(143, 147)
(143, 148)
(143, 149)
(143, 156)
(144, 145)
(144, 146)
(145, 146)
(145, 147)
(145, 148)
(145, 149)
(145, 150)
(145, 151)
(145, 152)
(145, 154)
(146, 148)
(146, 150)
(146, 151)
(146, 152)
(147, 151)
(147, 153)
(147, 154)
(147, 157)
(147, 158)
(148, 149)
(148, 150)
(148, 151)
(148, 152)
(149, 392)
(149, 394)
(149, 395)
(149, 397)
(150, 151)
(150, 152)
(151, 152)
(151, 153)
(151, 155)
(151, 157)
(151, 158)
(152, 153)
(152, 155)
(153, 155)
(153, 157)
(153, 158)
(153, 159)
(155, 157)
(155, 158)
(157, 158)
(160, 161)
(160, 162)
(160, 163)
(160, 164)
(160, 165)
(161, 162)
(161, 163)
(161, 164)
(161, 165)
(161, 166)
(161, 169)
(162, 163)
(162, 164)
(162, 165)
(162, 166)
(162, 167)
(162, 170)
(162, 171)
(163, 164)
(163, 165)
(163, 166)
(163, 167)
(164, 165)
(164, 166)
(165, 166)
(165, 167)
(165, 170)
(166, 167)
(166, 169)
(166, 170)
(167, 168)
(167, 170)
(167, 171)
(169, 170)
(169, 171)
(170, 171)
(171, 264)
(171, 286)
(171, 420)
(171, 421)
(171, 422)
(171, 423)
(171, 424)
(171, 425)
(172, 173)
(173, 174)
(173, 178)
(173, 181)
(174, 175)
(174, 176)
(174, 177)
(174, 178)
(174, 179)
(174, 180)
(176, 177)
(176, 179)
(176, 180)
(177, 179)
(177, 180)
(179, 180)
(179, 191)
(179, 192)
(179, 193)
(179, 200)
(179, 221)
(180, 182)
(182, 183)
(182, 184)
(183, 187)
(185, 186)
(186, 204)
(186, 210)
(188, 189)
(188, 190)
(189, 208)
(189, 209)
(190, 204)
(190, 211)
(191, 192)
(191, 193)
(192, 193)
(192, 199)
(192, 201)
(192, 202)
(192, 204)
(192, 205)
(193, 199)
(193, 200)
(193, 201)
(193, 202)
(193, 203)
(193, 204)
(193, 205)
(194, 195)
(194, 196)
(194, 197)
(194, 198)
(195, 206)
(195, 207)
(195, 218)
(196, 197)
(196, 198)
(196, 211)
(197, 198)
(199, 200)
(199, 204)
(199, 206)
(199, 207)
(199, 212)
(199, 217)
(199, 218)
(200, 204)
(200, 206)
(200, 218)
(200, 220)
(200, 221)
(201, 202)
(201, 204)
(202, 204)
(202, 205)
(203, 222)
(204, 206)
(204, 207)
(204, 210)
(204, 211)
(204, 212)
(204, 213)
(204, 214)
(204, 215)
(204, 216)
(204, 217)
(204, 218)
(206, 207)
(206, 212)
(206, 214)
(206, 217)
(206, 218)
(206, 219)
(206, 220)
(206, 221)
(207, 212)
(207, 214)
(207, 217)
(207, 218)
(207, 219)
(208, 209)
(210, 212)
(210, 213)
(210, 215)
(210, 216)
(211, 329)
(211, 330)
(211, 332)
(211, 348)
(211, 350)
(211, 354)
(211, 356)
(211, 357)
(211, 363)
(211, 364)
(212, 213)
(212, 215)
(212, 216)
(212, 217)
(212, 218)
(213, 215)
(213, 216)
(214, 219)
(215, 216)
(217, 218)
(218, 220)
(218, 221)
(220, 221)
(220, 329)
(220, 350)
(220, 355)
(220, 356)
(223, 224)
(225, 226)
(225, 227)
(226, 227)
(226, 432)
(227, 246)
(227, 250)
(227, 254)
(227, 255)
(227, 256)
(228, 229)
(228, 230)
(228, 231)
(228, 232)
(228, 233)
(228, 234)
(228, 235)
(228, 236)
(229, 233)
(229, 235)
(229, 236)
(229, 242)
(229, 257)
(230, 233)
(231, 237)
(231, 238)
(231, 239)
(231, 240)
(232, 234)
(232, 236)
(232, 238)
(232, 239)
(232, 246)
(232, 250)
(232, 251)
(233, 234)
(233, 235)
(233, 236)
(233, 238)
(233, 250)
(234, 236)
(234, 238)
(234, 239)
(234, 240)
(234, 246)
(234, 250)
(234, 251)
(234, 252)
(234, 253)
(234, 435)
(234, 437)
(234, 439)
(234, 440)
(234, 442)
(234, 443)
(235, 236)
(236, 238)
(236, 239)
(236, 240)
(236, 246)
(236, 248)
(236, 250)
(236, 251)
(236, 253)
(236, 435)
(236, 437)
(236, 439)
(236, 440)
(236, 442)
(236, 443)
(236, 444)
(236, 445)
(237, 246)
(237, 247)
(237, 248)
(237, 249)
(238, 239)
(238, 240)
(238, 246)
(238, 250)
(238, 251)
(238, 252)
(238, 253)
(239, 240)
(239, 246)
(239, 250)
(239, 251)
(239, 252)
(239, 253)
(240, 241)
(240, 245)
(240, 246)
(240, 252)
(240, 253)
(240, 255)
(240, 432)
(240, 433)
(240, 434)
(240, 435)
(240, 436)
(240, 437)
(240, 439)
(240, 441)
(240, 442)
(240, 443)
(241, 242)
(241, 255)
(241, 432)
(241, 433)
(241, 434)
(241, 439)
(242, 257)
(243, 244)
(245, 246)
(246, 247)
(246, 248)
(246, 249)
(246, 250)
(246, 251)
(246, 254)
(246, 256)
(247, 248)
(247, 249)
(248, 249)
(248, 444)
(248, 445)
(250, 251)
(250, 254)
(250, 256)
(251, 252)
(251, 253)
(252, 253)
(252, 436)
(252, 437)
(253, 435)
(254, 256)
(255, 432)
(255, 433)
(255, 434)
(257, 441)
(258, 259)
(258, 260)
(258, 261)
(258, 262)
(258, 263)
(258, 264)
(258, 265)
(258, 266)
(258, 267)
(258, 268)
(258, 269)
(258, 270)
(259, 260)
(259, 261)
(259, 262)
(259, 263)
(259, 265)
(259, 266)
(259, 267)
(259, 268)
(259, 269)
(259, 270)
(259, 277)
(259, 279)
(259, 280)
(259, 284)
(260, 261)
(260, 262)
(260, 263)
(260, 265)
(260, 266)
(260, 267)
(260, 268)
(260, 269)
(260, 270)
(261, 262)
(261, 263)
(261, 264)
(261, 265)
(261, 266)
(261, 267)
(261, 268)
(261, 269)
(261, 270)
(261, 274)
(261, 275)
(261, 282)
(262, 263)
(262, 264)
(262, 265)
(262, 266)
(262, 267)
(262, 268)
(262, 269)
(262, 270)
(262, 277)
(262, 280)
(262, 281)
(263, 264)
(263, 265)
(263, 266)
(263, 267)
(263, 268)
(263, 269)
(263, 270)
(263, 274)
(263, 275)
(263, 282)
(264, 270)
(264, 274)
(264, 275)
(264, 282)
(265, 266)
(265, 267)
(265, 268)
(265, 269)
(265, 270)
(266, 267)
(266, 268)
(266, 269)
(266, 270)
(267, 268)
(267, 269)
(267, 270)
(267, 277)
(267, 280)
(267, 281)
(268, 269)
(268, 270)
(268, 277)
(268, 281)
(269, 270)
(269, 279)
(269, 280)
(269, 281)
(269, 284)
(270, 274)
(270, 275)
(270, 276)
(270, 282)
(270, 412)
(270, 414)
(270, 416)
(270, 418)
(270, 419)
(271, 272)
(271, 273)
(272, 273)
(273, 283)
(274, 275)
(274, 276)
(274, 282)
(275, 276)
(275, 282)
(276, 285)
(278, 279)
(279, 284)
(287, 288)
(287, 289)
(287, 290)
(287, 291)
(287, 292)
(287, 293)
(287, 294)
(287, 295)
(287, 296)
(287, 297)
(288, 289)
(288, 290)
(288, 291)
(288, 292)
(288, 294)
(288, 295)
(288, 296)
(288, 297)
(289, 295)
(290, 294)
(290, 296)
(290, 297)
(291, 292)
(291, 294)
(291, 295)
(291, 297)
(292, 293)
(292, 294)
(292, 295)
(292, 297)
(293, 295)
(293, 297)
(294, 295)
(294, 296)
(294, 297)
(295, 296)
(295, 297)
(296, 297)
(298, 299)
(299, 310)
(299, 311)
(299, 312)
(299, 313)
(299, 314)
(299, 315)
(299, 316)
(300, 301)
(300, 302)
(300, 303)
(300, 304)
(302, 309)
(303, 304)
(303, 318)
(303, 319)
(304, 318)
(304, 319)
(304, 320)
(305, 306)
(305, 307)
(305, 308)
(306, 308)
(307, 308)
(310, 311)
(310, 312)
(310, 313)
(310, 314)
(310, 315)
(310, 316)
(310, 317)
(311, 313)
(311, 314)
(311, 315)
(312, 313)
(312, 315)
(313, 314)
(313, 315)
(313, 316)
(313, 317)
(314, 315)
(315, 316)
(318, 319)
(321, 322)
(322, 339)
(322, 340)
(322, 341)
(322, 345)
(322, 361)
(322, 362)
(323, 324)
(323, 325)
(323, 326)
(323, 327)
(324, 326)
(324, 334)
(324, 336)
(324, 338)
(324, 339)
(324, 340)
(324, 341)
(324, 358)
(324, 360)
(325, 326)
(325, 327)
(325, 339)
(325, 340)
(326, 327)
(328, 329)
(328, 330)
(328, 331)
(328, 332)
(328, 333)
(329, 330)
(329, 331)
(329, 332)
(329, 333)
(329, 341)
(329, 346)
(329, 347)
(329, 348)
(329, 349)
(329, 350)
(329, 351)
(329, 352)
(329, 353)
(329, 355)
(329, 356)
(329, 368)
(329, 374)
(329, 375)
(330, 332)
(330, 333)
(330, 373)
(331, 341)
(331, 350)
(331, 351)
(331, 352)
(331, 353)
(331, 355)
(331, 356)
(332, 333)
(332, 375)
(333, 339)
(333, 343)
(333, 355)
(333, 359)
(334, 335)
(334, 336)
(334, 337)
(335, 336)
(335, 337)
(335, 340)
(335, 345)
(335, 366)
(335, 367)
(335, 372)
(335, 379)
(336, 337)
(337, 340)
(337, 344)
(337, 345)
(338, 339)
(338, 340)
(338, 341)
(339, 340)
(339, 341)
(339, 355)
(339, 359)
(339, 360)
(339, 361)
(339, 362)
(340, 341)
(340, 344)
(340, 345)
(340, 360)
(340, 361)
(340, 362)
(340, 366)
(340, 367)
(341, 350)
(341, 351)
(341, 352)
(341, 353)
(341, 355)
(341, 356)
(341, 361)
(341, 362)
(342, 343)
(343, 355)
(343, 371)
(343, 376)
(343, 377)
(344, 345)
(345, 379)
(346, 347)
(346, 348)
(346, 349)
(347, 348)
(347, 349)
(348, 349)
(348, 364)
(350, 351)
(350, 352)
(350, 353)
(350, 354)
(350, 355)
(350, 356)
(350, 357)
(351, 352)
(351, 353)
(351, 355)
(351, 356)
(352, 353)
(352, 355)
(352, 356)
(353, 355)
(353, 356)
(354, 356)
(354, 357)
(355, 356)
(355, 359)
(356, 357)
(361, 362)
(368, 369)
(368, 370)
(368, 371)
(368, 372)
(369, 370)
(369, 371)
(369, 372)
(369, 378)
(370, 371)
(370, 372)
(371, 372)
(371, 376)
(371, 377)
(376, 377)
(377, 381)
(379, 380)
(382, 383)
(382, 384)
(382, 385)
(382, 386)
(383, 384)
(385, 386)
(387, 388)
(387, 389)
(387, 390)
(388, 389)
(388, 390)
(388, 391)
(389, 390)
(392, 393)
(392, 394)
(392, 395)
(392, 396)
(392, 397)
(392, 398)
(392, 399)
(392, 400)
(392, 401)
(392, 402)
(393, 394)
(393, 396)
(393, 399)
(393, 400)
(393, 401)
(393, 402)
(393, 403)
(393, 404)
(394, 395)
(394, 396)
(394, 397)
(394, 398)
(394, 399)
(394, 400)
(394, 401)
(394, 402)
(394, 404)
(394, 405)
(394, 406)
(395, 397)
(396, 399)
(396, 400)
(396, 401)
(396, 402)
(397, 398)
(397, 399)
(397, 400)
(397, 404)
(397, 405)
(397, 406)
(398, 399)
(398, 400)
(398, 404)
(399, 400)
(399, 401)
(399, 402)
(400, 401)
(400, 402)
(401, 402)
(402, 403)
(402, 404)
(403, 404)
(404, 405)
(404, 406)
(405, 406)
(407, 408)
(407, 409)
(407, 410)
(407, 411)
(407, 412)
(407, 413)
(407, 414)
(407, 415)
(408, 409)
(408, 410)
(408, 411)
(408, 412)
(408, 413)
(408, 414)
(408, 415)
(408, 416)
(408, 417)
(408, 419)
(409, 410)
(409, 411)
(409, 412)
(409, 413)
(409, 414)
(409, 415)
(409, 416)
(409, 419)
(410, 411)
(410, 412)
(410, 413)
(410, 414)
(410, 415)
(410, 416)
(411, 412)
(411, 413)
(411, 414)
(411, 415)
(412, 413)
(412, 414)
(412, 415)
(412, 416)
(412, 417)
(412, 418)
(412, 419)
(413, 414)
(413, 415)
(413, 416)
(413, 419)
(414, 415)
(414, 416)
(414, 418)
(414, 419)
(415, 416)
(416, 417)
(416, 418)
(416, 419)
(416, 420)
(416, 421)
(416, 422)
(416, 423)
(416, 424)
(417, 419)
(418, 419)
(420, 421)
(420, 422)
(420, 423)
(420, 424)
(420, 425)
(420, 430)
(420, 431)
(421, 422)
(421, 423)
(421, 424)
(421, 425)
(421, 426)
(421, 428)
(421, 429)
(422, 423)
(422, 424)
(422, 425)
(422, 426)
(422, 427)
(422, 428)
(422, 429)
(422, 430)
(422, 431)
(423, 424)
(423, 425)
(423, 426)
(423, 427)
(423, 428)
(423, 429)
(423, 430)
(423, 431)
(424, 425)
(424, 426)
(424, 428)
(424, 429)
(424, 430)
(425, 426)
(425, 427)
(425, 428)
(425, 429)
(426, 427)
(426, 428)
(426, 429)
(426, 430)
(427, 429)
(428, 429)
(430, 431)
(432, 433)
(432, 434)
(432, 438)
(433, 434)
(435, 437)
(435, 439)
(435, 440)
(436, 437)
(437, 439)
(437, 440)
(439, 440)
(441, 442)
(442, 443)
(444, 445)
