(1	,6)
(1	,7)
(1	,9)
(1	,10)
(2	,4)
(2	,7)
(2	,9)
(2	,10)
(3	,4)
(3	,5)
(3	,8)
(3	,9)
(3	,10)
(4	,9)
(4	,10)
(5	,7)
(5	,8)
(5	,9)
(6	,7)
(6	,8)
(6	,9)
(7	,10)
(8	,9)
(9	,10)
(1	,11)
(2	,11)
(3	,11)
(4	,11)
(5	,11)
(6	,11)
(7	,11)
(8	,11)
(9	,11)
(10	,11)
(1	,12)
(2	,12)
(3	,12)
(4	,12)
(5	,12)
(6	,12)
(7	,12)
(9	,12)
(10	,12)
(11	,12)
(2	,13)
(4	,13)
(5	,13)
(6	,13)
(7	,13)
(8	,13)
(9	,13)
(10	,13)
(11	,13)
(12	,13)
(1	,14)
(3	,14)
(4	,14)
(5	,14)
(6	,14)
(7	,14)
(8	,14)
(11	,14)
(12	,14)
(13	,14)
(2	,15)
(3	,15)
(5	,15)
(6	,15)
(7	,15)
(8	,15)
(9	,15)
(12	,15)
(13	,15)
(14	,15)
(1	,16)
(3	,16)
(4	,16)
(5	,16)
(7	,16)
(8	,16)
(11	,16)
(12	,16)
(13	,16)
(14	,16)
(1	,17)
(3	,17)
(4	,17)
(5	,17)
(7	,17)
(8	,17)
(11	,17)
(12	,17)
(14	,17)
(16	,17)
(1	,18)
(6	,18)
(7	,18)
(9	,18)
(12	,18)
(13	,18)
(14	,18)
(15	,18)
(16	,18)
(17	,18)
(2	,19)
(4	,19)
(5	,19)
(7	,19)
(9	,19)
(12	,19)
(13	,19)
(14	,19)
(15	,19)
(16	,19)
(1	,20)
(2	,20)
(3	,20)
(7	,20)
(10	,20)
(11	,20)
(12	,20)
(16	,20)
(17	,20)
(18	,20)
(3	,21)
(5	,21)
(6	,21)
(10	,21)
(12	,21)
(14	,21)
(15	,21)
(17	,21)
(18	,21)
(19	,21)
(2	,22)
(3	,22)
(7	,22)
(11	,22)
(12	,22)
(13	,22)
(14	,22)
(16	,22)
(18	,22)
(20	,22)
(3	,23)
(4	,23)
(5	,23)
(6	,23)
(7	,23)
(10	,23)
(11	,23)
(12	,23)
(15	,23)
(18	,23)
(2	,24)
(3	,24)
(7	,24)
(10	,24)
(12	,24)
(13	,24)
(15	,24)
(18	,24)
(20	,24)
(22	,24)
(2	,25)
(10	,25)
(12	,25)
(13	,25)
(17	,25)
(18	,25)
(20	,25)
(22	,25)
(23	,25)
(24	,25)
(3	,26)
(6	,26)
(7	,26)
(9	,26)
(11	,26)
(12	,26)
(14	,26)
(18	,26)
(19	,26)
(20	,26)
(2	,27)
(6	,27)
(7	,27)
(10	,27)
(11	,27)
(12	,27)
(13	,27)
(16	,27)
(20	,27)
(22	,27)
(1	,28)
(4	,28)
(11	,28)
(12	,28)
(14	,28)
(16	,28)
(19	,28)
(20	,28)
(21	,28)
(23	,28)
(1	,29)
(2	,29)
(10	,29)
(12	,29)
(17	,29)
(18	,29)
(19	,29)
(24	,29)
(25	,29)
(28	,29)
(2	,30)
(4	,30)
(5	,30)
(8	,30)
(10	,30)
(12	,30)
(15	,30)
(16	,30)
(21	,30)
(28	,30)
(1	,31)
(5	,31)
(6	,31)
(9	,31)
(13	,31)
(14	,31)
(15	,31)
(17	,31)
(25	,31)
(30	,31)
(2	,32)
(3	,32)
(7	,32)
(12	,32)
(15	,32)
(20	,32)
(22	,32)
(25	,32)
(28	,32)
(31	,32)
(5	,33)
(6	,33)
(7	,33)
(9	,33)
(12	,33)
(14	,33)
(18	,33)
(20	,33)
(28	,33)
(31	,33)
(3	,34)
(6	,34)
(7	,34)
(8	,34)
(9	,34)
(13	,34)
(14	,34)
(16	,34)
(18	,34)
(30	,34)
(5	,35)
(9	,35)
(10	,35)
(11	,35)
(12	,35)
(17	,35)
(18	,35)
(25	,35)
(26	,35)
(28	,35)
(7	,36)
(13	,36)
(14	,36)
(16	,36)
(18	,36)
(23	,36)
(24	,36)
(27	,36)
(31	,36)
(34	,36)
(6	,37)
(7	,37)
(9	,37)
(12	,37)
(14	,37)
(16	,37)
(18	,37)
(19	,37)
(20	,37)
(24	,37)
(4	,38)
(9	,38)
(16	,38)
(17	,38)
(18	,38)
(21	,38)
(27	,38)
(28	,38)
(35	,38)
(36	,38)
(2	,39)
(3	,39)
(10	,39)
(12	,39)
(18	,39)
(22	,39)
(28	,39)
(29	,39)
(30	,39)
(33	,39)
(3	,40)
(5	,40)
(11	,40)
(12	,40)
(15	,40)
(16	,40)
(18	,40)
(26	,40)
(28	,40)
(34	,40)
(1	,41)
(3	,41)
(8	,41)
(12	,41)
(14	,41)
(22	,41)
(23	,41)
(24	,41)
(25	,41)
(34	,41)
(4	,42)
(7	,42)
(11	,42)
(12	,42)
(13	,42)
(15	,42)
(16	,42)
(24	,42)
(33	,42)
(35	,42)
(9	,43)
(14	,43)
(17	,43)
(18	,43)
(23	,43)
(25	,43)
(28	,43)
(30	,43)
(33	,43)
(38	,43)
(2	,44)
(3	,44)
(16	,44)
(18	,44)
(20	,44)
(21	,44)
(29	,44)
(31	,44)
(35	,44)
(42	,44)
(6	,45)
(10	,45)
(14	,45)
(15	,45)
(20	,45)
(22	,45)
(27	,45)
(28	,45)
(35	,45)
(36	,45)
(2	,46)
(4	,46)
(6	,46)
(7	,46)
(12	,46)
(14	,46)
(17	,46)
(33	,46)
(40	,46)
(42	,46)
(1	,47)
(3	,47)
(4	,47)
(5	,47)
(7	,47)
(12	,47)
(19	,47)
(23	,47)
(25	,47)
(26	,47)
(1	,48)
(2	,48)
(5	,48)
(8	,48)
(12	,48)
(13	,48)
(14	,48)
(18	,48)
(19	,48)
(31	,48)
(6	,49)
(14	,49)
(16	,49)
(18	,49)
(19	,49)
(23	,49)
(28	,49)
(30	,49)
(36	,49)
(47	,49)
(1	,50)
(2	,50)
(10	,50)
(11	,50)
(12	,50)
(14	,50)
(18	,50)
(20	,50)
(31	,50)
(40	,50)
(9	,51)
(14	,51)
(18	,51)
(20	,51)
(26	,51)
(28	,51)
(30	,51)
(39	,51)
(41	,51)
(43	,51)
(2	,52)
(7	,52)
(9	,52)
(10	,52)
(16	,52)
(18	,52)
(25	,52)
(30	,52)
(34	,52)
(39	,52)
(7	,53)
(10	,53)
(12	,53)
(13	,53)
(16	,53)
(18	,53)
(35	,53)
(36	,53)
(45	,53)
(51	,53)
(2	,54)
(4	,54)
(6	,54)
(7	,54)
(11	,54)
(12	,54)
(16	,54)
(18	,54)
(24	,54)
(31	,54)
(1	,55)
(7	,55)
(12	,55)
(15	,55)
(18	,55)
(40	,55)
(50	,55)
(51	,55)
(53	,55)
(54	,55)
(1	,56)
(6	,56)
(7	,56)
(13	,56)
(26	,56)
(29	,56)
(30	,56)
(35	,56)
(44	,56)
(51	,56)
(6	,57)
(9	,57)
(10	,57)
(11	,57)
(12	,57)
(15	,57)
(17	,57)
(23	,57)
(45	,57)
(47	,57)
(10	,58)
(12	,58)
(18	,58)
(22	,58)
(24	,58)
(25	,58)
(26	,58)
(41	,58)
(44	,58)
(45	,58)
(3	,59)
(10	,59)
(12	,59)
(15	,59)
(17	,59)
(18	,59)
(20	,59)
(27	,59)
(33	,59)
(36	,59)
(6	,60)
(8	,60)
(12	,60)
(18	,60)
(35	,60)
(49	,60)
(53	,60)
(56	,60)
(58	,60)
(59	,60)
(7	,61)
(11	,61)
(12	,61)
(15	,61)
(18	,61)
(25	,61)
(33	,61)
(34	,61)
(35	,61)
(37	,61)
(7	,62)
(10	,62)
(11	,62)
(12	,62)
(14	,62)
(16	,62)
(18	,62)
(29	,62)
(41	,62)
(58	,62)
(2	,63)
(15	,63)
(16	,63)
(18	,63)
(20	,63)
(22	,63)
(25	,63)
(29	,63)
(38	,63)
(60	,63)
(2	,64)
(3	,64)
(11	,64)
(13	,64)
(20	,64)
(24	,64)
(25	,64)
(35	,64)
(42	,64)
(58	,64)
(2	,65)
(12	,65)
(17	,65)
(18	,65)
(20	,65)
(30	,65)
(37	,65)
(48	,65)
(51	,65)
(63	,65)
(7	,66)
(15	,66)
(18	,66)
(24	,66)
(30	,66)
(34	,66)
(36	,66)
(44	,66)
(64	,66)
(65	,66)
(2	,67)
(9	,67)
(14	,67)
(18	,67)
(28	,67)
(37	,67)
(57	,67)
(60	,67)
(61	,67)
(63	,67)
(7	,68)
(12	,68)
(14	,68)
(29	,68)
(30	,68)
(47	,68)
(50	,68)
(60	,68)
(61	,68)
(63	,68)
(2	,69)
(3	,69)
(5	,69)
(6	,69)
(17	,69)
(18	,69)
(20	,69)
(25	,69)
(27	,69)
(58	,69)
(1	,70)
(7	,70)
(9	,70)
(12	,70)
(18	,70)
(20	,70)
(39	,70)
(58	,70)
(62	,70)
(63	,70)
(1	,71)
(6	,71)
(7	,71)
(12	,71)
(14	,71)
(16	,71)
(17	,71)
(33	,71)
(46	,71)
(55	,71)
(10	,72)
(11	,72)
(12	,72)
(18	,72)
(19	,72)
(20	,72)
(25	,72)
(47	,72)
(51	,72)
(64	,72)
(5	,73)
(7	,73)
(12	,73)
(13	,73)
(18	,73)
(20	,73)
(34	,73)
(57	,73)
(61	,73)
(68	,73)
(2	,74)
(4	,74)
(14	,74)
(16	,74)
(25	,74)
(30	,74)
(35	,74)
(51	,74)
(63	,74)
(64	,74)
(2	,75)
(16	,75)
(18	,75)
(26	,75)
(29	,75)
(38	,75)
(43	,75)
(49	,75)
(50	,75)
(72	,75)
(10	,76)
(12	,76)
(14	,76)
(18	,76)
(24	,76)
(39	,76)
(40	,76)
(41	,76)
(44	,76)
(45	,76)
(8	,77)
(10	,77)
(12	,77)
(17	,77)
(20	,77)
(35	,77)
(44	,77)
(54	,77)
(62	,77)
(70	,77)
(1	,78)
(3	,78)
(5	,78)
(18	,78)
(20	,78)
(29	,78)
(39	,78)
(60	,78)
(63	,78)
(69	,78)
(2	,79)
(14	,79)
(17	,79)
(18	,79)
(24	,79)
(25	,79)
(42	,79)
(57	,79)
(61	,79)
(68	,79)
(3	,80)
(9	,80)
(12	,80)
(18	,80)
(19	,80)
(28	,80)
(42	,80)
(51	,80)
(60	,80)
(64	,80)
(2	,81)
(12	,81)
(13	,81)
(16	,81)
(18	,81)
(26	,81)
(46	,81)
(47	,81)
(49	,81)
(72	,81)
(1	,82)
(2	,82)
(5	,82)
(9	,82)
(12	,82)
(16	,82)
(33	,82)
(35	,82)
(45	,82)
(56	,82)
(12	,83)
(13	,83)
(14	,83)
(18	,83)
(28	,83)
(29	,83)
(44	,83)
(63	,83)
(71	,83)
(82	,83)
(5	,84)
(9	,84)
(12	,84)
(18	,84)
(20	,84)
(28	,84)
(60	,84)
(69	,84)
(71	,84)
(73	,84)
(12	,85)
(14	,85)
(18	,85)
(19	,85)
(25	,85)
(34	,85)
(45	,85)
(61	,85)
(69	,85)
(71	,85)
(7	,86)
(16	,86)
(22	,86)
(28	,86)
(42	,86)
(62	,86)
(63	,86)
(73	,86)
(76	,86)
(79	,86)
(11	,87)
(14	,87)
(16	,87)
(25	,87)
(35	,87)
(42	,87)
(49	,87)
(61	,87)
(70	,87)
(84	,87)
(1	,88)
(2	,88)
(6	,88)
(7	,88)
(12	,88)
(18	,88)
(35	,88)
(37	,88)
(51	,88)
(75	,88)
(3	,89)
(6	,89)
(7	,89)
(10	,89)
(12	,89)
(14	,89)
(19	,89)
(34	,89)
(53	,89)
(80	,89)
(11	,90)
(12	,90)
(18	,90)
(20	,90)
(24	,90)
(61	,90)
(64	,90)
(78	,90)
(82	,90)
(89	,90)
(1	,91)
(12	,91)
(14	,91)
(18	,91)
(19	,91)
(28	,91)
(34	,91)
(42	,91)
(62	,91)
(63	,91)
(16	,92)
(18	,92)
(20	,92)
(29	,92)
(30	,92)
(60	,92)
(71	,92)
(72	,92)
(79	,92)
(89	,92)
(2	,93)
(7	,93)
(20	,93)
(27	,93)
(29	,93)
(47	,93)
(53	,93)
(57	,93)
(61	,93)
(92	,93)
(7	,94)
(18	,94)
(19	,94)
(30	,94)
(31	,94)
(38	,94)
(39	,94)
(48	,94)
(63	,94)
(67	,94)
(2	,95)
(7	,95)
(9	,95)
(12	,95)
(18	,95)
(61	,95)
(63	,95)
(69	,95)
(84	,95)
(89	,95)
(2	,96)
(12	,96)
(20	,96)
(25	,96)
(31	,96)
(39	,96)
(51	,96)
(74	,96)
(89	,96)
(93	,96)
(9	,97)
(12	,97)
(14	,97)
(18	,97)
(22	,97)
(41	,97)
(42	,97)
(57	,97)
(62	,97)
(94	,97)
(10	,98)
(18	,98)
(28	,98)
(30	,98)
(39	,98)
(40	,98)
(43	,98)
(57	,98)
(64	,98)
(69	,98)
(2	,99)
(18	,99)
(26	,99)
(33	,99)
(45	,99)
(61	,99)
(70	,99)
(81	,99)
(89	,99)
(92	,99)
(2	,100)
(3	,100)
(4	,100)
(12	,100)
(27	,100)
(30	,100)
(35	,100)
(58	,100)
(83	,100)
(93	,100)
(3	,101)
(4	,101)
(12	,101)
(25	,101)
(28	,101)
(37	,101)
(44	,101)
(46	,101)
(75	,101)
(81	,101)
(11	,102)
(12	,102)
(18	,102)
(20	,102)
(39	,102)
(44	,102)
(61	,102)
(64	,102)
(69	,102)
(85	,102)
(12	,103)
(14	,103)
(18	,103)
(25	,103)
(53	,103)
(62	,103)
(64	,103)
(67	,103)
(75	,103)
(101	,103)
(1	,104)
(2	,104)
(7	,104)
(29	,104)
(35	,104)
(61	,104)
(66	,104)
(85	,104)
(89	,104)
(102	,104)
(2	,105)
(10	,105)
(13	,105)
(18	,105)
(27	,105)
(40	,105)
(47	,105)
(76	,105)
(89	,105)
(94	,105)
(5	,106)
(14	,106)
(16	,106)
(18	,106)
(19	,106)
(25	,106)
(35	,106)
(51	,106)
(63	,106)
(89	,106)
(12	,107)
(14	,107)
(18	,107)
(28	,107)
(29	,107)
(30	,107)
(33	,107)
(34	,107)
(92	,107)
(94	,107)
(6	,108)
(14	,108)
(18	,108)
(23	,108)
(25	,108)
(62	,108)
(71	,108)
(89	,108)
(94	,108)
(104	,108)
(10	,109)
(12	,109)
(13	,109)
(18	,109)
(20	,109)
(23	,109)
(40	,109)
(42	,109)
(46	,109)
(99	,109)
(2	,110)
(7	,110)
(9	,110)
(18	,110)
(20	,110)
(21	,110)
(39	,110)
(58	,110)
(92	,110)
(94	,110)
(2	,111)
(12	,111)
(20	,111)
(25	,111)
(34	,111)
(36	,111)
(38	,111)
(54	,111)
(60	,111)
(64	,111)
(7	,112)
(15	,112)
(18	,112)
(20	,112)
(23	,112)
(27	,112)
(63	,112)
(69	,112)
(94	,112)
(101	,112)
(13	,113)
(16	,113)
(23	,113)
(30	,113)
(38	,113)
(42	,113)
(53	,113)
(83	,113)
(87	,113)
(89	,113)
(4	,114)
(11	,114)
(18	,114)
(20	,114)
(22	,114)
(60	,114)
(71	,114)
(72	,114)
(109	,114)
(111	,114)
(2	,115)
(20	,115)
(24	,115)
(42	,115)
(45	,115)
(54	,115)
(71	,115)
(101	,115)
(102	,115)
(106	,115)
(1	,116)
(2	,116)
(4	,116)
(9	,116)
(12	,116)
(28	,116)
(38	,116)
(67	,116)
(68	,116)
(84	,116)
(5	,117)
(12	,117)
(16	,117)
(18	,117)
(25	,117)
(28	,117)
(42	,117)
(63	,117)
(89	,117)
(115	,117)
(11	,118)
(12	,118)
(18	,118)
(19	,118)
(20	,118)
(24	,118)
(42	,118)
(52	,118)
(67	,118)
(89	,118)
(4	,119)
(16	,119)
(17	,119)
(18	,119)
(19	,119)
(81	,119)
(89	,119)
(107	,119)
(113	,119)
(118	,119)
(10	,120)
(19	,120)
(28	,120)
(33	,120)
(37	,120)
(61	,120)
(64	,120)
(104	,120)
(111	,120)
(117	,120)
(7	,121)
(9	,121)
(12	,121)
(18	,121)
(23	,121)
(30	,121)
(40	,121)
(61	,121)
(71	,121)
(89	,121)
(10	,122)
(15	,122)
(16	,122)
(18	,122)
(24	,122)
(46	,122)
(64	,122)
(87	,122)
(94	,122)
(113	,122)
(1	,123)
(12	,123)
(17	,123)
(18	,123)
(20	,123)
(26	,123)
(40	,123)
(42	,123)
(64	,123)
(69	,123)
(3	,124)
(5	,124)
(10	,124)
(16	,124)
(18	,124)
(46	,124)
(48	,124)
(50	,124)
(56	,124)
(94	,124)
(51	,125)
(60	,125)
(63	,125)
(64	,125)
(69	,125)
(80	,125)
(82	,125)
(104	,125)
(106	,125)
(118	,125)
(9	,126)
(12	,126)
(18	,126)
(31	,126)
(55	,126)
(56	,126)
(61	,126)
(63	,126)
(87	,126)
(111	,126)
(26	,127)
(27	,127)
(28	,127)
(56	,127)
(60	,127)
(61	,127)
(64	,127)
(69	,127)
(93	,127)
(101	,127)
(5	,128)
(7	,128)
(10	,128)
(21	,128)
(30	,128)
(37	,128)
(63	,128)
(96	,128)
(108	,128)
(119	,128)
(2	,129)
(12	,129)
(20	,129)
(44	,129)
(47	,129)
(51	,129)
(52	,129)
(63	,129)
(99	,129)
(124	,129)
(3	,130)
(5	,130)
(16	,130)
(18	,130)
(28	,130)
(36	,130)
(44	,130)
(71	,130)
(81	,130)
(102	,130)
(12	,131)
(27	,131)
(29	,131)
(34	,131)
(46	,131)
(61	,131)
(80	,131)
(101	,131)
(124	,131)
(127	,131)
(4	,132)
(7	,132)
(9	,132)
(12	,132)
(19	,132)
(20	,132)
(34	,132)
(80	,132)
(104	,132)
(126	,132)
(12	,133)
(14	,133)
(18	,133)
(20	,133)
(29	,133)
(58	,133)
(63	,133)
(78	,133)
(82	,133)
(119	,133)
(7	,134)
(12	,134)
(30	,134)
(34	,134)
(38	,134)
(64	,134)
(89	,134)
(104	,134)
(106	,134)
(112	,134)
(3	,135)
(7	,135)
(12	,135)
(15	,135)
(28	,135)
(34	,135)
(39	,135)
(55	,135)
(89	,135)
(120	,135)
(18	,136)
(20	,136)
(30	,136)
(32	,136)
(61	,136)
(64	,136)
(89	,136)
(98	,136)
(125	,136)
(127	,136)
(7	,137)
(11	,137)
(18	,137)
(39	,137)
(50	,137)
(58	,137)
(76	,137)
(89	,137)
(131	,137)
(136	,137)
(3	,138)
(12	,138)
(15	,138)
(22	,138)
(54	,138)
(78	,138)
(99	,138)
(104	,138)
(107	,138)
(123	,138)
(2	,139)
(4	,139)
(18	,139)
(25	,139)
(61	,139)
(62	,139)
(89	,139)
(113	,139)
(122	,139)
(123	,139)
(2	,140)
(9	,140)
(12	,140)
(37	,140)
(67	,140)
(77	,140)
(84	,140)
(119	,140)
(128	,140)
(139	,140)
(7	,141)
(12	,141)
(18	,141)
(58	,141)
(64	,141)
(87	,141)
(106	,141)
(115	,141)
(127	,141)
(129	,141)
(17	,142)
(20	,142)
(31	,142)
(49	,142)
(51	,142)
(59	,142)
(61	,142)
(93	,142)
(101	,142)
(141	,142)
(2	,143)
(16	,143)
(18	,143)
(22	,143)
(24	,143)
(31	,143)
(63	,143)
(92	,143)
(125	,143)
(134	,143)
(4	,144)
(9	,144)
(12	,144)
(18	,144)
(22	,144)
(51	,144)
(60	,144)
(61	,144)
(104	,144)
(139	,144)
(7	,145)
(12	,145)
(16	,145)
(18	,145)
(28	,145)
(46	,145)
(110	,145)
(122	,145)
(128	,145)
(139	,145)
(1	,146)
(8	,146)
(12	,146)
(16	,146)
(18	,146)
(37	,146)
(38	,146)
(39	,146)
(63	,146)
(122	,146)
(2	,147)
(12	,147)
(16	,147)
(18	,147)
(20	,147)
(23	,147)
(75	,147)
(82	,147)
(89	,147)
(99	,147)
(14	,148)
(18	,148)
(28	,148)
(35	,148)
(63	,148)
(64	,148)
(80	,148)
(82	,148)
(121	,148)
(133	,148)
(5	,149)
(13	,149)
(18	,149)
(49	,149)
(51	,149)
(63	,149)
(64	,149)
(80	,149)
(115	,149)
(120	,149)
(12	,150)
(18	,150)
(19	,150)
(20	,150)
(42	,150)
(65	,150)
(73	,150)
(89	,150)
(94	,150)
(108	,150)
(2	,151)
(12	,151)
(15	,151)
(18	,151)
(25	,151)
(75	,151)
(83	,151)
(129	,151)
(131	,151)
(134	,151)
(2	,152)
(12	,152)
(18	,152)
(25	,152)
(49	,152)
(63	,152)
(64	,152)
(107	,152)
(127	,152)
(132	,152)
(10	,153)
(19	,153)
(30	,153)
(68	,153)
(80	,153)
(89	,153)
(115	,153)
(135	,153)
(139	,153)
(140	,153)
(10	,154)
(12	,154)
(15	,154)
(19	,154)
(63	,154)
(89	,154)
(95	,154)
(128	,154)
(146	,154)
(150	,154)
(14	,155)
(18	,155)
(28	,155)
(29	,155)
(30	,155)
(81	,155)
(101	,155)
(115	,155)
(122	,155)
(148	,155)
(2	,156)
(17	,156)
(19	,156)
(25	,156)
(26	,156)
(27	,156)
(58	,156)
(63	,156)
(77	,156)
(94	,156)
(22	,157)
(34	,157)
(48	,157)
(49	,157)
(74	,157)
(78	,157)
(89	,157)
(109	,157)
(120	,157)
(146	,157)
(5	,158)
(11	,158)
(12	,158)
(25	,158)
(33	,158)
(48	,158)
(64	,158)
(73	,158)
(83	,158)
(125	,158)
(1	,159)
(10	,159)
(12	,159)
(18	,159)
(34	,159)
(48	,159)
(54	,159)
(63	,159)
(76	,159)
(83	,159)
(2	,160)
(5	,160)
(12	,160)
(16	,160)
(18	,160)
(60	,160)
(63	,160)
(87	,160)
(122	,160)
(143	,160)
(2	,161)
(15	,161)
(18	,161)
(34	,161)
(54	,161)
(58	,161)
(68	,161)
(71	,161)
(104	,161)
(141	,161)
(10	,162)
(11	,162)
(13	,162)
(17	,162)
(89	,162)
(94	,162)
(115	,162)
(118	,162)
(131	,162)
(134	,162)
(7	,163)
(18	,163)
(51	,163)
(53	,163)
(64	,163)
(92	,163)
(101	,163)
(102	,163)
(134	,163)
(152	,163)
(5	,164)
(15	,164)
(22	,164)
(24	,164)
(54	,164)
(63	,164)
(73	,164)
(75	,164)
(124	,164)
(151	,164)
(5	,165)
(8	,165)
(12	,165)
(18	,165)
(38	,165)
(59	,165)
(83	,165)
(101	,165)
(111	,165)
(134	,165)
(9	,166)
(12	,166)
(15	,166)
(18	,166)
(40	,166)
(56	,166)
(67	,166)
(87	,166)
(101	,166)
(125	,166)
(12	,167)
(18	,167)
(62	,167)
(69	,167)
(77	,167)
(89	,167)
(136	,167)
(148	,167)
(158	,167)
(160	,167)
(7	,168)
(12	,168)
(25	,168)
(34	,168)
(53	,168)
(55	,168)
(71	,168)
(89	,168)
(108	,168)
(112	,168)
(5	,169)
(6	,169)
(12	,169)
(16	,169)
(18	,169)
(64	,169)
(67	,169)
(115	,169)
(131	,169)
(168	,169)
(4	,170)
(12	,170)
(16	,170)
(19	,170)
(53	,170)
(78	,170)
(86	,170)
(94	,170)
(101	,170)
(127	,170)
(16	,171)
(18	,171)
(56	,171)
(63	,171)
(65	,171)
(92	,171)
(94	,171)
(114	,171)
(142	,171)
(151	,171)
(2	,172)
(4	,172)
(12	,172)
(14	,172)
(18	,172)
(26	,172)
(28	,172)
(71	,172)
(107	,172)
(120	,172)
(15	,173)
(20	,173)
(25	,173)
(35	,173)
(49	,173)
(63	,173)
(64	,173)
(96	,173)
(109	,173)
(163	,173)
(2	,174)
(18	,174)
(20	,174)
(25	,174)
(35	,174)
(63	,174)
(87	,174)
(132	,174)
(138	,174)
(154	,174)
(12	,175)
(14	,175)
(17	,175)
(19	,175)
(28	,175)
(59	,175)
(63	,175)
(71	,175)
(124	,175)
(130	,175)
(1	,176)
(2	,176)
(10	,176)
(18	,176)
(77	,176)
(101	,176)
(118	,176)
(122	,176)
(141	,176)
(174	,176)
(1	,177)
(2	,177)
(13	,177)
(17	,177)
(18	,177)
(31	,177)
(63	,177)
(112	,177)
(125	,177)
(132	,177)
(5	,178)
(7	,178)
(18	,178)
(92	,178)
(104	,178)
(118	,178)
(120	,178)
(134	,178)
(147	,178)
(148	,178)
(2	,179)
(5	,179)
(7	,179)
(12	,179)
(20	,179)
(29	,179)
(31	,179)
(47	,179)
(101	,179)
(134	,179)
(18	,180)
(29	,180)
(32	,180)
(93	,180)
(94	,180)
(144	,180)
(148	,180)
(154	,180)
(159	,180)
(179	,180)
(5	,181)
(53	,181)
(58	,181)
(77	,181)
(88	,181)
(94	,181)
(101	,181)
(115	,181)
(127	,181)
(147	,181)
(18	,182)
(25	,182)
(75	,182)
(87	,182)
(101	,182)
(104	,182)
(107	,182)
(122	,182)
(134	,182)
(152	,182)
(8	,183)
(10	,183)
(16	,183)
(18	,183)
(20	,183)
(24	,183)
(38	,183)
(78	,183)
(93	,183)
(148	,183)
(2	,184)
(12	,184)
(18	,184)
(20	,184)
(40	,184)
(64	,184)
(89	,184)
(138	,184)
(144	,184)
(177	,184)
(10	,185)
(12	,185)
(17	,185)
(18	,185)
(34	,185)
(47	,185)
(69	,185)
(70	,185)
(96	,185)
(115	,185)
(4	,186)
(7	,186)
(10	,186)
(18	,186)
(36	,186)
(37	,186)
(75	,186)
(115	,186)
(134	,186)
(181	,186)
(2	,187)
(12	,187)
(16	,187)
(54	,187)
(94	,187)
(103	,187)
(119	,187)
(128	,187)
(141	,187)
(150	,187)
(2	,188)
(11	,188)
(18	,188)
(24	,188)
(54	,188)
(64	,188)
(93	,188)
(101	,188)
(134	,188)
(147	,188)
(2	,189)
(20	,189)
(35	,189)
(42	,189)
(44	,189)
(49	,189)
(58	,189)
(134	,189)
(148	,189)
(174	,189)
(12	,190)
(15	,190)
(16	,190)
(18	,190)
(26	,190)
(33	,190)
(89	,190)
(148	,190)
(157	,190)
(181	,190)
(7	,191)
(16	,191)
(18	,191)
(23	,191)
(104	,191)
(130	,191)
(150	,191)
(160	,191)
(169	,191)
(188	,191)
(4	,192)
(12	,192)
(28	,192)
(42	,192)
(96	,192)
(129	,192)
(144	,192)
(148	,192)
(171	,192)
(172	,192)
(7	,193)
(18	,193)
(25	,193)
(35	,193)
(71	,193)
(80	,193)
(93	,193)
(134	,193)
(145	,193)
(182	,193)
(9	,194)
(23	,194)
(39	,194)
(74	,194)
(96	,194)
(101	,194)
(139	,194)
(148	,194)
(150	,194)
(193	,194)
(18	,195)
(55	,195)
(61	,195)
(74	,195)
(85	,195)
(120	,195)
(121	,195)
(137	,195)
(181	,195)
(187	,195)
(10	,196)
(11	,196)
(14	,196)
(18	,196)
(22	,196)
(27	,196)
(31	,196)
(49	,196)
(76	,196)
(115	,196)
(2	,197)
(7	,197)
(18	,197)
(19	,197)
(42	,197)
(47	,197)
(61	,197)
(63	,197)
(112	,197)
(138	,197)
(2	,198)
(7	,198)
(12	,198)
(18	,198)
(35	,198)
(41	,198)
(84	,198)
(111	,198)
(122	,198)
(180	,198)
(10	,199)
(25	,199)
(29	,199)
(117	,199)
(128	,199)
(132	,199)
(139	,199)
(148	,199)
(179	,199)
(183	,199)
(1	,200)
(18	,200)
(20	,200)
(26	,200)
(87	,200)
(89	,200)
(118	,200)
(128	,200)
(162	,200)
(195	,200)
(16	,201)
(39	,201)
(87	,201)
(93	,201)
(108	,201)
(112	,201)
(132	,201)
(144	,201)
(148	,201)
(200	,201)
(16	,202)
(18	,202)
(24	,202)
(28	,202)
(89	,202)
(148	,202)
(156	,202)
(178	,202)
(183	,202)
(196	,202)
(2	,203)
(5	,203)
(9	,203)
(12	,203)
(14	,203)
(18	,203)
(31	,203)
(93	,203)
(132	,203)
(167	,203)
(2	,204)
(11	,204)
(30	,204)
(40	,204)
(41	,204)
(54	,204)
(64	,204)
(67	,204)
(93	,204)
(138	,204)
(9	,205)
(18	,205)
(20	,205)
(62	,205)
(67	,205)
(68	,205)
(69	,205)
(75	,205)
(130	,205)
(148	,205)
(5	,206)
(12	,206)
(18	,206)
(19	,206)
(24	,206)
(34	,206)
(62	,206)
(89	,206)
(121	,206)
(135	,206)
(1	,207)
(2	,207)
(21	,207)
(25	,207)
(35	,207)
(39	,207)
(56	,207)
(92	,207)
(115	,207)
(177	,207)
(7	,208)
(39	,208)
(48	,208)
(53	,208)
(82	,208)
(89	,208)
(113	,208)
(119	,208)
(153	,208)
(184	,208)
(10	,209)
(18	,209)
(31	,209)
(51	,209)
(63	,209)
(92	,209)
(94	,209)
(143	,209)
(148	,209)
(156	,209)
(1	,210)
(14	,210)
(39	,210)
(62	,210)
(89	,210)
(104	,210)
(116	,210)
(135	,210)
(186	,210)
(202	,210)
(2	,211)
(5	,211)
(6	,211)
(12	,211)
(25	,211)
(30	,211)
(31	,211)
(44	,211)
(88	,211)
(107	,211)
(18	,212)
(26	,212)
(34	,212)
(46	,212)
(64	,212)
(82	,212)
(99	,212)
(102	,212)
(148	,212)
(183	,212)
(2	,213)
(27	,213)
(31	,213)
(48	,213)
(69	,213)
(89	,213)
(123	,213)
(140	,213)
(148	,213)
(150	,213)
(1	,214)
(2	,214)
(12	,214)
(18	,214)
(34	,214)
(54	,214)
(55	,214)
(92	,214)
(129	,214)
(134	,214)
(7	,215)
(17	,215)
(20	,215)
(22	,215)
(33	,215)
(35	,215)
(51	,215)
(61	,215)
(148	,215)
(179	,215)
(1	,216)
(18	,216)
(33	,216)
(47	,216)
(56	,216)
(87	,216)
(89	,216)
(101	,216)
(158	,216)
(183	,216)
(4	,217)
(12	,217)
(37	,217)
(56	,217)
(94	,217)
(98	,217)
(101	,217)
(123	,217)
(132	,217)
(135	,217)
(5	,218)
(15	,218)
(16	,218)
(18	,218)
(25	,218)
(71	,218)
(78	,218)
(114	,218)
(148	,218)
(190	,218)
(3	,219)
(12	,219)
(14	,219)
(20	,219)
(46	,219)
(64	,219)
(65	,219)
(87	,219)
(96	,219)
(138	,219)
(1	,220)
(12	,220)
(14	,220)
(18	,220)
(28	,220)
(63	,220)
(124	,220)
(148	,220)
(168	,220)
(173	,220)
(14	,221)
(18	,221)
(20	,221)
(24	,221)
(25	,221)
(33	,221)
(39	,221)
(148	,221)
(150	,221)
(157	,221)
(5	,222)
(9	,222)
(18	,222)
(31	,222)
(33	,222)
(39	,222)
(58	,222)
(76	,222)
(89	,222)
(138	,222)
(2	,223)
(18	,223)
(42	,223)
(69	,223)
(74	,223)
(89	,223)
(99	,223)
(133	,223)
(148	,223)
(194	,223)
(1	,224)
(18	,224)
(63	,224)
(71	,224)
(107	,224)
(117	,224)
(138	,224)
(169	,224)
(172	,224)
(209	,224)
(4	,225)
(13	,225)
(37	,225)
(58	,225)
(63	,225)
(70	,225)
(71	,225)
(89	,225)
(103	,225)
(134	,225)
(20	,226)
(24	,226)
(25	,226)
(26	,226)
(34	,226)
(111	,226)
(112	,226)
(134	,226)
(137	,226)
(148	,226)
(4	,227)
(12	,227)
(14	,227)
(18	,227)
(51	,227)
(55	,227)
(101	,227)
(130	,227)
(136	,227)
(155	,227)
(7	,228)
(15	,228)
(18	,228)
(57	,228)
(63	,228)
(83	,228)
(93	,228)
(113	,228)
(118	,228)
(198	,228)
(18	,229)
(19	,229)
(23	,229)
(61	,229)
(92	,229)
(106	,229)
(124	,229)
(142	,229)
(148	,229)
(165	,229)
(7	,230)
(12	,230)
(47	,230)
(57	,230)
(69	,230)
(101	,230)
(139	,230)
(144	,230)
(162	,230)
(225	,230)
(7	,231)
(18	,231)
(28	,231)
(60	,231)
(64	,231)
(92	,231)
(129	,231)
(136	,231)
(139	,231)
(219	,231)
(4	,232)
(16	,232)
(18	,232)
(31	,232)
(104	,232)
(128	,232)
(139	,232)
(144	,232)
(219	,232)
(220	,232)
(7	,233)
(12	,233)
(18	,233)
(26	,233)
(40	,233)
(107	,233)
(146	,233)
(173	,233)
(188	,233)
(213	,233)
(12	,234)
(15	,234)
(17	,234)
(18	,234)
(67	,234)
(104	,234)
(118	,234)
(142	,234)
(148	,234)
(186	,234)
(16	,235)
(18	,235)
(25	,235)
(39	,235)
(87	,235)
(101	,235)
(121	,235)
(134	,235)
(148	,235)
(194	,235)
(12	,236)
(18	,236)
(30	,236)
(64	,236)
(101	,236)
(108	,236)
(110	,236)
(139	,236)
(162	,236)
(214	,236)
(14	,237)
(18	,237)
(23	,237)
(42	,237)
(57	,237)
(69	,237)
(88	,237)
(112	,237)
(120	,237)
(163	,237)
(12	,238)
(34	,238)
(61	,238)
(101	,238)
(131	,238)
(150	,238)
(162	,238)
(174	,238)
(194	,238)
(217	,238)
(7	,239)
(12	,239)
(14	,239)
(18	,239)
(19	,239)
(52	,239)
(89	,239)
(182	,239)
(209	,239)
(212	,239)
(5	,240)
(9	,240)
(30	,240)
(39	,240)
(63	,240)
(92	,240)
(134	,240)
(144	,240)
(158	,240)
(189	,240)
(12	,241)
(18	,241)
(44	,241)
(58	,241)
(73	,241)
(89	,241)
(100	,241)
(101	,241)
(173	,241)
(185	,241)
(7	,242)
(12	,242)
(18	,242)
(20	,242)
(25	,242)
(76	,242)
(83	,242)
(101	,242)
(139	,242)
(159	,242)
(1	,243)
(2	,243)
(12	,243)
(16	,243)
(36	,243)
(54	,243)
(115	,243)
(127	,243)
(139	,243)
(156	,243)
(12	,244)
(18	,244)
(20	,244)
(30	,244)
(54	,244)
(89	,244)
(101	,244)
(111	,244)
(150	,244)
(155	,244)
(12	,245)
(14	,245)
(16	,245)
(18	,245)
(27	,245)
(63	,245)
(89	,245)
(121	,245)
(148	,245)
(168	,245)
(5	,246)
(7	,246)
(14	,246)
(18	,246)
(101	,246)
(107	,246)
(113	,246)
(115	,246)
(158	,246)
(214	,246)
(7	,247)
(14	,247)
(18	,247)
(21	,247)
(30	,247)
(32	,247)
(133	,247)
(139	,247)
(151	,247)
(169	,247)
(10	,248)
(11	,248)
(33	,248)
(40	,248)
(54	,248)
(67	,248)
(101	,248)
(105	,248)
(115	,248)
(139	,248)
(28	,249)
(69	,249)
(94	,249)
(115	,249)
(124	,249)
(127	,249)
(180	,249)
(189	,249)
(202	,249)
(222	,249)
(16	,250)
(18	,250)
(20	,250)
(34	,250)
(47	,250)
(54	,250)
(62	,250)
(127	,250)
(216	,250)
(249	,250)
(12	,251)
(20	,251)
(23	,251)
(63	,251)
(70	,251)
(82	,251)
(102	,251)
(148	,251)
(153	,251)
(156	,251)
(2	,252)
(14	,252)
(18	,252)
(19	,252)
(20	,252)
(35	,252)
(40	,252)
(61	,252)
(62	,252)
(64	,252)
(14	,253)
(18	,253)
(19	,253)
(82	,253)
(115	,253)
(136	,253)
(148	,253)
(164	,253)
(206	,253)
(219	,253)
(1	,254)
(17	,254)
(18	,254)
(22	,254)
(30	,254)
(39	,254)
(53	,254)
(74	,254)
(95	,254)
(135	,254)
(25	,255)
(29	,255)
(47	,255)
(51	,255)
(63	,255)
(64	,255)
(125	,255)
(193	,255)
(217	,255)
(226	,255)
(1	,256)
(6	,256)
(12	,256)
(18	,256)
(96	,256)
(101	,256)
(111	,256)
(134	,256)
(148	,256)
(179	,256)
(4	,257)
(18	,257)
(40	,257)
(70	,257)
(73	,257)
(93	,257)
(120	,257)
(169	,257)
(188	,257)
(212	,257)
(12	,258)
(24	,258)
(30	,258)
(67	,258)
(73	,258)
(86	,258)
(89	,258)
(168	,258)
(196	,258)
(231	,258)
(3	,259)
(31	,259)
(40	,259)
(51	,259)
(71	,259)
(80	,259)
(121	,259)
(142	,259)
(146	,259)
(186	,259)
(16	,260)
(18	,260)
(63	,260)
(71	,260)
(76	,260)
(82	,260)
(98	,260)
(139	,260)
(141	,260)
(148	,260)
(12	,261)
(19	,261)
(20	,261)
(63	,261)
(87	,261)
(89	,261)
(91	,261)
(106	,261)
(139	,261)
(183	,261)
(17	,262)
(18	,262)
(61	,262)
(63	,262)
(89	,262)
(104	,262)
(124	,262)
(187	,262)
(188	,262)
(214	,262)
(12	,263)
(18	,263)
(51	,263)
(63	,263)
(102	,263)
(115	,263)
(127	,263)
(134	,263)
(220	,263)
(256	,263)
(16	,264)
(18	,264)
(64	,264)
(76	,264)
(89	,264)
(105	,264)
(111	,264)
(115	,264)
(132	,264)
(226	,264)
(6	,265)
(18	,265)
(20	,265)
(39	,265)
(48	,265)
(54	,265)
(103	,265)
(121	,265)
(159	,265)
(219	,265)
(12	,266)
(20	,266)
(31	,266)
(42	,266)
(89	,266)
(104	,266)
(116	,266)
(199	,266)
(219	,266)
(226	,266)
(20	,267)
(44	,267)
(47	,267)
(54	,267)
(63	,267)
(64	,267)
(74	,267)
(139	,267)
(149	,267)
(207	,267)
(10	,268)
(35	,268)
(46	,268)
(63	,268)
(64	,268)
(101	,268)
(132	,268)
(141	,268)
(249	,268)
(256	,268)
(18	,269)
(40	,269)
(61	,269)
(71	,269)
(89	,269)
(113	,269)
(148	,269)
(182	,269)
(218	,269)
(242	,269)
(2	,270)
(12	,270)
(18	,270)
(20	,270)
(21	,270)
(22	,270)
(89	,270)
(101	,270)
(148	,270)
(219	,270)
(7	,271)
(63	,271)
(69	,271)
(74	,271)
(98	,271)
(115	,271)
(123	,271)
(164	,271)
(168	,271)
(182	,271)
(12	,272)
(35	,272)
(57	,272)
(101	,272)
(148	,272)
(156	,272)
(186	,272)
(199	,272)
(217	,272)
(262	,272)
(4	,273)
(7	,273)
(12	,273)
(19	,273)
(29	,273)
(39	,273)
(139	,273)
(187	,273)
(240	,273)
(246	,273)
(7	,274)
(12	,274)
(24	,274)
(61	,274)
(94	,274)
(139	,274)
(146	,274)
(195	,274)
(208	,274)
(249	,274)
(9	,275)
(12	,275)
(14	,275)
(18	,275)
(26	,275)
(89	,275)
(107	,275)
(139	,275)
(168	,275)
(268	,275)
(11	,276)
(12	,276)
(14	,276)
(89	,276)
(92	,276)
(129	,276)
(144	,276)
(219	,276)
(235	,276)
(264	,276)
(6	,277)
(12	,277)
(18	,277)
(33	,277)
(61	,277)
(127	,277)
(148	,277)
(172	,277)
(188	,277)
(190	,277)
(18	,278)
(30	,278)
(51	,278)
(64	,278)
(89	,278)
(134	,278)
(148	,278)
(159	,278)
(219	,278)
(276	,278)
(18	,279)
(19	,279)
(91	,279)
(101	,279)
(128	,279)
(134	,279)
(168	,279)
(193	,279)
(219	,279)
(262	,279)
(6	,280)
(7	,280)
(22	,280)
(61	,280)
(94	,280)
(102	,280)
(210	,280)
(224	,280)
(240	,280)
(273	,280)
(10	,281)
(16	,281)
(26	,281)
(61	,281)
(68	,281)
(105	,281)
(146	,281)
(148	,281)
(229	,281)
(256	,281)
(6	,282)
(18	,282)
(54	,282)
(92	,282)
(127	,282)
(148	,282)
(213	,282)
(214	,282)
(230	,282)
(247	,282)
(14	,283)
(16	,283)
(18	,283)
(39	,283)
(61	,283)
(134	,283)
(155	,283)
(187	,283)
(202	,283)
(219	,283)
(12	,284)
(58	,284)
(61	,284)
(69	,284)
(94	,284)
(99	,284)
(148	,284)
(157	,284)
(221	,284)
(247	,284)
(3	,285)
(12	,285)
(34	,285)
(66	,285)
(69	,285)
(104	,285)
(115	,285)
(148	,285)
(216	,285)
(248	,285)
(12	,286)
(18	,286)
(37	,286)
(39	,286)
(58	,286)
(69	,286)
(96	,286)
(263	,286)
(276	,286)
(280	,286)
(12	,287)
(14	,287)
(39	,287)
(53	,287)
(61	,287)
(84	,287)
(92	,287)
(148	,287)
(235	,287)
(278	,287)
(1	,288)
(18	,288)
(20	,288)
(54	,288)
(61	,288)
(101	,288)
(148	,288)
(150	,288)
(219	,288)
(222	,288)
(2	,289)
(18	,289)
(22	,289)
(41	,289)
(94	,289)
(105	,289)
(127	,289)
(148	,289)
(220	,289)
(243	,289)
(3	,290)
(12	,290)
(17	,290)
(19	,290)
(28	,290)
(32	,290)
(61	,290)
(120	,290)
(123	,290)
(148	,290)
(7	,291)
(13	,291)
(18	,291)
(29	,291)
(54	,291)
(58	,291)
(70	,291)
(139	,291)
(175	,291)
(225	,291)
(17	,292)
(18	,292)
(21	,292)
(69	,292)
(87	,292)
(100	,292)
(107	,292)
(148	,292)
(288	,292)
(290	,292)
(12	,293)
(14	,293)
(50	,293)
(73	,293)
(95	,293)
(101	,293)
(127	,293)
(134	,293)
(138	,293)
(259	,293)
(7	,294)
(10	,294)
(12	,294)
(17	,294)
(18	,294)
(28	,294)
(57	,294)
(112	,294)
(148	,294)
(202	,294)
(12	,295)
(14	,295)
(18	,295)
(61	,295)
(62	,295)
(64	,295)
(92	,295)
(125	,295)
(148	,295)
(219	,295)
(14	,296)
(18	,296)
(45	,296)
(46	,296)
(49	,296)
(63	,296)
(101	,296)
(130	,296)
(148	,296)
(155	,296)
(18	,297)
(20	,297)
(54	,297)
(68	,297)
(148	,297)
(215	,297)
(227	,297)
(244	,297)
(280	,297)
(292	,297)
(2	,298)
(13	,298)
(18	,298)
(21	,298)
(70	,298)
(104	,298)
(113	,298)
(148	,298)
(219	,298)
(279	,298)
(7	,299)
(12	,299)
(18	,299)
(51	,299)
(61	,299)
(63	,299)
(100	,299)
(111	,299)
(118	,299)
(229	,299)
(7	,300)
(18	,300)
(63	,300)
(69	,300)
(89	,300)
(101	,300)
(127	,300)
(147	,300)
(148	,300)
(193	,300)
(16	,301)
(19	,301)
(64	,301)
(69	,301)
(89	,301)
(92	,301)
(152	,301)
(157	,301)
(238	,301)
(275	,301)
(9	,302)
(12	,302)
(18	,302)
(39	,302)
(51	,302)
(61	,302)
(107	,302)
(118	,302)
(150	,302)
(172	,302)
(7	,303)
(12	,303)
(13	,303)
(17	,303)
(18	,303)
(64	,303)
(89	,303)
(148	,303)
(199	,303)
(213	,303)
(18	,304)
(27	,304)
(85	,304)
(94	,304)
(101	,304)
(121	,304)
(141	,304)
(171	,304)
(243	,304)
(268	,304)
(12	,305)
(19	,305)
(47	,305)
(56	,305)
(61	,305)
(67	,305)
(69	,305)
(106	,305)
(121	,305)
(288	,305)
(7	,306)
(12	,306)
(14	,306)
(18	,306)
(63	,306)
(74	,306)
(92	,306)
(139	,306)
(141	,306)
(231	,306)
(2	,307)
(16	,307)
(18	,307)
(56	,307)
(159	,307)
(189	,307)
(219	,307)
(233	,307)
(249	,307)
(293	,307)
(46	,308)
(71	,308)
(121	,308)
(133	,308)
(139	,308)
(199	,308)
(246	,308)
(254	,308)
(255	,308)
(290	,308)
(12	,309)
(25	,309)
(78	,309)
(91	,309)
(117	,309)
(130	,309)
(219	,309)
(235	,309)
(269	,309)
(307	,309)
(14	,310)
(18	,310)
(56	,310)
(92	,310)
(101	,310)
(103	,310)
(128	,310)
(147	,310)
(207	,310)
(213	,310)
(14	,311)
(18	,311)
(24	,311)
(25	,311)
(38	,311)
(39	,311)
(189	,311)
(204	,311)
(219	,311)
(238	,311)
(12	,312)
(14	,312)
(16	,312)
(18	,312)
(68	,312)
(71	,312)
(87	,312)
(89	,312)
(148	,312)
(251	,312)
(16	,313)
(18	,313)
(19	,313)
(20	,313)
(26	,313)
(55	,313)
(115	,313)
(150	,313)
(219	,313)
(303	,313)
(3	,314)
(13	,314)
(20	,314)
(31	,314)
(89	,314)
(148	,314)
(176	,314)
(189	,314)
(199	,314)
(222	,314)
(18	,315)
(30	,315)
(54	,315)
(148	,315)
(156	,315)
(179	,315)
(187	,315)
(194	,315)
(222	,315)
(249	,315)
(18	,316)
(63	,316)
(93	,316)
(94	,316)
(102	,316)
(121	,316)
(123	,316)
(194	,316)
(219	,316)
(283	,316)
(15	,317)
(18	,317)
(33	,317)
(70	,317)
(89	,317)
(110	,317)
(139	,317)
(141	,317)
(160	,317)
(219	,317)
(12	,318)
(51	,318)
(109	,318)
(148	,318)
(150	,318)
(155	,318)
(178	,318)
(219	,318)
(234	,318)
(237	,318)
(8	,319)
(14	,319)
(18	,319)
(31	,319)
(40	,319)
(101	,319)
(148	,319)
(163	,319)
(213	,319)
(257	,319)
(12	,320)
(14	,320)
(18	,320)
(61	,320)
(63	,320)
(96	,320)
(145	,320)
(148	,320)
(291	,320)
(305	,320)
(20	,321)
(30	,321)
(39	,321)
(121	,321)
(132	,321)
(200	,321)
(234	,321)
(257	,321)
(291	,321)
(304	,321)
(7	,322)
(18	,322)
(30	,322)
(41	,322)
(54	,322)
(107	,322)
(148	,322)
(198	,322)
(216	,322)
(293	,322)
(12	,323)
(16	,323)
(18	,323)
(42	,323)
(139	,323)
(142	,323)
(157	,323)
(256	,323)
(277	,323)
(305	,323)
(4	,324)
(9	,324)
(12	,324)
(29	,324)
(63	,324)
(113	,324)
(220	,324)
(249	,324)
(263	,324)
(307	,324)
(10	,325)
(30	,325)
(38	,325)
(64	,325)
(114	,325)
(148	,325)
(202	,325)
(220	,325)
(249	,325)
(257	,325)
(2	,326)
(18	,326)
(20	,326)
(31	,326)
(101	,326)
(136	,326)
(148	,326)
(226	,326)
(256	,326)
(273	,326)
(18	,327)
(22	,327)
(48	,327)
(49	,327)
(63	,327)
(138	,327)
(190	,327)
(219	,327)
(289	,327)
(316	,327)
(7	,328)
(12	,328)
(63	,328)
(87	,328)
(103	,328)
(115	,328)
(123	,328)
(133	,328)
(186	,328)
(276	,328)
(12	,329)
(30	,329)
(79	,329)
(111	,329)
(139	,329)
(159	,329)
(191	,329)
(196	,329)
(270	,329)
(322	,329)
(20	,330)
(63	,330)
(70	,330)
(89	,330)
(101	,330)
(146	,330)
(220	,330)
(249	,330)
(256	,330)
(318	,330)
(18	,331)
(39	,331)
(41	,331)
(49	,331)
(77	,331)
(87	,331)
(231	,331)
(243	,331)
(277	,331)
(293	,331)
(3	,332)
(54	,332)
(61	,332)
(69	,332)
(94	,332)
(127	,332)
(189	,332)
(219	,332)
(240	,332)
(293	,332)
(35	,333)
(39	,333)
(61	,333)
(155	,333)
(189	,333)
(204	,333)
(215	,333)
(219	,333)
(236	,333)
(292	,333)
(7	,334)
(14	,334)
(18	,334)
(20	,334)
(61	,334)
(69	,334)
(123	,334)
(219	,334)
(267	,334)
(333	,334)
(18	,335)
(19	,335)
(25	,335)
(74	,335)
(148	,335)
(188	,335)
(214	,335)
(240	,335)
(323	,335)
(324	,335)
(7	,336)
(10	,336)
(20	,336)
(51	,336)
(100	,336)
(101	,336)
(115	,336)
(134	,336)
(144	,336)
(148	,336)
(5	,337)
(12	,337)
(18	,337)
(34	,337)
(39	,337)
(61	,337)
(133	,337)
(148	,337)
(154	,337)
(158	,337)
(7	,338)
(13	,338)
(17	,338)
(19	,338)
(56	,338)
(57	,338)
(77	,338)
(106	,338)
(233	,338)
(290	,338)
(25	,339)
(37	,339)
(46	,339)
(67	,339)
(89	,339)
(117	,339)
(139	,339)
(165	,339)
(267	,339)
(318	,339)
(12	,340)
(61	,340)
(63	,340)
(69	,340)
(82	,340)
(112	,340)
(121	,340)
(198	,340)
(299	,340)
(330	,340)
(1	,341)
(12	,341)
(16	,341)
(18	,341)
(54	,341)
(81	,341)
(89	,341)
(148	,341)
(189	,341)
(213	,341)
(2	,342)
(11	,342)
(15	,342)
(62	,342)
(101	,342)
(134	,342)
(148	,342)
(156	,342)
(219	,342)
(241	,342)
(5	,343)
(14	,343)
(20	,343)
(27	,343)
(44	,343)
(148	,343)
(158	,343)
(179	,343)
(196	,343)
(238	,343)
(2	,344)
(12	,344)
(18	,344)
(22	,344)
(64	,344)
(71	,344)
(134	,344)
(155	,344)
(183	,344)
(302	,344)
(12	,345)
(19	,345)
(61	,345)
(74	,345)
(102	,345)
(171	,345)
(193	,345)
(207	,345)
(259	,345)
(334	,345)
(7	,346)
(12	,346)
(17	,346)
(18	,346)
(26	,346)
(59	,346)
(89	,346)
(104	,346)
(148	,346)
(254	,346)
(2	,347)
(12	,347)
(20	,347)
(29	,347)
(88	,347)
(115	,347)
(148	,347)
(188	,347)
(258	,347)
(294	,347)
(6	,348)
(17	,348)
(19	,348)
(40	,348)
(61	,348)
(133	,348)
(158	,348)
(288	,348)
(313	,348)
(339	,348)
(18	,349)
(39	,349)
(54	,349)
(64	,349)
(69	,349)
(81	,349)
(87	,349)
(124	,349)
(129	,349)
(260	,349)
(18	,350)
(23	,350)
(28	,350)
(69	,350)
(134	,350)
(177	,350)
(216	,350)
(259	,350)
(292	,350)
(317	,350)
(2	,351)
(24	,351)
(89	,351)
(97	,351)
(101	,351)
(130	,351)
(134	,351)
(148	,351)
(189	,351)
(316	,351)
(12	,352)
(18	,352)
(39	,352)
(160	,352)
(208	,352)
(219	,352)
(220	,352)
(240	,352)
(254	,352)
(303	,352)
(2	,353)
(7	,353)
(18	,353)
(30	,353)
(77	,353)
(78	,353)
(110	,353)
(133	,353)
(159	,353)
(284	,353)
(12	,354)
(18	,354)
(61	,354)
(68	,354)
(115	,354)
(148	,354)
(151	,354)
(159	,354)
(201	,354)
(298	,354)
(50	,355)
(59	,355)
(77	,355)
(90	,355)
(115	,355)
(148	,355)
(177	,355)
(265	,355)
(351	,355)
(352	,355)
(12	,356)
(18	,356)
(50	,356)
(63	,356)
(76	,356)
(101	,356)
(134	,356)
(148	,356)
(167	,356)
(201	,356)
(14	,357)
(17	,357)
(39	,357)
(62	,357)
(64	,357)
(101	,357)
(148	,357)
(158	,357)
(288	,357)
(326	,357)
(12	,358)
(18	,358)
(45	,358)
(89	,358)
(104	,358)
(120	,358)
(139	,358)
(146	,358)
(209	,358)
(235	,358)
(2	,359)
(11	,359)
(52	,359)
(148	,359)
(181	,359)
(193	,359)
(223	,359)
(249	,359)
(308	,359)
(356	,359)
(13	,360)
(18	,360)
(30	,360)
(56	,360)
(63	,360)
(111	,360)
(164	,360)
(196	,360)
(229	,360)
(350	,360)
(2	,361)
(16	,361)
(20	,361)
(49	,361)
(54	,361)
(103	,361)
(148	,361)
(186	,361)
(252	,361)
(303	,361)
(20	,362)
(22	,362)
(64	,362)
(101	,362)
(118	,362)
(125	,362)
(127	,362)
(219	,362)
(296	,362)
(356	,362)
(89	,363)
(124	,363)
(134	,363)
(141	,363)
(183	,363)
(193	,363)
(199	,363)
(211	,363)
(335	,363)
(338	,363)
(12	,364)
(18	,364)
(22	,364)
(25	,364)
(43	,364)
(49	,364)
(87	,364)
(155	,364)
(206	,364)
(358	,364)
(14	,365)
(18	,365)
(25	,365)
(91	,365)
(94	,365)
(139	,365)
(159	,365)
(171	,365)
(219	,365)
(346	,365)
(12	,366)
(17	,366)
(58	,366)
(84	,366)
(89	,366)
(114	,366)
(148	,366)
(219	,366)
(256	,366)
(267	,366)
(4	,367)
(12	,367)
(17	,367)
(67	,367)
(89	,367)
(181	,367)
(257	,367)
(280	,367)
(323	,367)
(334	,367)
(18	,368)
(64	,368)
(88	,368)
(97	,368)
(101	,368)
(139	,368)
(181	,368)
(252	,368)
(259	,368)
(303	,368)
(12	,369)
(31	,369)
(101	,369)
(115	,369)
(134	,369)
(148	,369)
(256	,369)
(307	,369)
(325	,369)
(330	,369)
(12	,370)
(18	,370)
(39	,370)
(58	,370)
(107	,370)
(148	,370)
(186	,370)
(219	,370)
(249	,370)
(269	,370)
(5	,371)
(19	,371)
(54	,371)
(56	,371)
(68	,371)
(89	,371)
(111	,371)
(181	,371)
(196	,371)
(230	,371)
(3	,372)
(18	,372)
(48	,372)
(54	,372)
(61	,372)
(63	,372)
(87	,372)
(148	,372)
(154	,372)
(235	,372)
(5	,373)
(18	,373)
(37	,373)
(92	,373)
(148	,373)
(157	,373)
(318	,373)
(322	,373)
(323	,373)
(351	,373)
(2	,374)
(18	,374)
(49	,374)
(61	,374)
(63	,374)
(115	,374)
(121	,374)
(196	,374)
(213	,374)
(361	,374)
(10	,375)
(12	,375)
(31	,375)
(39	,375)
(55	,375)
(89	,375)
(102	,375)
(133	,375)
(218	,375)
(305	,375)
(14	,376)
(19	,376)
(37	,376)
(73	,376)
(115	,376)
(137	,376)
(206	,376)
(325	,376)
(327	,376)
(346	,376)
(40	,377)
(74	,377)
(101	,377)
(107	,377)
(134	,377)
(148	,377)
(159	,377)
(216	,377)
(217	,377)
(246	,377)
(5	,378)
(7	,378)
(18	,378)
(62	,378)
(112	,378)
(144	,378)
(249	,378)
(262	,378)
(265	,378)
(317	,378)
(7	,379)
(9	,379)
(12	,379)
(22	,379)
(26	,379)
(54	,379)
(219	,379)
(321	,379)
(325	,379)
(352	,379)
(7	,380)
(15	,380)
(18	,380)
(25	,380)
(44	,380)
(70	,380)
(111	,380)
(181	,380)
(244	,380)
(335	,380)
(5	,381)
(12	,381)
(17	,381)
(18	,381)
(21	,381)
(58	,381)
(139	,381)
(144	,381)
(183	,381)
(289	,381)
(1	,382)
(12	,382)
(18	,382)
(34	,382)
(61	,382)
(87	,382)
(127	,382)
(134	,382)
(152	,382)
(259	,382)
(2	,383)
(16	,383)
(18	,383)
(20	,383)
(30	,383)
(101	,383)
(104	,383)
(115	,383)
(287	,383)
(320	,383)
(18	,384)
(99	,384)
(101	,384)
(132	,384)
(179	,384)
(209	,384)
(219	,384)
(249	,384)
(339	,384)
(353	,384)
(18	,385)
(28	,385)
(39	,385)
(89	,385)
(148	,385)
(158	,385)
(205	,385)
(219	,385)
(296	,385)
(350	,385)
(12	,386)
(63	,386)
(94	,386)
(118	,386)
(169	,386)
(212	,386)
(219	,386)
(277	,386)
(309	,386)
(313	,386)
(18	,387)
(35	,387)
(39	,387)
(63	,387)
(101	,387)
(118	,387)
(134	,387)
(249	,387)
(250	,387)
(337	,387)
(7	,388)
(18	,388)
(25	,388)
(63	,388)
(101	,388)
(107	,388)
(139	,388)
(148	,388)
(213	,388)
(321	,388)
(11	,389)
(12	,389)
(18	,389)
(54	,389)
(61	,389)
(92	,389)
(144	,389)
(148	,389)
(168	,389)
(376	,389)
(7	,390)
(9	,390)
(28	,390)
(62	,390)
(91	,390)
(132	,390)
(162	,390)
(280	,390)
(330	,390)
(339	,390)
(5	,391)
(18	,391)
(55	,391)
(92	,391)
(134	,391)
(135	,391)
(161	,391)
(224	,391)
(306	,391)
(315	,391)
(2	,392)
(18	,392)
(20	,392)
(25	,392)
(101	,392)
(148	,392)
(219	,392)
(222	,392)
(226	,392)
(263	,392)
(40	,393)
(88	,393)
(109	,393)
(121	,393)
(128	,393)
(226	,393)
(238	,393)
(250	,393)
(370	,393)
(384	,393)
(18	,394)
(19	,394)
(28	,394)
(69	,394)
(101	,394)
(123	,394)
(189	,394)
(200	,394)
(219	,394)
(352	,394)
(22	,395)
(85	,395)
(112	,395)
(133	,395)
(141	,395)
(148	,395)
(177	,395)
(219	,395)
(296	,395)
(388	,395)
(2	,396)
(7	,396)
(12	,396)
(18	,396)
(61	,396)
(64	,396)
(69	,396)
(148	,396)
(196	,396)
(214	,396)
(11	,397)
(51	,397)
(104	,397)
(134	,397)
(148	,397)
(159	,397)
(162	,397)
(234	,397)
(339	,397)
(389	,397)
(12	,398)
(28	,398)
(64	,398)
(77	,398)
(84	,398)
(169	,398)
(220	,398)
(256	,398)
(363	,398)
(393	,398)
(3	,399)
(7	,399)
(12	,399)
(18	,399)
(30	,399)
(91	,399)
(224	,399)
(256	,399)
(280	,399)
(346	,399)
(6	,400)
(7	,400)
(12	,400)
(18	,400)
(23	,400)
(39	,400)
(87	,400)
(167	,400)
(271	,400)
(373	,400)
(10	,401)
(12	,401)
(16	,401)
(18	,401)
(42	,401)
(148	,401)
(219	,401)
(324	,401)
(334	,401)
(372	,401)
(2	,402)
(24	,402)
(34	,402)
(47	,402)
(62	,402)
(134	,402)
(135	,402)
(219	,402)
(259	,402)
(345	,402)
(5	,403)
(61	,403)
(74	,403)
(115	,403)
(123	,403)
(132	,403)
(148	,403)
(203	,403)
(373	,403)
(388	,403)
(14	,404)
(18	,404)
(141	,404)
(148	,404)
(215	,404)
(219	,404)
(291	,404)
(304	,404)
(320	,404)
(387	,404)
(12	,405)
(19	,405)
(22	,405)
(60	,405)
(63	,405)
(79	,405)
(104	,405)
(148	,405)
(219	,405)
(370	,405)
(7	,406)
(16	,406)
(18	,406)
(34	,406)
(101	,406)
(140	,406)
(141	,406)
(196	,406)
(213	,406)
(315	,406)
(1	,407)
(12	,407)
(27	,407)
(124	,407)
(148	,407)
(162	,407)
(214	,407)
(276	,407)
(367	,407)
(379	,407)
(12	,408)
(17	,408)
(18	,408)
(61	,408)
(63	,408)
(134	,408)
(140	,408)
(148	,408)
(291	,408)
(344	,408)
(2	,409)
(5	,409)
(63	,409)
(67	,409)
(89	,409)
(94	,409)
(133	,409)
(164	,409)
(169	,409)
(212	,409)
(11	,410)
(18	,410)
(25	,410)
(74	,410)
(89	,410)
(124	,410)
(276	,410)
(297	,410)
(349	,410)
(398	,410)
(5	,411)
(15	,411)
(18	,411)
(20	,411)
(63	,411)
(67	,411)
(180	,411)
(219	,411)
(284	,411)
(360	,411)
(12	,412)
(18	,412)
(24	,412)
(39	,412)
(53	,412)
(68	,412)
(89	,412)
(245	,412)
(275	,412)
(291	,412)
(18	,413)
(83	,413)
(118	,413)
(126	,413)
(148	,413)
(153	,413)
(182	,413)
(228	,413)
(365	,413)
(390	,413)
(18	,414)
(48	,414)
(64	,414)
(148	,414)
(184	,414)
(192	,414)
(219	,414)
(263	,414)
(391	,414)
(402	,414)
(18	,415)
(27	,415)
(36	,415)
(213	,415)
(219	,415)
(261	,415)
(283	,415)
(304	,415)
(309	,415)
(331	,415)
(11	,416)
(12	,416)
(18	,416)
(19	,416)
(30	,416)
(48	,416)
(90	,416)
(133	,416)
(286	,416)
(374	,416)
(2	,417)
(12	,417)
(18	,417)
(20	,417)
(68	,417)
(93	,417)
(94	,417)
(148	,417)
(155	,417)
(364	,417)
(1	,418)
(12	,418)
(18	,418)
(34	,418)
(44	,418)
(46	,418)
(61	,418)
(93	,418)
(196	,418)
(239	,418)
(11	,419)
(12	,419)
(18	,419)
(39	,419)
(48	,419)
(53	,419)
(61	,419)
(127	,419)
(234	,419)
(293	,419)
(12	,420)
(16	,420)
(18	,420)
(48	,420)
(67	,420)
(129	,420)
(219	,420)
(236	,420)
(277	,420)
(356	,420)
(12	,421)
(74	,421)
(103	,421)
(134	,421)
(148	,421)
(159	,421)
(189	,421)
(222	,421)
(282	,421)
(350	,421)
(12	,422)
(42	,422)
(61	,422)
(104	,422)
(132	,422)
(143	,422)
(148	,422)
(159	,422)
(163	,422)
(222	,422)
(10	,423)
(18	,423)
(45	,423)
(63	,423)
(101	,423)
(123	,423)
(219	,423)
(222	,423)
(279	,423)
(354	,423)
(18	,424)
(63	,424)
(104	,424)
(127	,424)
(133	,424)
(219	,424)
(280	,424)
(288	,424)
(328	,424)
(355	,424)
(12	,425)
(16	,425)
(18	,425)
(39	,425)
(148	,425)
(215	,425)
(230	,425)
(309	,425)
(336	,425)
(399	,425)
(12	,426)
(18	,426)
(148	,426)
(185	,426)
(204	,426)
(286	,426)
(362	,426)
(387	,426)
(389	,426)
(391	,426)
(14	,427)
(18	,427)
(24	,427)
(79	,427)
(87	,427)
(156	,427)
(185	,427)
(196	,427)
(259	,427)
(423	,427)
(20	,428)
(71	,428)
(86	,428)
(96	,428)
(148	,428)
(189	,428)
(245	,428)
(310	,428)
(323	,428)
(329	,428)
(2	,429)
(10	,429)
(18	,429)
(29	,429)
(30	,429)
(34	,429)
(148	,429)
(154	,429)
(234	,429)
(387	,429)
(12	,430)
(63	,430)
(73	,430)
(139	,430)
(219	,430)
(292	,430)
(293	,430)
(328	,430)
(339	,430)
(393	,430)
(12	,431)
(18	,431)
(20	,431)
(34	,431)
(45	,431)
(48	,431)
(127	,431)
(193	,431)
(214	,431)
(379	,431)
(1	,432)
(12	,432)
(18	,432)
(42	,432)
(58	,432)
(115	,432)
(172	,432)
(326	,432)
(331	,432)
(374	,432)
(3	,433)
(18	,433)
(39	,433)
(87	,433)
(125	,433)
(134	,433)
(135	,433)
(163	,433)
(195	,433)
(231	,433)
(2	,434)
(7	,434)
(18	,434)
(64	,434)
(87	,434)
(93	,434)
(148	,434)
(249	,434)
(325	,434)
(326	,434)
(18	,435)
(19	,435)
(25	,435)
(89	,435)
(92	,435)
(121	,435)
(270	,435)
(330	,435)
(335	,435)
(410	,435)
(12	,436)
(67	,436)
(87	,436)
(89	,436)
(134	,436)
(169	,436)
(215	,436)
(219	,436)
(293	,436)
(423	,436)
(16	,437)
(18	,437)
(39	,437)
(53	,437)
(72	,437)
(103	,437)
(194	,437)
(198	,437)
(260	,437)
(421	,437)
(7	,438)
(12	,438)
(14	,438)
(18	,438)
(19	,438)
(20	,438)
(36	,438)
(64	,438)
(285	,438)
(426	,438)
(18	,439)
(25	,439)
(35	,439)
(40	,439)
(74	,439)
(150	,439)
(325	,439)
(390	,439)
(399	,439)
(435	,439)
(12	,440)
(19	,440)
(60	,440)
(102	,440)
(132	,440)
(148	,440)
(157	,440)
(188	,440)
(219	,440)
(289	,440)
(3	,441)
(7	,441)
(12	,441)
(20	,441)
(101	,441)
(122	,441)
(397	,441)
(408	,441)
(410	,441)
(440	,441)
(10	,442)
(12	,442)
(20	,442)
(61	,442)
(96	,442)
(121	,442)
(148	,442)
(154	,442)
(183	,442)
(393	,442)
(12	,443)
(18	,443)
(26	,443)
(64	,443)
(67	,443)
(113	,443)
(219	,443)
(226	,443)
(291	,443)
(342	,443)
(12	,444)
(54	,444)
(123	,444)
(139	,444)
(219	,444)
(251	,444)
(252	,444)
(261	,444)
(314	,444)
(393	,444)
(15	,445)
(18	,445)
(58	,445)
(89	,445)
(101	,445)
(219	,445)
(234	,445)
(271	,445)
(421	,445)
(438	,445)
(12	,446)
(18	,446)
(30	,446)
(58	,446)
(123	,446)
(148	,446)
(176	,446)
(224	,446)
(225	,446)
(257	,446)
(19	,447)
(39	,447)
(89	,447)
(148	,447)
(188	,447)
(219	,447)
(256	,447)
(262	,447)
(305	,447)
(410	,447)
(12	,448)
(19	,448)
(21	,448)
(39	,448)
(44	,448)
(94	,448)
(142	,448)
(148	,448)
(193	,448)
(249	,448)
(8	,449)
(18	,449)
(61	,449)
(64	,449)
(101	,449)
(148	,449)
(311	,449)
(331	,449)
(423	,449)
(437	,449)
(2	,450)
(60	,450)
(87	,450)
(110	,450)
(179	,450)
(196	,450)
(240	,450)
(269	,450)
(350	,450)
(362	,450)
(12	,451)
(13	,451)
(61	,451)
(101	,451)
(142	,451)
(189	,451)
(323	,451)
(325	,451)
(367	,451)
(410	,451)
(12	,452)
(18	,452)
(47	,452)
(61	,452)
(62	,452)
(141	,452)
(249	,452)
(291	,452)
(309	,452)
(339	,452)
(16	,453)
(17	,453)
(61	,453)
(62	,453)
(140	,453)
(144	,453)
(148	,453)
(216	,453)
(257	,453)
(392	,453)
(18	,454)
(39	,454)
(121	,454)
(139	,454)
(148	,454)
(173	,454)
(222	,454)
(242	,454)
(244	,454)
(318	,454)
(3	,455)
(18	,455)
(62	,455)
(89	,455)
(207	,455)
(219	,455)
(267	,455)
(276	,455)
(285	,455)
(448	,455)
(2	,456)
(18	,456)
(39	,456)
(133	,456)
(139	,456)
(169	,456)
(183	,456)
(214	,456)
(329	,456)
(377	,456)
(18	,457)
(26	,457)
(34	,457)
(35	,457)
(61	,457)
(68	,457)
(148	,457)
(169	,457)
(254	,457)
(379	,457)
(12	,458)
(18	,458)
(25	,458)
(63	,458)
(94	,458)
(115	,458)
(144	,458)
(154	,458)
(196	,458)
(219	,458)
(4	,459)
(40	,459)
(89	,459)
(105	,459)
(127	,459)
(148	,459)
(219	,459)
(276	,459)
(378	,459)
(448	,459)
(12	,460)
(18	,460)
(35	,460)
(40	,460)
(56	,460)
(120	,460)
(139	,460)
(144	,460)
(209	,460)
(454	,460)
(7	,461)
(33	,461)
(63	,461)
(115	,461)
(145	,461)
(162	,461)
(169	,461)
(219	,461)
(309	,461)
(456	,461)
(12	,462)
(13	,462)
(36	,462)
(80	,462)
(92	,462)
(124	,462)
(148	,462)
(170	,462)
(230	,462)
(330	,462)
(7	,463)
(18	,463)
(20	,463)
(119	,463)
(137	,463)
(195	,463)
(204	,463)
(219	,463)
(245	,463)
(395	,463)
(39	,464)
(87	,464)
(89	,464)
(101	,464)
(148	,464)
(191	,464)
(210	,464)
(255	,464)
(390	,464)
(422	,464)
(1	,465)
(20	,465)
(74	,465)
(92	,465)
(148	,465)
(275	,465)
(368	,465)
(387	,465)
(392	,465)
(451	,465)
(1	,466)
(12	,466)
(34	,466)
(146	,466)
(148	,466)
(219	,466)
(246	,466)
(251	,466)
(269	,466)
(390	,466)
(12	,467)
(18	,467)
(31	,467)
(98	,467)
(134	,467)
(155	,467)
(169	,467)
(350	,467)
(439	,467)
(456	,467)
(5	,468)
(12	,468)
(18	,468)
(33	,468)
(61	,468)
(143	,468)
(203	,468)
(249	,468)
(315	,468)
(422	,468)
(11	,469)
(39	,469)
(63	,469)
(76	,469)
(112	,469)
(127	,469)
(139	,469)
(190	,469)
(205	,469)
(366	,469)
(16	,470)
(55	,470)
(101	,470)
(113	,470)
(130	,470)
(170	,470)
(202	,470)
(207	,470)
(256	,470)
(305	,470)
(61	,471)
(64	,471)
(69	,471)
(92	,471)
(111	,471)
(148	,471)
(181	,471)
(193	,471)
(219	,471)
(325	,471)
(3	,472)
(11	,472)
(18	,472)
(55	,472)
(61	,472)
(89	,472)
(148	,472)
(275	,472)
(278	,472)
(463	,472)
(16	,473)
(89	,473)
(104	,473)
(134	,473)
(148	,473)
(256	,473)
(338	,473)
(339	,473)
(343	,473)
(451	,473)
(12	,474)
(14	,474)
(18	,474)
(40	,474)
(48	,474)
(65	,474)
(115	,474)
(142	,474)
(145	,474)
(443	,474)
(6	,475)
(18	,475)
(37	,475)
(63	,475)
(68	,475)
(89	,475)
(132	,475)
(136	,475)
(148	,475)
(202	,475)
(12	,476)
(18	,476)
(61	,476)
(104	,476)
(139	,476)
(155	,476)
(219	,476)
(223	,476)
(419	,476)
(444	,476)
(7	,477)
(12	,477)
(14	,477)
(38	,477)
(61	,477)
(89	,477)
(127	,477)
(178	,477)
(180	,477)
(382	,477)
(12	,478)
(25	,478)
(30	,478)
(40	,478)
(54	,478)
(61	,478)
(123	,478)
(219	,478)
(271	,478)
(323	,478)
(15	,479)
(18	,479)
(61	,479)
(79	,479)
(139	,479)
(196	,479)
(293	,479)
(328	,479)
(334	,479)
(474	,479)
(6	,480)
(24	,480)
(51	,480)
(89	,480)
(104	,480)
(118	,480)
(252	,480)
(257	,480)
(280	,480)
(479	,480)
(2	,481)
(7	,481)
(16	,481)
(23	,481)
(173	,481)
(194	,481)
(230	,481)
(307	,481)
(350	,481)
(352	,481)
(16	,482)
(31	,482)
(89	,482)
(101	,482)
(111	,482)
(212	,482)
(372	,482)
(414	,482)
(436	,482)
(454	,482)
(5	,483)
(7	,483)
(14	,483)
(15	,483)
(27	,483)
(39	,483)
(134	,483)
(146	,483)
(240	,483)
(249	,483)
(12	,484)
(40	,484)
(148	,484)
(215	,484)
(229	,484)
(244	,484)
(296	,484)
(366	,484)
(435	,484)
(453	,484)
(7	,485)
(12	,485)
(18	,485)
(61	,485)
(94	,485)
(126	,485)
(148	,485)
(149	,485)
(219	,485)
(455	,485)
(12	,486)
(35	,486)
(45	,486)
(144	,486)
(148	,486)
(201	,486)
(218	,486)
(254	,486)
(386	,486)
(469	,486)
(7	,487)
(51	,487)
(64	,487)
(121	,487)
(144	,487)
(223	,487)
(283	,487)
(379	,487)
(382	,487)
(448	,487)
(2	,488)
(10	,488)
(48	,488)
(94	,488)
(101	,488)
(148	,488)
(154	,488)
(219	,488)
(358	,488)
(463	,488)
(10	,489)
(16	,489)
(18	,489)
(25	,489)
(37	,489)
(83	,489)
(148	,489)
(221	,489)
(342	,489)
(377	,489)
(18	,490)
(20	,490)
(25	,490)
(83	,490)
(107	,490)
(111	,490)
(120	,490)
(148	,490)
(313	,490)
(377	,490)
(18	,491)
(101	,491)
(127	,491)
(138	,491)
(148	,491)
(185	,491)
(195	,491)
(303	,491)
(369	,491)
(488	,491)
(27	,492)
(52	,492)
(68	,492)
(89	,492)
(134	,492)
(211	,492)
(220	,492)
(255	,492)
(334	,492)
(463	,492)
(18	,493)
(19	,493)
(25	,493)
(115	,493)
(124	,493)
(153	,493)
(216	,493)
(219	,493)
(249	,493)
(464	,493)
(9	,494)
(18	,494)
(25	,494)
(39	,494)
(124	,494)
(373	,494)
(384	,494)
(442	,494)
(473	,494)
(493	,494)
(12	,495)
(18	,495)
(37	,495)
(45	,495)
(132	,495)
(139	,495)
(174	,495)
(203	,495)
(219	,495)
(350	,495)
(3	,496)
(6	,496)
(20	,496)
(30	,496)
(39	,496)
(48	,496)
(139	,496)
(148	,496)
(410	,496)
(468	,496)
(12	,497)
(18	,497)
(61	,497)
(89	,497)
(102	,497)
(217	,497)
(229	,497)
(339	,497)
(390	,497)
(453	,497)
(12	,498)
(18	,498)
(115	,498)
(134	,498)
(148	,498)
(192	,498)
(196	,498)
(216	,498)
(231	,498)
(491	,498)
(18	,499)
(58	,499)
(89	,499)
(124	,499)
(159	,499)
(163	,499)
(196	,499)
(271	,499)
(308	,499)
(339	,499)
(18	,500)
(20	,500)
(51	,500)
(61	,500)
(115	,500)
(127	,500)
(148	,500)
(219	,500)
(220	,500)
(361	,500)
