(0, 1)
(2, 3)
(2, 4)
(3, 4)
(0, 5)
(5, 6)
(7, 8)
(2, 9)
(2, 10)
(3, 10)
(9, 10)
(2, 11)
(3, 11)
(10, 11)
(11, 12)
(9, 13)
(10, 13)
(7, 14)
(8, 14)
(10, 14)
(2, 15)
(10, 15)
(6, 16)
(13, 17)
(18, 19)
(13, 20)
(17, 20)
(16, 21)
(21, 22)
(20, 23)
(9, 24)
(13, 24)
(20, 24)
(23, 24)
(22, 25)
(9, 26)
(10, 26)
(13, 26)
(9, 27)
(10, 27)
(13, 27)
(24, 27)
(26, 27)
(28, 29)
(18, 30)
(19, 30)
(31, 32)
(27, 33)
(33, 34)
(0, 35)
(1, 35)
(25, 36)
(34, 37)
(36, 38)
(30, 39)
(38, 40)
(26, 41)
(27, 42)
(41, 42)
(9, 43)
(10, 43)
(13, 43)
(15, 43)
(24, 43)
(26, 43)
(27, 43)
(33, 43)
(37, 43)
(40, 44)
(10, 45)
(30, 45)
(39, 45)
(44, 46)
(46, 47)
(47, 48)
(49, 50)
(0, 51)
(50, 51)
(52, 53)
(2, 54)
(35, 55)
(14, 56)
(32, 57)
(15, 58)
(58, 59)
(10, 60)
(56, 60)
(10, 61)
(15, 61)
(45, 61)
(52, 62)
(53, 62)
(2, 63)
(9, 63)
(15, 63)
(54, 64)
(15, 65)
(10, 66)
(66, 67)
(10, 68)
(31, 68)
(57, 68)
(0, 69)
(51, 69)
(9, 70)
(27, 70)
(43, 70)
(55, 71)
(71, 72)
(72, 73)
(62, 74)
(29, 75)
(10, 76)
(15, 76)
(45, 76)
(61, 76)
(73, 77)
(77, 78)
(78, 79)
(9, 81)
(10, 81)
(13, 81)
(43, 81)
(80, 81)
(82, 83)
(7, 85)
(9, 85)
(10, 85)
(14, 85)
(24, 85)
(26, 85)
(27, 85)
(43, 85)
(84, 85)
(2, 86)
(9, 86)
(10, 86)
(13, 86)
(15, 86)
(24, 86)
(27, 86)
(43, 86)
(85, 86)
(9, 87)
(15, 87)
(63, 87)
(86, 87)
(15, 88)
(60, 88)
(79, 89)
(15, 90)
(85, 90)
(86, 90)
(15, 91)
(85, 91)
(88, 91)
(91, 92)
(89, 93)
(93, 94)
(92, 95)
(83, 96)
(21, 97)
(94, 97)
(10, 98)
(10, 99)
(98, 99)
(10, 100)
(10, 101)
(100, 101)
(95, 102)
(59, 103)
(21, 104)
(96, 105)
(103, 105)
(102, 106)
(64, 107)
(87, 107)
(74, 108)
(80, 109)
(85, 109)
(85, 110)
(109, 110)
(5, 111)
(104, 111)
(106, 112)
(112, 113)
(9, 114)
(27, 114)
(43, 114)
(70, 114)
(87, 114)
(107, 114)
(99, 115)
(10, 116)
(68, 116)
(85, 116)
(84, 117)
(11, 118)
(62, 118)
(108, 118)
(82, 119)
(83, 119)
(10, 120)
(66, 120)
(98, 120)
(101, 120)
(65, 121)
(88, 121)
(113, 122)
(10, 123)
(81, 123)
(85, 124)
(85, 125)
(124, 125)
(76, 126)
(76, 127)
(126, 127)
(15, 128)
(87, 128)
(122, 128)
(10, 129)
(67, 129)
(81, 129)
(120, 129)
(123, 129)
(10, 130)
(15, 130)
(57, 130)
(68, 130)
(116, 130)
(11, 131)
(118, 131)
(85, 132)
(117, 132)
(99, 133)
(115, 133)
(120, 133)
(85, 134)
(125, 134)
(110, 135)
(7, 136)
(10, 136)
(14, 136)
(15, 136)
(85, 136)
(116, 136)
(130, 136)
(11, 137)
(131, 137)
(26, 138)
(81, 138)
(129, 138)
(2, 139)
(11, 139)
(137, 139)
(76, 140)
(10, 141)
(15, 141)
(76, 141)
(140, 141)
(9, 142)
(10, 142)
(13, 142)
(26, 142)
(42, 142)
(43, 142)
(138, 142)
(10, 143)
(66, 143)
(98, 143)
(101, 143)
(120, 143)
(129, 143)
(133, 143)
(0, 144)
(43, 144)
(109, 144)
(110, 144)
(135, 144)
(10, 145)
(66, 145)
(67, 145)
(129, 145)
(10, 146)
(68, 146)
(98, 146)
(99, 146)
(115, 146)
(116, 146)
(120, 146)
(130, 146)
(133, 146)
(10, 147)
(15, 147)
(60, 147)
(65, 147)
(88, 147)
(91, 147)
(136, 147)
(8, 148)
(14, 148)
(15, 149)
(86, 149)
(90, 149)
(91, 149)
(145, 150)
(10, 151)
(15, 151)
(76, 151)
(127, 151)
(141, 151)
(147, 151)
(139, 152)
(110, 153)
(132, 153)
(154, 155)
(152, 156)
(155, 157)
(10, 158)
(158, 159)
(156, 160)
(41, 161)
(136, 162)
(162, 163)
(157, 164)
(159, 165)
(165, 166)
(26, 167)
(27, 167)
(161, 167)
(109, 168)
(110, 168)
(160, 169)
(107, 170)
(169, 170)
(166, 171)
(164, 172)
(172, 173)
(109, 174)
(132, 174)
(153, 174)
(10, 175)
(14, 175)
(15, 175)
(60, 175)
(65, 175)
(68, 175)
(116, 175)
(130, 175)
(136, 175)
(146, 175)
(147, 175)
(171, 176)
(173, 177)
(133, 178)
(146, 178)
(179, 180)
(180, 181)
(181, 182)
(166, 183)
(176, 183)
(58, 184)
(183, 184)
(85, 185)
(109, 185)
(124, 185)
(132, 185)
(153, 185)
(174, 185)
(0, 186)
(144, 186)
(182, 187)
(177, 188)
(10, 189)
(15, 189)
(45, 189)
(61, 189)
(68, 189)
(116, 189)
(136, 189)
(140, 189)
(141, 189)
(146, 189)
(27, 190)
(34, 190)
(43, 190)
(86, 190)
(2, 191)
(11, 191)
(131, 191)
(137, 191)
(80, 193)
(110, 193)
(192, 193)
(188, 194)
(187, 195)
(15, 196)
(136, 196)
(147, 196)
(196, 197)
(187, 198)
(195, 198)
(15, 199)
(136, 199)
(147, 199)
(163, 199)
(5, 200)
(150, 200)
(197, 201)
(162, 202)
(202, 203)
(198, 204)
(57, 206)
(205, 206)
(196, 207)
(201, 207)
(80, 209)
(109, 209)
(208, 209)
(207, 210)
(198, 211)
(204, 211)
(67, 212)
(129, 212)
(192, 212)
(193, 212)
(213, 214)
(88, 215)
(147, 215)
(196, 215)
(207, 215)
(210, 215)
(194, 216)
(214, 217)
(126, 218)
(127, 218)
(211, 219)
(88, 220)
(215, 220)
(200, 221)
(124, 222)
(174, 222)
(185, 222)
(26, 223)
(138, 223)
(142, 223)
(223, 224)
(126, 225)
(127, 225)
(187, 226)
(217, 227)
(10, 228)
(101, 228)
(31, 229)
(216, 229)
(203, 230)
(224, 231)
(219, 232)
(232, 233)
(26, 234)
(231, 234)
(5, 235)
(76, 236)
(127, 236)
(236, 237)
(238, 239)
(126, 240)
(225, 240)
(126, 241)
(225, 241)
(240, 241)
(232, 242)
(233, 242)
(15, 243)
(86, 243)
(0, 244)
(10, 244)
(66, 244)
(143, 244)
(144, 244)
(10, 245)
(66, 245)
(244, 245)
(7, 246)
(206, 246)
(10, 247)
(217, 247)
(227, 247)
(239, 248)
(242, 249)
(15, 250)
(163, 251)
(230, 251)
(10, 252)
(237, 252)
(248, 253)
(247, 254)
(10, 255)
(13, 255)
(43, 255)
(81, 255)
(129, 255)
(253, 256)
(109, 257)
(109, 258)
(174, 258)
(126, 259)
(137, 260)
(139, 260)
(256, 261)
(27, 262)
(43, 262)
(257, 263)
(236, 264)
(259, 264)
(249, 265)
(52, 266)
(62, 266)
(118, 266)
(137, 266)
(198, 267)
(219, 267)
(263, 268)
(67, 269)
(81, 269)
(109, 269)
(145, 269)
(221, 269)
(264, 270)
(265, 271)
(139, 272)
(80, 273)
(81, 273)
(268, 273)
(132, 274)
(153, 274)
(15, 275)
(136, 275)
(275, 276)
(10, 277)
(126, 277)
(26, 278)
(27, 278)
(80, 278)
(85, 278)
(142, 278)
(161, 278)
(185, 278)
(271, 279)
(62, 280)
(74, 280)
(272, 281)
(81, 282)
(273, 282)
(11, 283)
(281, 283)
(2, 284)
(54, 284)
(87, 284)
(261, 285)
(286, 287)
(175, 288)
(276, 288)
(279, 289)
(247, 290)
(254, 290)
(215, 291)
(287, 292)
(293, 294)
(138, 295)
(142, 295)
(289, 296)
(66, 297)
(143, 297)
(10, 298)
(225, 298)
(240, 298)
(285, 299)
(192, 300)
(193, 300)
(296, 301)
(0, 302)
(0, 303)
(302, 303)
(235, 304)
(175, 305)
(13, 306)
(175, 306)
(305, 306)
(302, 307)
(302, 308)
(236, 309)
(153, 310)
(174, 310)
(185, 310)
(301, 311)
(110, 312)
(185, 312)
(109, 313)
(310, 313)
(132, 314)
(153, 314)
(174, 314)
(185, 314)
(310, 314)
(315, 316)
(317, 318)
(153, 319)
(294, 320)
(270, 321)
(309, 321)
(267, 322)
(319, 323)
(291, 324)
(316, 325)
(318, 326)
(325, 327)
(181, 328)
(310, 329)
(323, 329)
(45, 330)
(292, 331)
(14, 332)
(85, 332)
(320, 332)
(326, 333)
(66, 334)
(244, 334)
(245, 334)
(304, 334)
(327, 335)
(335, 336)
(15, 337)
(199, 337)
(5, 338)
(303, 338)
(331, 339)
(333, 340)
(330, 341)
(3, 342)
(254, 342)
(311, 343)
(302, 344)
(308, 344)
(307, 345)
(88, 346)
(324, 346)
(343, 347)
(336, 348)
(328, 349)
(200, 350)
(192, 351)
(27, 352)
(81, 352)
(123, 352)
(129, 352)
(138, 352)
(255, 352)
(340, 353)
(290, 354)
(338, 355)
(303, 356)
(356, 357)
(348, 358)
(182, 359)
(349, 359)
(162, 360)
(347, 360)
(307, 361)
(345, 361)
(214, 362)
(247, 362)
(76, 363)
(341, 363)
(354, 364)
(365, 366)
(0, 367)
(302, 367)
(303, 367)
(299, 368)
(0, 369)
(302, 369)
(361, 370)
(353, 371)
(355, 372)
(129, 373)
(192, 373)
(255, 373)
(351, 373)
(352, 373)
(358, 374)
(375, 376)
(364, 377)
(200, 378)
(269, 378)
(350, 378)
(379, 380)
(366, 381)
(382, 383)
(0, 384)
(371, 384)
(385, 386)
(308, 387)
(344, 387)
(367, 387)
(386, 388)
(155, 389)
(164, 389)
(10, 390)
(158, 390)
(377, 390)
(374, 391)
(269, 392)
(378, 392)
(132, 393)
(85, 394)
(185, 394)
(394, 395)
(381, 396)
(376, 397)
(398, 399)
(388, 400)
(5, 401)
(338, 401)
(355, 401)
(372, 401)
(367, 402)
(85, 403)
(91, 403)
(90, 404)
(403, 404)
(384, 405)
(406, 407)
(391, 408)
(396, 409)
(400, 410)
(11, 411)
(303, 412)
(385, 412)
(402, 412)
(110, 413)
(101, 414)
(270, 414)
(219, 416)
(415, 416)
(401, 417)
(386, 418)
(388, 418)
(410, 418)
(412, 418)
(419, 420)
(409, 421)
(408, 422)
(405, 423)
(422, 424)
(423, 425)
(15, 426)
(136, 426)
(147, 426)
(162, 426)
(163, 426)
(199, 426)
(368, 426)
(0, 427)
(213, 429)
(428, 429)
(362, 430)
(421, 431)
(3, 432)
(411, 432)
(81, 433)
(129, 433)
(230, 434)
(196, 435)
(397, 435)
(431, 436)
(424, 437)
(10, 438)
(11, 438)
(342, 438)
(432, 438)
(370, 439)
(425, 440)
(430, 441)
(0, 442)
(399, 443)
(27, 444)
(109, 445)
(174, 445)
(7, 446)
(60, 446)
(85, 447)
(134, 447)
(448, 449)
(450, 451)
(13, 452)
(175, 452)
(407, 452)
(0, 453)
(418, 453)
(10, 454)
(85, 454)
(175, 454)
(31, 456)
(455, 456)
(457, 458)
(367, 459)
(302, 460)
(303, 460)
(355, 460)
(367, 460)
(401, 460)
(417, 460)
(461, 462)
(86, 463)
(149, 463)
(404, 463)
(451, 464)
(338, 465)
(355, 465)
(450, 465)
(459, 465)
(35, 466)
(51, 466)
(440, 466)
(441, 467)
(437, 468)
(55, 469)
(453, 469)
(11, 470)
(383, 470)
(9, 471)
(26, 471)
(43, 471)
(436, 472)
(473, 474)
(3, 475)
(10, 475)
(438, 475)
(476, 477)
(460, 478)
(464, 478)
(61, 479)
(419, 479)
(162, 480)
(302, 481)
(367, 481)
(230, 482)
(434, 482)
(395, 483)
(151, 484)
(420, 484)
(0, 485)
(453, 485)
(467, 486)
(302, 487)
(367, 487)
(481, 487)
(439, 488)
(442, 489)
(338, 490)
(460, 490)
(200, 491)
(80, 492)
(81, 492)
(473, 493)
(474, 493)
(383, 494)
(468, 494)
(472, 495)
(496, 497)
(379, 498)
(275, 500)
(499, 500)
(463, 501)
(475, 502)
(489, 503)
(495, 504)
(357, 505)
(486, 506)
(503, 507)
(508, 509)
(493, 510)
(85, 511)
(110, 511)
(413, 511)
(85, 512)
(124, 512)
(483, 512)
(513, 514)
(339, 515)
(443, 516)
(393, 517)
(518, 519)
(132, 520)
(274, 520)
(519, 521)
(521, 522)
(518, 523)
(522, 523)
(85, 524)
(124, 524)
(185, 524)
(299, 525)
(302, 526)
(527, 528)
(303, 529)
(367, 529)
(460, 529)
(498, 530)
(427, 531)
(3, 532)
(10, 532)
(11, 532)
(438, 532)
(502, 532)
(506, 533)
(488, 534)
(482, 535)
(212, 536)
(458, 536)
(510, 537)
(60, 538)
(446, 538)
(68, 539)
(449, 539)
(302, 540)
(507, 541)
(426, 542)
(461, 542)
(86, 543)
(463, 543)
(501, 543)
(117, 544)
(530, 545)
(386, 546)
(418, 546)
(523, 547)
(82, 548)
(493, 548)
(537, 548)
(541, 549)
(545, 550)
(126, 551)
(218, 551)
(380, 552)
(536, 552)
(514, 553)
(383, 554)
(470, 554)
(494, 554)
(509, 555)
(556, 557)
(533, 558)
(10, 559)
(532, 559)
(516, 560)
(517, 561)
(491, 562)
(401, 563)
(564, 565)
(547, 566)
(550, 567)
(568, 569)
(497, 570)
(504, 571)
(535, 572)
(85, 573)
(124, 573)
(512, 573)
(524, 573)
(378, 574)
(392, 574)
(561, 575)
(205, 576)
(577, 578)
(477, 579)
(566, 580)
(109, 581)
(110, 581)
(168, 581)
(560, 581)
(124, 582)
(185, 582)
(483, 582)
(512, 582)
(524, 582)
(462, 583)
(528, 584)
(575, 585)
(254, 586)
(290, 586)
(571, 586)
(531, 587)
(549, 588)
(200, 589)
(562, 589)
(313, 590)
(553, 591)
(572, 592)
(580, 593)
(593, 594)
(18, 595)
(45, 595)
(557, 595)
(15, 596)
(136, 596)
(147, 596)
(199, 596)
(275, 596)
(426, 596)
(542, 596)
(515, 597)
(290, 598)
(558, 598)
(534, 599)
(555, 600)
(163, 601)
(592, 601)
(588, 602)
(594, 603)
(85, 604)
(511, 604)
(417, 605)
(460, 605)
(563, 605)
(584, 606)
(607, 608)
(578, 609)
(81, 610)
(269, 610)
(583, 611)
(525, 612)
(109, 613)
(590, 613)
(191, 614)
(339, 614)
(515, 614)
(597, 614)
(602, 615)
(587, 616)
(600, 617)
(117, 618)
(544, 618)
(619, 620)
(9, 621)
(27, 621)
(63, 621)
(620, 622)
(622, 623)
(624, 625)
(626, 627)
(364, 628)
(390, 628)
(126, 629)
(269, 630)
(589, 630)
(579, 631)
(31, 632)
(32, 632)
(57, 632)
(611, 633)
(633, 634)
(60, 635)
(175, 635)
(636, 637)
(638, 639)
(585, 640)
(641, 642)
(461, 643)
(612, 643)
(322, 644)
(385, 645)
(587, 645)
(616, 645)
(623, 646)
(639, 647)
(642, 648)
(609, 649)
(615, 650)
(603, 651)
(648, 652)
(647, 653)
(650, 654)
(569, 655)
(625, 656)
(312, 657)
(591, 658)
(528, 659)
(606, 659)
(570, 660)
(640, 661)
(662, 663)
(651, 664)
(11, 665)
(494, 665)
(554, 665)
(10, 666)
(98, 666)
(99, 666)
(644, 666)
(338, 667)
(490, 667)
(267, 668)
(646, 669)
(275, 670)
(305, 670)
(629, 671)
(668, 672)
(654, 673)
(412, 674)
(645, 674)
(661, 675)
(634, 676)
(663, 677)
(27, 678)
(627, 678)
(655, 679)
(126, 680)
(680, 681)
(223, 682)
(379, 682)
(567, 682)
(610, 682)
(630, 682)
(631, 683)
(80, 685)
(684, 685)
(203, 686)
(666, 686)
(7, 687)
(576, 687)
(671, 688)
(669, 689)
(382, 690)
(672, 691)
(10, 692)
(147, 692)
(564, 692)
(565, 692)
(688, 693)
(664, 694)
(50, 695)
(690, 696)
(689, 697)
(677, 698)
(697, 699)
(656, 700)
(655, 701)
(679, 701)
(693, 702)
(649, 703)
(618, 704)
(694, 705)
(137, 706)
(621, 706)
(85, 707)
(278, 707)
(707, 708)
(676, 709)
(261, 710)
(637, 710)
(673, 711)
(10, 712)
(15, 712)
(60, 712)
(147, 712)
(635, 712)
(657, 713)
(633, 714)
(617, 715)
(626, 715)
(653, 716)
(420, 717)
(652, 718)
(383, 719)
(696, 719)
(82, 720)
(701, 720)
(713, 721)
(698, 722)
(702, 723)
(703, 724)
(718, 725)
(460, 726)
(709, 727)
(704, 728)
(683, 729)
(675, 730)
(723, 731)
(699, 732)
(660, 733)
(258, 734)
(608, 735)
(691, 736)
(716, 737)
(451, 738)
(726, 738)
(711, 739)
(722, 740)
(721, 741)
(725, 742)
(743, 744)
(705, 745)
(745, 746)
(5, 747)
(338, 747)
(744, 748)
(748, 749)
(732, 750)
(745, 751)
(746, 751)
(749, 752)
(752, 753)
(685, 754)
(85, 755)
(116, 755)
(247, 756)
(290, 756)
(342, 756)
(586, 756)
(598, 756)
(18, 757)
(45, 757)
(136, 758)
(305, 758)
(700, 759)
(658, 760)
(618, 761)
(728, 761)
(82, 762)
(720, 762)
(378, 763)
(731, 764)
(765, 766)
(369, 767)
(599, 767)
(88, 768)
(717, 768)
(729, 768)
(714, 769)
(356, 770)
(356, 771)
(379, 772)
(733, 772)
(753, 773)
(746, 774)
(751, 774)
(741, 775)
(742, 776)
(776, 777)
(773, 778)
(750, 779)
(3, 780)
(438, 780)
(740, 780)
(743, 781)
(778, 781)
(778, 782)
(781, 782)
(50, 783)
(531, 783)
(695, 783)
(737, 784)
(782, 785)
(785, 786)
(784, 787)
(779, 788)
(570, 789)
(660, 789)
(681, 790)
(293, 791)
(739, 792)
(761, 793)
(794, 795)
(189, 796)
(542, 796)
(797, 798)
(621, 799)
(678, 799)
(777, 800)
(730, 801)
(766, 802)
(189, 803)
(769, 803)
(641, 804)
(786, 805)
(26, 806)
(43, 806)
(85, 806)
(200, 806)
(223, 806)
(610, 806)
(630, 806)
(682, 806)
(804, 807)
(708, 808)
(788, 809)
(800, 810)
(807, 811)
(805, 812)
(812, 813)
(813, 814)
(811, 815)
(786, 816)
(812, 816)
(487, 817)
(809, 818)
(759, 819)
(815, 820)
(820, 821)
(814, 822)
(787, 823)
(822, 824)
(824, 825)
(821, 826)
(792, 827)
(826, 828)
(823, 829)
(825, 830)
(70, 831)
(659, 831)
(274, 832)
(117, 833)
(724, 833)
(162, 834)
(267, 834)
(296, 834)
(736, 834)
(790, 835)
(110, 836)
(775, 836)
(80, 837)
(754, 837)
(249, 838)
(265, 838)
(139, 839)
(156, 839)
(840, 841)
(136, 842)
(86, 843)
(798, 844)
(771, 845)
(830, 846)
(846, 847)
(238, 848)
(841, 848)
(828, 849)
(829, 850)
(825, 851)
(774, 852)
(816, 853)
(847, 853)
(850, 854)
(851, 855)
(849, 856)
(854, 857)
(293, 858)
(791, 858)
(818, 859)
(819, 860)
(419, 861)
(727, 861)
(844, 862)
(138, 863)
(864, 865)
(764, 866)
(81, 867)
(269, 867)
(630, 867)
(817, 868)
(179, 869)
(415, 869)
(855, 870)
(816, 871)
(871, 872)
(303, 873)
(367, 873)
(870, 874)
(802, 875)
(706, 876)
(735, 876)
(852, 877)
(874, 878)
(872, 879)
(778, 880)
(879, 880)
(857, 881)
(875, 882)
(302, 883)
(868, 883)
(801, 884)
(505, 885)
(878, 886)
(793, 887)
(877, 888)
(827, 889)
(531, 890)
(587, 890)
(886, 891)
(891, 892)
(0, 893)
(302, 893)
(885, 893)
(872, 894)
(892, 894)
(881, 895)
(0, 896)
(356, 896)
(505, 896)
(576, 897)
(858, 897)
(27, 899)
(70, 899)
(898, 899)
(835, 900)
(190, 901)
(734, 902)
(859, 903)
(0, 904)
(772, 905)
(27, 907)
(906, 907)
(856, 908)
(0, 909)
(356, 909)
(808, 910)
(274, 911)
(520, 911)
(832, 911)
(887, 912)
(888, 913)
(879, 914)
(810, 915)
(903, 916)
(587, 917)
(770, 918)
(909, 918)
(882, 919)
(914, 920)
(887, 921)
(912, 921)
(920, 922)
(908, 923)
(845, 924)
(897, 925)
(760, 926)
(378, 927)
(795, 928)
(862, 929)
(302, 930)
(369, 930)
(919, 931)
(922, 932)
(932, 933)
(913, 934)
(916, 935)
(933, 936)
(936, 937)
(895, 938)
(923, 939)
(937, 940)
(931, 941)
(934, 942)
(900, 943)
(768, 944)
(341, 945)
(860, 946)
(941, 947)
(947, 948)
(889, 949)
(915, 949)
(866, 950)
(940, 951)
(743, 952)
(951, 952)
(52, 953)
(286, 953)
(865, 954)
(14, 955)
(925, 955)
(942, 956)
(948, 957)
(926, 958)
(939, 959)
(957, 960)
(960, 961)
(961, 962)
(956, 963)
(935, 964)
(963, 965)
(917, 966)
(962, 967)
(924, 968)
(778, 969)
(383, 970)
(470, 970)
(554, 970)
(85, 971)
(884, 971)
(145, 972)
(200, 972)
(621, 973)
(799, 973)
(945, 974)
(153, 975)
(928, 975)
(946, 976)
(10, 977)
(965, 978)
(14, 979)
(85, 979)
(116, 979)
(136, 979)
(206, 979)
(755, 979)
(899, 980)
(906, 980)
(907, 980)
(638, 981)
(356, 982)
(921, 983)
(969, 984)
(86, 985)
(910, 985)
(967, 986)
(984, 987)
(982, 988)
(988, 989)
(989, 990)
(990, 991)
(986, 992)
(981, 993)
(992, 994)
(994, 995)
(991, 996)
(996, 997)
(997, 998)
(964, 999)
(995, 1000)
(998, 1001)
(983, 1002)
(1000, 1003)
(915, 1004)
(959, 1005)
(1003, 1006)
(993, 1007)
(976, 1008)
(921, 1009)
(1002, 1009)
(863, 1010)
(473, 1011)
(943, 1011)
(85, 1012)
(110, 1012)
(449, 1013)
(938, 1014)
(1005, 1015)
(91, 1016)
(901, 1016)
(944, 1017)
(1015, 1018)
(915, 1019)
(999, 1020)
(1018, 1021)
(1006, 1022)
(974, 1023)
(1022, 1024)
(1024, 1025)
(1021, 1026)
(1001, 1027)
(1025, 1028)
(15, 1029)
(91, 1029)
(141, 1029)
(1017, 1029)
(555, 1030)
(600, 1030)
(449, 1031)
(958, 1032)
(331, 1033)
(1034, 1035)
(269, 1036)
(574, 1036)
(927, 1036)
(1014, 1037)
(905, 1038)
(1028, 1039)
(200, 1040)
(954, 1040)
(1026, 1041)
(968, 1042)
(1037, 1043)
(1007, 1044)
(1043, 1045)
(909, 1046)
(1045, 1047)
(1004, 1048)
(1027, 1049)
(595, 1050)
(18, 1051)
(633, 1051)
(757, 1051)
(1050, 1051)
(1048, 1052)
(929, 1053)
(1010, 1054)
(1023, 1055)
(379, 1056)
(610, 1056)
(1009, 1057)
(10, 1058)
(126, 1058)
(43, 1059)
(269, 1059)
(1020, 1060)
(978, 1061)
(1047, 1062)
(415, 1063)
(416, 1063)
(950, 1064)
(630, 1065)
(1065, 1066)
(1067, 1068)
(1061, 1069)
(1041, 1070)
(1062, 1071)
(1049, 1072)
(1070, 1073)
(1069, 1074)
(1071, 1075)
(1072, 1076)
(1046, 1077)
(1035, 1078)
(902, 1079)
(1055, 1080)
(1057, 1081)
(1074, 1082)
(0, 1083)
(893, 1083)
(1060, 1084)
(1073, 1085)
(1077, 1086)
(401, 1087)
(490, 1087)
(1019, 1088)
(1068, 1089)
(1076, 1090)
(969, 1091)
(1089, 1092)
(1082, 1093)
(1078, 1094)
(473, 1095)
(363, 1096)
(1080, 1096)
(290, 1097)
(1008, 1097)
(132, 1098)
(610, 1099)
(1038, 1099)
(1090, 1100)
(1081, 1101)
(1053, 1102)
(1103, 1104)
(1044, 1105)
(739, 1106)
(1052, 1106)
(984, 1107)
(1042, 1108)
(1075, 1109)
(1100, 1110)
(1110, 1111)
(1086, 1112)
(1092, 1113)
(1107, 1114)
(1084, 1115)
(1081, 1116)
(1101, 1116)
(1093, 1117)
(937, 1118)
(1114, 1118)
(1118, 1119)
(1033, 1120)
(1085, 1121)
(1109, 1122)
(1113, 1123)
(1095, 1124)
(1119, 1125)
(1122, 1126)
(208, 1127)
(1115, 1128)
(109, 1129)
(1054, 1129)
(463, 1130)
(543, 1130)
(1094, 1131)
(10, 1132)
(1064, 1132)
(1111, 1133)
(1121, 1133)
(1134, 1135)
(1031, 1136)
(1134, 1137)
(927, 1139)
(1138, 1139)
(1123, 1140)
(175, 1141)
(419, 1142)
(484, 1142)
(1128, 1143)
(1125, 1144)
(1135, 1145)
(1112, 1146)
(398, 1147)
(1104, 1147)
(1117, 1148)
(1144, 1149)
(1149, 1150)
(1145, 1151)
(1140, 1152)
(1133, 1153)
(1146, 1154)
(1124, 1155)
(1151, 1156)
(1148, 1157)
(132, 1158)
(520, 1158)
(1116, 1158)
(922, 1159)
(1152, 1160)
(1102, 1161)
(780, 1162)
(907, 1163)
(980, 1163)
(1032, 1164)
(58, 1165)
(1155, 1165)
(13, 1166)
(1141, 1166)
(137, 1167)
(1079, 1168)
(1157, 1169)
(1170, 1171)
(1156, 1172)
(1172, 1173)
(1174, 1175)
(617, 1176)
(1173, 1177)
(1160, 1178)
(1169, 1179)
(752, 1180)
(936, 1180)
(1177, 1181)
(1181, 1182)
(1154, 1183)
(1161, 1184)
(1143, 1185)
(1179, 1186)
(1171, 1187)
(1178, 1188)
(1182, 1189)
(1183, 1190)
(1191, 1192)
(27, 1193)
(1131, 1193)
(52, 1194)
(137, 1195)
(1186, 1196)
(1189, 1197)
(1136, 1198)
(1188, 1199)
(384, 1200)
(1153, 1201)
(1112, 1202)
(1192, 1202)
(219, 1203)
(416, 1203)
(1187, 1204)
(1088, 1205)
(1197, 1206)
(1206, 1207)
(1207, 1208)
(1208, 1209)
(1199, 1210)
(1205, 1211)
(515, 1212)
(1120, 1212)
(1210, 1213)
(1213, 1214)
(1211, 1215)
(1185, 1216)
(1209, 1217)
(1215, 1218)
(200, 1219)
(109, 1220)
(27, 1221)
(70, 1221)
(899, 1221)
(907, 1221)
(1163, 1221)
(81, 1222)
(1066, 1222)
(470, 1223)
(1162, 1223)
(5, 1224)
(1105, 1225)
(1214, 1226)
(1226, 1227)
(418, 1228)
(966, 1228)
(10, 1229)
(778, 1230)
(85, 1231)
(109, 1231)
(110, 1231)
(124, 1231)
(135, 1231)
(144, 1231)
(581, 1231)
(684, 1231)
(1175, 1232)
(1111, 1233)
(1217, 1234)
(1230, 1235)
(1112, 1236)
(1227, 1237)
(673, 1238)
(1216, 1238)
(1126, 1239)
(1237, 1240)
(1218, 1241)
(1070, 1242)
(1201, 1242)
(1235, 1243)
(1241, 1244)
(1240, 1245)
(1233, 1246)
(1246, 1247)
(1225, 1248)
(1204, 1249)
(33, 1250)
(37, 1250)
(190, 1250)
(1020, 1251)
(1196, 1251)
(1247, 1252)
(927, 1253)
(1167, 1254)
(1195, 1254)
(1198, 1255)
(1243, 1256)
(1257, 1258)
(1184, 1259)
(1245, 1260)
(1252, 1261)
(1261, 1262)
(1244, 1263)
(1236, 1264)
(1234, 1265)
(1260, 1266)
(1265, 1267)
(1256, 1268)
(473, 1269)
(680, 1269)
(1190, 1270)
(1266, 1271)
(1268, 1272)
(1271, 1273)
(1263, 1274)
(1273, 1275)
(383, 1276)
(614, 1276)
(1220, 1277)
(81, 1278)
(1222, 1278)
(1168, 1279)
(1164, 1280)
(1036, 1281)
(1253, 1281)
(1275, 1282)
(1267, 1283)
(1219, 1284)
(1091, 1285)
(1272, 1285)
(896, 1286)
(1264, 1286)
(1262, 1287)
(1283, 1288)
(1282, 1289)
(1249, 1290)
(1289, 1291)
(1287, 1292)
(1070, 1293)
(1293, 1294)
(1291, 1295)
(1288, 1296)
(1295, 1297)
(624, 1298)
(124, 1299)
(185, 1299)
(312, 1299)
(1259, 1300)
(5, 1301)
(278, 1302)
(1279, 1302)
(135, 1303)
(1280, 1303)
(1176, 1304)
(1239, 1305)
(1284, 1306)
(85, 1307)
(1297, 1308)
(650, 1309)
(993, 1310)
(1007, 1310)
(1248, 1310)
(1292, 1311)
(1296, 1312)
(1308, 1313)
(1312, 1314)
(641, 1315)
(1274, 1315)
(1313, 1316)
(1294, 1317)
(602, 1318)
(1309, 1318)
(1316, 1319)
(26, 1320)
(27, 1320)
(138, 1320)
(255, 1320)
(1059, 1320)
(1298, 1321)
(1277, 1322)
(11, 1323)
(470, 1323)
(76, 1324)
(419, 1324)
(1108, 1325)
(1326, 1327)
(1290, 1328)
(1314, 1329)
(205, 1330)
(1255, 1330)
(1258, 1331)
(1319, 1332)
(1224, 1333)
(1311, 1334)
(1334, 1335)
(55, 1336)
(469, 1336)
(1329, 1337)
(1332, 1338)
(896, 1339)
(1338, 1340)
(1310, 1341)
(1335, 1342)
(1337, 1343)
(1317, 1344)
(1344, 1345)
(356, 1346)
(1339, 1346)
(1304, 1347)
(394, 1348)
(1098, 1348)
(139, 1349)
(470, 1349)
(607, 1350)
(1194, 1350)
(269, 1351)
(610, 1351)
(806, 1351)
(1306, 1352)
(1331, 1352)
(1345, 1353)
(1153, 1354)
(1343, 1355)
(1342, 1356)
(1355, 1357)
(1353, 1358)
(638, 1359)
(1341, 1359)
(1358, 1360)
(588, 1361)
(1362, 1363)
(1356, 1364)
(1362, 1364)
(1357, 1365)
(356, 1367)
(1366, 1367)
(1363, 1368)
(1366, 1368)
(1365, 1369)
(568, 1370)
(1321, 1370)
(1371, 1372)
(1232, 1373)
(1300, 1374)
(109, 1375)
(209, 1375)
(1340, 1376)
(505, 1377)
(1270, 1377)
(1305, 1378)
(1344, 1378)
(1369, 1379)
(1354, 1380)
(1361, 1381)
(1376, 1382)
(1379, 1383)
(1360, 1384)
(1383, 1385)
(26, 1386)
(799, 1386)
(138, 1387)
(1010, 1387)
(1388, 1389)
(1352, 1390)
(1373, 1390)
(1385, 1391)
(1380, 1392)
(1382, 1393)
(1391, 1394)
(1372, 1395)
(1374, 1396)
(1394, 1397)
(1325, 1398)
(1398, 1399)
(1397, 1400)
(1393, 1401)
(1396, 1402)
(1384, 1403)
(1400, 1404)
(1347, 1405)
(135, 1406)
(332, 1407)
(403, 1407)
(1392, 1408)
(1401, 1409)
(1333, 1410)
(1408, 1411)
(1409, 1412)
(1395, 1413)
(884, 1414)
(1402, 1414)
(1405, 1415)
(1403, 1416)
(1412, 1417)
(1411, 1418)
(1418, 1419)
(503, 1420)
(1381, 1420)
(1417, 1421)
(11, 1422)
(139, 1422)
(144, 1423)
(1231, 1423)
(190, 1424)
(1195, 1424)
(15, 1425)
(65, 1425)
(88, 1425)
(147, 1425)
(1194, 1426)
(1328, 1426)
(1404, 1427)
(1421, 1428)
(1415, 1429)
(1427, 1430)
(1428, 1431)
(1410, 1432)
(1416, 1433)
(1430, 1434)
(1429, 1435)
(1431, 1436)
(1434, 1437)
(132, 1438)
(174, 1438)
(129, 1439)
(1413, 1440)
(269, 1441)
(630, 1442)
(1065, 1442)
(1406, 1443)
(1419, 1444)
(1365, 1445)
(1437, 1445)
(1435, 1446)
(885, 1447)
(1436, 1448)
(503, 1449)
(1433, 1450)
(1399, 1451)
(1448, 1452)
(1365, 1453)
(223, 1454)
(1389, 1454)
(568, 1455)
(45, 1456)
(61, 1456)
(41, 1457)
(167, 1457)
(278, 1457)
(1390, 1458)
(1390, 1459)
(1432, 1460)
(110, 1461)
(1443, 1461)
(1450, 1462)
(1452, 1463)
(1447, 1464)
(0, 1465)
(1449, 1465)
(1453, 1466)
(1440, 1467)
(1463, 1468)
(1462, 1469)
(126, 1470)
(127, 1470)
(551, 1470)
(1468, 1471)
(1466, 1472)
(85, 1473)
(185, 1473)
(1469, 1474)
(1327, 1475)
(778, 1476)
(1464, 1477)
(1471, 1478)
(1476, 1479)
(1474, 1480)
(1480, 1481)
(1472, 1482)
(1455, 1483)
(1478, 1484)
(1481, 1485)
(1485, 1486)
(1320, 1487)
(1467, 1487)
(641, 1488)
(1486, 1488)
(1444, 1489)
(1479, 1490)
(1482, 1491)
(1490, 1492)
(1296, 1493)
(1491, 1493)
(1484, 1494)
(1492, 1495)
(1483, 1496)
(15, 1497)
(43, 1497)
(144, 1497)
(1423, 1497)
(9, 1498)
(27, 1498)
(43, 1498)
(1446, 1499)
(1460, 1500)
(1495, 1501)
(1459, 1502)
(150, 1503)
(972, 1503)
(1441, 1503)
(419, 1504)
(1494, 1505)
(1501, 1506)
(1506, 1507)
(1451, 1508)
(1507, 1509)
(1509, 1510)
(1496, 1511)
(1510, 1512)
(1512, 1513)
(1296, 1514)
(1505, 1515)
(1499, 1516)
(303, 1517)
(367, 1517)
(1477, 1517)
(0, 1519)
(1518, 1519)
(1504, 1520)
(1502, 1521)
(1458, 1522)
(1513, 1523)
(1515, 1524)
(1523, 1525)
(1091, 1526)
(1525, 1526)
(1267, 1527)
(1514, 1527)
(1524, 1528)
(236, 1529)
(977, 1529)
(1516, 1530)
(1528, 1531)
(1531, 1532)
(1267, 1533)
(1503, 1534)
(1522, 1534)
(1533, 1535)
(1532, 1536)
(356, 1537)
(1508, 1537)
(1536, 1538)
(1511, 1539)
(1538, 1540)
(1535, 1541)
(1540, 1542)
(1530, 1543)
(1500, 1544)
(203, 1545)
(403, 1546)
(463, 1546)
(1541, 1547)
(1542, 1548)
(1018, 1549)
(1521, 1550)
(1489, 1551)
(1551, 1552)
(1419, 1553)
(1549, 1553)
(1548, 1554)
(1547, 1555)
(1555, 1556)
(1556, 1557)
(1554, 1558)
(1558, 1559)
(1539, 1560)
(1543, 1561)
(136, 1562)
(633, 1562)
(1552, 1563)
(1557, 1564)
(1564, 1565)
(1565, 1566)
(1559, 1567)
(1566, 1568)
(1568, 1569)
(126, 1570)
(225, 1570)
(240, 1570)
(190, 1571)
(1320, 1572)
(136, 1573)
(1307, 1573)
(1569, 1574)
(1574, 1575)
(1567, 1576)
(1575, 1577)
(1563, 1578)
(1578, 1579)
(1550, 1580)
(1576, 1581)
(1577, 1582)
(1582, 1583)
(1579, 1584)
(621, 1585)
(1561, 1585)
(1301, 1586)
(196, 1587)
(1520, 1587)
(608, 1588)
(621, 1588)
(1583, 1589)
(1584, 1590)
(1503, 1591)
(1581, 1592)
(1137, 1593)
(1589, 1593)
(1590, 1594)
(1592, 1595)
(1594, 1596)
(938, 1597)
(1596, 1597)
(1484, 1598)
(1595, 1598)
(27, 1599)
(1571, 1599)
(1560, 1600)
(1350, 1601)
(1239, 1602)
(1544, 1603)
(1580, 1604)
(144, 1605)
(1475, 1605)
(1572, 1606)
(646, 1607)
(1603, 1608)
(1608, 1609)
(1609, 1610)
(972, 1611)
(1591, 1611)
(1604, 1611)
(1602, 1612)
(1612, 1613)
(1610, 1614)
(1613, 1615)
(619, 1616)
(1607, 1616)
(1600, 1617)
(8, 1618)
(14, 1618)
(1615, 1619)
(1614, 1620)
(1620, 1621)
(1524, 1622)
(1622, 1623)
(1121, 1624)
(1619, 1624)
(131, 1625)
(1601, 1625)
(136, 1626)
(185, 1626)
(163, 1627)
(1051, 1627)
(1623, 1628)
(1621, 1629)
(1617, 1630)
(1628, 1631)
(1631, 1632)
(1606, 1633)
(137, 1634)
(706, 1634)
(1167, 1634)
(132, 1635)
(185, 1635)
(153, 1636)
(1629, 1637)
(895, 1638)
(457, 1639)
(458, 1639)
(1632, 1640)
(1611, 1641)
(1637, 1642)
(1640, 1643)
(166, 1644)
(1630, 1644)
(85, 1645)
(293, 1645)
(1642, 1646)
(1643, 1647)
(1646, 1648)
(1647, 1649)
(1638, 1650)
(1649, 1651)
(1648, 1652)
(1650, 1653)
(1653, 1654)
(1651, 1655)
(1652, 1656)
(1654, 1657)
(1655, 1658)
(1657, 1659)
(1659, 1660)
(200, 1661)
(1059, 1661)
(1586, 1661)
(1658, 1662)
(1191, 1663)
(1270, 1663)
(1662, 1664)
(1664, 1665)
(1376, 1666)
(1665, 1666)
(1633, 1667)
(26, 1668)
(231, 1668)
(1656, 1669)
(1641, 1670)
(185, 1671)
(1636, 1671)
(610, 1672)
(1351, 1672)
(1660, 1673)
(1673, 1674)
(1669, 1675)
(1066, 1676)
(1674, 1677)
(1677, 1678)
(1670, 1679)
(1667, 1680)
(1675, 1681)
(1679, 1682)
(1681, 1683)
(1678, 1684)
(1683, 1685)
(1680, 1686)
(1684, 1687)
(1685, 1688)
(356, 1689)
(1366, 1689)
(1585, 1690)
(1686, 1690)
(136, 1691)
(162, 1691)
(199, 1691)
(356, 1692)
(1692, 1693)
(1693, 1694)
(1687, 1695)
(1694, 1696)
(200, 1697)
(1688, 1697)
(638, 1698)
(1695, 1698)
(1696, 1699)
(1699, 1700)
(81, 1701)
(1222, 1701)
(527, 1702)
(659, 1702)
(1682, 1703)
(76, 1704)
(91, 1704)
(15, 1705)
(43, 1705)
(144, 1705)
(1423, 1705)
(378, 1706)
(392, 1706)
(1036, 1706)
(136, 1707)
(185, 1707)
(0, 1708)
(549, 1708)
(1361, 1708)
(162, 1709)
(163, 1709)
(202, 1709)
(480, 1709)
(1703, 1710)
(190, 1711)
(86, 1712)
(1711, 1712)
(1710, 1713)
(1713, 1714)
(1714, 1715)
(1200, 1716)
(1715, 1716)
(1200, 1717)
(1039, 1718)
(1718, 1719)
(1719, 1720)
(986, 1721)
(1720, 1721)
(1107, 1722)
(1717, 1723)
(995, 1724)
(1000, 1724)
(1723, 1725)
(785, 1726)
(1725, 1727)
(1726, 1728)
(1728, 1729)
(1729, 1730)
(1730, 1731)
(1000, 1732)
(1731, 1733)
(1733, 1734)
(1732, 1735)
(1734, 1736)
(1735, 1737)
(1167, 1738)
(1195, 1738)
(851, 1739)
(1736, 1739)
(1703, 1740)
(1727, 1740)
(1737, 1741)
(1741, 1742)
(247, 1743)
(290, 1743)
(1742, 1744)
(1528, 1745)
(1592, 1745)
(1592, 1746)
(1746, 1747)
(1559, 1748)
(1747, 1748)
(109, 1749)
(313, 1750)
(1749, 1750)
(1559, 1751)
(1751, 1752)
(1752, 1753)
(1753, 1754)
(1754, 1755)
(1755, 1756)
(1756, 1757)
(1757, 1758)
(1598, 1759)
(1758, 1759)
(13, 1760)
(367, 1761)
(1517, 1761)
(1327, 1762)
(1605, 1762)
(803, 1763)
(11, 1764)
(369, 1765)
(1340, 1766)
(534, 1767)
(1765, 1767)
(1766, 1768)
(1768, 1769)
(1769, 1770)
(150, 1771)
(1591, 1771)
(1641, 1771)
(1770, 1772)
(542, 1773)
(1772, 1774)
(633, 1775)
(1763, 1775)
(1774, 1776)
(1289, 1777)
(1776, 1777)
(1504, 1778)
(1587, 1778)
(1291, 1779)
(1779, 1780)
(1780, 1781)
(1781, 1782)
(1782, 1783)
(1783, 1784)
(1784, 1785)
(1785, 1786)
(1786, 1787)
(1787, 1788)
(1788, 1789)
(1789, 1790)
(1790, 1791)
(1771, 1792)
(1791, 1793)
(1793, 1794)
(332, 1795)
(403, 1795)
(1773, 1796)
(1794, 1797)
(1797, 1798)
(1796, 1799)
(1798, 1800)
(534, 1801)
(1435, 1802)
(1499, 1802)
(1800, 1803)
(1792, 1804)
(1803, 1805)
(525, 1806)
(1799, 1806)
(1113, 1807)
(1805, 1807)
(462, 1808)
(611, 1808)
(587, 1809)
(645, 1809)
(1113, 1810)
(1810, 1811)
(525, 1812)
(587, 1813)
(1811, 1814)
(1521, 1815)
(1804, 1815)
(1814, 1816)
(370, 1817)
(1801, 1817)
(1809, 1818)
(1813, 1818)
(1503, 1819)
(610, 1820)
(462, 1821)
(1347, 1822)
(1415, 1822)
(1764, 1823)
(139, 1824)
(1823, 1824)
(1458, 1825)
(1819, 1825)
(1078, 1826)
(1131, 1826)
(550, 1827)
(15, 1828)
(250, 1828)
(419, 1829)
(484, 1829)
(423, 1830)
(440, 1830)
(1521, 1831)
(515, 1832)
(1120, 1832)
(905, 1833)
(1820, 1833)
(384, 1834)
(423, 1834)
(498, 1835)
(1827, 1835)
(1390, 1836)
(1831, 1836)
(5, 1837)
(1333, 1837)
(384, 1838)
(340, 1839)
(1838, 1839)
(722, 1840)
(780, 1840)
(660, 1841)
(772, 1841)
(1232, 1842)
(1390, 1842)
(318, 1843)
(333, 1843)
(86, 1844)
(501, 1844)
(452, 1845)
(900, 1846)
(1011, 1846)
(976, 1847)
(1097, 1847)
(1845, 1848)
(1064, 1849)
(1036, 1850)
(1219, 1851)
(1306, 1851)
(1039, 1852)
(1331, 1852)
(86, 1853)
(764, 1854)
(1849, 1854)
(927, 1855)
(1850, 1855)
(190, 1856)
(1016, 1856)
(1327, 1857)
(1518, 1857)
(86, 1858)
(910, 1858)
(927, 1859)
(1138, 1859)
(608, 1860)
(876, 1860)
(275, 1861)
(1760, 1861)
(1327, 1862)
(1862, 1863)
(1475, 1864)
(1762, 1864)
(1863, 1864)
(144, 1865)
(1605, 1865)
(0, 1866)
(10, 1866)
(0, 1867)
(10, 1867)
(0, 1868)
(291, 1869)
(346, 1869)
(1423, 1870)
(1868, 1870)
(9, 1871)
(43, 1871)
(162, 1872)
(163, 1872)
(196, 1873)
(1691, 1873)
