(1	,2)
(1	,3)
(1	,4)
(1	,5)
(1	,6)
(1	,7)
(1	,8)
(1	,9)
(1	,10)
(1	,11)
(1	,12)
(1	,13)
(1	,14)
(1	,15)
(1	,16)
(1	,17)
(1	,18)
(1	,19)
(1	,20)
(1	,21)
(1	,22)
(1	,23)
(1	,24)
(1	,25)
(1	,26)
(1	,27)
(1	,28)
(1	,29)
(1	,30)
(1	,31)
(1	,32)
(1	,33)
(1	,34)
(1	,35)
(1	,36)
(1	,37)
(1	,38)
(1	,39)
(1	,40)
(1	,41)
(1	,42)
(1	,43)
(1	,44)
(1	,45)
(1	,46)
(1	,47)
(1	,48)
(1	,49)
(1	,50)
(1	,51)
(1	,52)
(1	,53)
(1	,55)
(1	,56)
(1	,57)
(1	,58)
(1	,60)
(1	,61)
(1	,62)
(1	,63)
(1	,64)
(1	,65)
(1	,66)
(1	,67)
(1	,68)
(1	,69)
(1	,70)
(1	,71)
(1	,72)
(1	,73)
(1	,74)
(1	,75)
(1	,76)
(1	,77)
(1	,78)
(1	,79)
(1	,80)
(1	,81)
(1	,82)
(1	,83)
(1	,84)
(1	,85)
(1	,86)
(1	,87)
(1	,88)
(1	,89)
(1	,90)
(1	,91)
(1	,92)
(1	,93)
(1	,94)
(1	,95)
(1	,96)
(1	,97)
(1	,98)
(1	,99)
(1	,100)
(1	,101)
(1	,102)
(1	,103)
(1	,104)
(1	,105)
(1	,106)
(1	,107)
(1	,108)
(1	,109)
(1	,110)
(1	,111)
(1	,112)
(1	,113)
(1	,114)
(1	,115)
(1	,116)
(1	,117)
(1	,118)
(1	,119)
(1	,120)
(1	,121)
(1	,122)
(1	,123)
(1	,124)
(1	,125)
(1	,126)
(1	,127)
(1	,128)
(1	,129)
(1	,131)
(1	,134)
(1	,135)
(1	,136)
(1	,137)
(1	,138)
(1	,139)
(1	,140)
(1	,141)
(1	,142)
(1	,143)
(1	,144)
(1	,145)
(1	,146)
(1	,147)
(1	,149)
(1	,150)
(1	,151)
(1	,152)
(1	,153)
(1	,154)
(1	,155)
(1	,157)
(1	,158)
(1	,159)
(1	,160)
(1	,161)
(1	,162)
(1	,163)
(1	,164)
(1	,165)
(1	,166)
(1	,167)
(1	,168)
(1	,169)
(1	,170)
(1	,171)
(1	,172)
(1	,173)
(1	,174)
(1	,175)
(1	,177)
(1	,178)
(1	,179)
(1	,180)
(1	,181)
(1	,183)
(1	,187)
(2	,3)
(2	,4)
(2	,5)
(2	,6)
(2	,7)
(2	,8)
(2	,9)
(2	,10)
(2	,11)
(2	,12)
(2	,13)
(2	,14)
(2	,15)
(2	,16)
(2	,17)
(2	,18)
(2	,19)
(2	,20)
(2	,21)
(2	,22)
(2	,23)
(2	,24)
(2	,25)
(2	,26)
(2	,27)
(2	,28)
(2	,29)
(2	,30)
(2	,31)
(2	,32)
(2	,33)
(2	,34)
(2	,35)
(2	,36)
(2	,37)
(2	,38)
(2	,39)
(2	,40)
(2	,41)
(2	,42)
(2	,43)
(2	,44)
(2	,45)
(2	,46)
(2	,47)
(2	,48)
(2	,49)
(2	,50)
(2	,51)
(2	,52)
(2	,53)
(2	,55)
(2	,56)
(2	,57)
(2	,58)
(2	,60)
(2	,61)
(2	,62)
(2	,63)
(2	,64)
(2	,65)
(2	,66)
(2	,67)
(2	,68)
(2	,69)
(2	,70)
(2	,71)
(2	,72)
(2	,73)
(2	,74)
(2	,75)
(2	,76)
(2	,77)
(2	,78)
(2	,79)
(2	,80)
(2	,81)
(2	,82)
(2	,83)
(2	,84)
(2	,85)
(2	,86)
(2	,87)
(2	,88)
(2	,89)
(2	,90)
(2	,91)
(2	,92)
(2	,93)
(2	,94)
(2	,95)
(2	,96)
(2	,97)
(2	,98)
(2	,99)
(2	,100)
(2	,101)
(2	,102)
(2	,103)
(2	,104)
(2	,105)
(2	,106)
(2	,107)
(2	,108)
(2	,109)
(2	,110)
(2	,111)
(2	,113)
(2	,114)
(2	,115)
(2	,116)
(2	,117)
(2	,118)
(2	,119)
(2	,120)
(2	,121)
(2	,122)
(2	,123)
(2	,124)
(2	,125)
(2	,126)
(2	,127)
(2	,128)
(2	,129)
(2	,130)
(2	,131)
(2	,133)
(2	,134)
(2	,135)
(2	,136)
(2	,137)
(2	,138)
(2	,139)
(2	,140)
(2	,141)
(2	,142)
(2	,143)
(2	,144)
(2	,145)
(2	,146)
(2	,147)
(2	,148)
(2	,149)
(2	,150)
(2	,151)
(2	,152)
(2	,153)
(2	,154)
(2	,155)
(2	,156)
(2	,157)
(2	,158)
(2	,159)
(2	,160)
(2	,161)
(2	,162)
(2	,163)
(2	,164)
(2	,165)
(2	,166)
(2	,167)
(2	,168)
(2	,169)
(2	,170)
(2	,171)
(2	,172)
(2	,173)
(2	,174)
(2	,175)
(2	,177)
(2	,178)
(2	,179)
(2	,180)
(2	,181)
(2	,183)
(2	,187)
(3	,4)
(3	,5)
(3	,6)
(3	,7)
(3	,8)
(3	,9)
(3	,11)
(3	,12)
(3	,13)
(3	,14)
(3	,15)
(3	,16)
(3	,18)
(3	,20)
(3	,22)
(3	,23)
(3	,24)
(3	,26)
(3	,28)
(3	,29)
(3	,30)
(3	,31)
(3	,33)
(3	,35)
(3	,36)
(3	,37)
(3	,38)
(3	,39)
(3	,40)
(3	,41)
(3	,42)
(3	,43)
(3	,44)
(3	,45)
(3	,46)
(3	,47)
(3	,48)
(3	,49)
(3	,51)
(3	,56)
(3	,57)
(3	,60)
(3	,61)
(3	,62)
(3	,63)
(3	,65)
(3	,66)
(3	,67)
(3	,68)
(3	,69)
(3	,70)
(3	,71)
(3	,75)
(3	,76)
(3	,77)
(3	,78)
(3	,79)
(3	,87)
(3	,93)
(3	,99)
(3	,118)
(3	,129)
(3	,133)
(3	,134)
(3	,138)
(3	,140)
(3	,154)
(3	,156)
(3	,157)
(3	,158)
(3	,159)
(3	,161)
(3	,167)
(3	,170)
(3	,171)
(3	,172)
(3	,174)
(3	,175)
(3	,177)
(3	,179)
(3	,187)
(4	,5)
(4	,6)
(4	,7)
(4	,8)
(4	,9)
(4	,11)
(4	,12)
(4	,20)
(4	,21)
(4	,22)
(4	,23)
(4	,24)
(4	,26)
(4	,27)
(4	,28)
(4	,29)
(4	,30)
(4	,31)
(4	,32)
(4	,33)
(4	,34)
(4	,35)
(4	,36)
(4	,37)
(4	,38)
(4	,39)
(4	,40)
(4	,41)
(4	,42)
(4	,43)
(4	,44)
(4	,45)
(4	,46)
(4	,47)
(4	,48)
(4	,49)
(4	,50)
(4	,51)
(4	,52)
(4	,55)
(4	,56)
(4	,60)
(4	,61)
(4	,62)
(4	,63)
(4	,65)
(4	,66)
(4	,68)
(4	,69)
(4	,70)
(4	,71)
(4	,75)
(4	,76)
(4	,77)
(4	,78)
(4	,79)
(4	,80)
(4	,82)
(4	,86)
(4	,88)
(4	,95)
(4	,99)
(4	,118)
(4	,128)
(4	,129)
(4	,130)
(4	,134)
(4	,136)
(4	,137)
(4	,138)
(4	,139)
(4	,143)
(4	,144)
(4	,146)
(4	,153)
(4	,154)
(4	,158)
(4	,159)
(4	,167)
(4	,170)
(4	,171)
(4	,172)
(4	,174)
(4	,175)
(4	,177)
(4	,179)
(5	,6)
(5	,7)
(5	,8)
(5	,9)
(5	,11)
(5	,12)
(5	,13)
(5	,15)
(5	,16)
(5	,18)
(5	,20)
(5	,22)
(5	,23)
(5	,24)
(5	,27)
(5	,28)
(5	,29)
(5	,30)
(5	,33)
(5	,35)
(5	,36)
(5	,37)
(5	,38)
(5	,39)
(5	,40)
(5	,41)
(5	,42)
(5	,43)
(5	,44)
(5	,45)
(5	,46)
(5	,47)
(5	,48)
(5	,49)
(5	,51)
(5	,61)
(5	,63)
(5	,65)
(5	,75)
(5	,76)
(5	,77)
(5	,78)
(5	,128)
(5	,134)
(5	,138)
(5	,140)
(5	,143)
(5	,154)
(5	,157)
(5	,158)
(5	,159)
(5	,161)
(5	,167)
(5	,170)
(5	,171)
(5	,174)
(5	,175)
(5	,177)
(5	,179)
(6	,7)
(6	,8)
(6	,9)
(6	,10)
(6	,11)
(6	,12)
(6	,13)
(6	,14)
(6	,15)
(6	,16)
(6	,17)
(6	,18)
(6	,19)
(6	,20)
(6	,21)
(6	,22)
(6	,23)
(6	,24)
(6	,25)
(6	,26)
(6	,27)
(6	,28)
(6	,29)
(6	,30)
(6	,31)
(6	,32)
(6	,33)
(6	,34)
(6	,35)
(6	,36)
(6	,37)
(6	,38)
(6	,39)
(6	,40)
(6	,41)
(6	,42)
(6	,43)
(6	,44)
(6	,45)
(6	,46)
(6	,47)
(6	,48)
(6	,49)
(6	,50)
(6	,51)
(6	,52)
(6	,57)
(6	,60)
(6	,61)
(6	,62)
(6	,63)
(6	,65)
(6	,66)
(6	,68)
(6	,69)
(6	,70)
(6	,71)
(6	,75)
(6	,76)
(6	,77)
(6	,78)
(6	,79)
(6	,81)
(6	,87)
(6	,90)
(6	,95)
(6	,97)
(6	,98)
(6	,106)
(6	,118)
(6	,122)
(6	,125)
(6	,127)
(6	,128)
(6	,129)
(6	,134)
(6	,135)
(6	,136)
(6	,137)
(6	,138)
(6	,139)
(6	,140)
(6	,141)
(6	,146)
(6	,154)
(6	,157)
(6	,158)
(6	,159)
(6	,161)
(6	,162)
(6	,164)
(6	,167)
(6	,170)
(6	,171)
(6	,172)
(6	,174)
(6	,175)
(6	,177)
(6	,179)
(7	,8)
(7	,9)
(7	,10)
(7	,11)
(7	,12)
(7	,13)
(7	,14)
(7	,15)
(7	,16)
(7	,17)
(7	,18)
(7	,20)
(7	,22)
(7	,23)
(7	,24)
(7	,25)
(7	,26)
(7	,27)
(7	,28)
(7	,29)
(7	,30)
(7	,31)
(7	,33)
(7	,35)
(7	,36)
(7	,37)
(7	,38)
(7	,39)
(7	,40)
(7	,41)
(7	,42)
(7	,43)
(7	,44)
(7	,45)
(7	,46)
(7	,47)
(7	,48)
(7	,49)
(7	,50)
(7	,51)
(7	,52)
(7	,60)
(7	,61)
(7	,62)
(7	,63)
(7	,66)
(7	,67)
(7	,69)
(7	,71)
(7	,75)
(7	,76)
(7	,77)
(7	,78)
(7	,79)
(7	,95)
(7	,98)
(7	,101)
(7	,115)
(7	,116)
(7	,118)
(7	,122)
(7	,134)
(7	,136)
(7	,138)
(7	,139)
(7	,140)
(7	,154)
(7	,157)
(7	,158)
(7	,159)
(7	,161)
(7	,162)
(7	,167)
(7	,170)
(7	,171)
(7	,172)
(7	,174)
(7	,175)
(7	,177)
(7	,179)
(8	,9)
(8	,10)
(8	,11)
(8	,12)
(8	,13)
(8	,14)
(8	,15)
(8	,16)
(8	,17)
(8	,18)
(8	,19)
(8	,20)
(8	,21)
(8	,22)
(8	,23)
(8	,24)
(8	,25)
(8	,26)
(8	,27)
(8	,28)
(8	,29)
(8	,30)
(8	,31)
(8	,32)
(8	,33)
(8	,34)
(8	,35)
(8	,36)
(8	,37)
(8	,38)
(8	,39)
(8	,40)
(8	,41)
(8	,42)
(8	,43)
(8	,44)
(8	,45)
(8	,46)
(8	,47)
(8	,48)
(8	,49)
(8	,50)
(8	,51)
(8	,52)
(8	,57)
(8	,61)
(8	,62)
(8	,63)
(8	,65)
(8	,66)
(8	,75)
(8	,76)
(8	,77)
(8	,78)
(8	,79)
(8	,84)
(8	,90)
(8	,91)
(8	,93)
(8	,94)
(8	,95)
(8	,98)
(8	,99)
(8	,101)
(8	,105)
(8	,117)
(8	,118)
(8	,119)
(8	,122)
(8	,127)
(8	,131)
(8	,133)
(8	,134)
(8	,137)
(8	,138)
(8	,139)
(8	,140)
(8	,141)
(8	,143)
(8	,144)
(8	,146)
(8	,154)
(8	,156)
(8	,157)
(8	,158)
(8	,159)
(8	,161)
(8	,164)
(8	,167)
(8	,170)
(8	,171)
(8	,172)
(8	,174)
(8	,175)
(8	,177)
(8	,179)
(8	,180)
(8	,181)
(9	,10)
(9	,11)
(9	,12)
(9	,13)
(9	,14)
(9	,15)
(9	,16)
(9	,17)
(9	,18)
(9	,19)
(9	,20)
(9	,21)
(9	,22)
(9	,23)
(9	,24)
(9	,25)
(9	,26)
(9	,27)
(9	,28)
(9	,29)
(9	,30)
(9	,31)
(9	,33)
(9	,34)
(9	,35)
(9	,36)
(9	,37)
(9	,38)
(9	,39)
(9	,40)
(9	,41)
(9	,42)
(9	,43)
(9	,44)
(9	,45)
(9	,46)
(9	,47)
(9	,48)
(9	,49)
(9	,50)
(9	,51)
(9	,57)
(9	,61)
(9	,62)
(9	,63)
(9	,66)
(9	,75)
(9	,76)
(9	,77)
(9	,78)
(9	,84)
(9	,85)
(9	,86)
(9	,91)
(9	,94)
(9	,95)
(9	,97)
(9	,98)
(9	,108)
(9	,116)
(9	,117)
(9	,118)
(9	,119)
(9	,122)
(9	,123)
(9	,125)
(9	,127)
(9	,129)
(9	,131)
(9	,133)
(9	,134)
(9	,136)
(9	,139)
(9	,140)
(9	,141)
(9	,144)
(9	,148)
(9	,151)
(9	,152)
(9	,154)
(9	,156)
(9	,157)
(9	,158)
(9	,159)
(9	,161)
(9	,164)
(9	,167)
(9	,170)
(9	,171)
(9	,174)
(9	,175)
(9	,177)
(9	,179)
(10	,11)
(10	,12)
(10	,13)
(10	,14)
(10	,15)
(10	,16)
(10	,17)
(10	,22)
(10	,24)
(10	,25)
(10	,26)
(10	,27)
(10	,29)
(10	,36)
(10	,37)
(10	,38)
(10	,39)
(10	,41)
(10	,42)
(10	,43)
(10	,45)
(10	,46)
(10	,47)
(10	,48)
(10	,49)
(10	,51)
(10	,61)
(10	,70)
(10	,76)
(10	,77)
(10	,78)
(10	,106)
(10	,134)
(10	,136)
(10	,138)
(10	,143)
(10	,144)
(10	,154)
(10	,157)
(10	,158)
(10	,159)
(10	,162)
(10	,167)
(10	,170)
(10	,171)
(10	,175)
(10	,177)
(10	,179)
(10	,183)
(11	,12)
(11	,13)
(11	,14)
(11	,15)
(11	,16)
(11	,17)
(11	,22)
(11	,24)
(11	,26)
(11	,27)
(11	,35)
(11	,36)
(11	,37)
(11	,38)
(11	,39)
(11	,41)
(11	,43)
(11	,44)
(11	,45)
(11	,46)
(11	,47)
(11	,51)
(11	,75)
(11	,76)
(11	,77)
(11	,78)
(11	,85)
(11	,86)
(11	,89)
(11	,94)
(11	,100)
(11	,101)
(11	,106)
(11	,119)
(11	,122)
(11	,131)
(11	,133)
(11	,134)
(11	,137)
(11	,140)
(11	,143)
(11	,144)
(11	,154)
(11	,156)
(11	,157)
(11	,158)
(11	,159)
(11	,162)
(11	,167)
(11	,170)
(11	,171)
(11	,175)
(11	,177)
(11	,179)
(11	,181)
(11	,187)
(12	,13)
(12	,14)
(12	,15)
(12	,16)
(12	,17)
(12	,22)
(12	,23)
(12	,24)
(12	,25)
(12	,26)
(12	,27)
(12	,29)
(12	,30)
(12	,31)
(12	,33)
(12	,34)
(12	,36)
(12	,37)
(12	,38)
(12	,39)
(12	,41)
(12	,42)
(12	,43)
(12	,45)
(12	,46)
(12	,47)
(12	,51)
(12	,66)
(12	,75)
(12	,76)
(12	,77)
(12	,78)
(12	,86)
(12	,87)
(12	,88)
(12	,93)
(12	,97)
(12	,117)
(12	,122)
(12	,133)
(12	,134)
(12	,139)
(12	,140)
(12	,147)
(12	,148)
(12	,154)
(12	,156)
(12	,157)
(12	,158)
(12	,159)
(12	,161)
(12	,162)
(12	,167)
(12	,170)
(12	,171)
(12	,175)
(12	,177)
(12	,179)
(13	,14)
(13	,15)
(13	,16)
(13	,17)
(13	,18)
(13	,19)
(13	,22)
(13	,23)
(13	,24)
(13	,25)
(13	,26)
(13	,27)
(13	,29)
(13	,33)
(13	,34)
(13	,36)
(13	,37)
(13	,38)
(13	,39)
(13	,41)
(13	,42)
(13	,43)
(13	,44)
(13	,45)
(13	,46)
(13	,47)
(13	,51)
(13	,61)
(13	,63)
(13	,65)
(13	,66)
(13	,68)
(13	,69)
(13	,75)
(13	,76)
(13	,77)
(13	,78)
(13	,91)
(13	,117)
(13	,134)
(13	,148)
(13	,154)
(13	,157)
(13	,158)
(13	,159)
(13	,161)
(13	,164)
(13	,167)
(13	,171)
(13	,172)
(13	,175)
(13	,177)
(13	,179)
(14	,17)
(14	,22)
(14	,24)
(14	,26)
(14	,27)
(14	,33)
(14	,36)
(14	,37)
(14	,38)
(14	,39)
(14	,41)
(14	,42)
(14	,43)
(14	,45)
(14	,46)
(14	,47)
(14	,48)
(14	,51)
(14	,61)
(14	,63)
(14	,67)
(14	,68)
(14	,75)
(14	,76)
(14	,78)
(14	,95)
(14	,98)
(14	,106)
(14	,116)
(14	,129)
(14	,134)
(14	,138)
(14	,144)
(14	,154)
(14	,157)
(14	,159)
(14	,171)
(14	,172)
(14	,174)
(14	,175)
(14	,177)
(14	,179)
(15	,22)
(15	,24)
(15	,26)
(15	,36)
(15	,37)
(15	,38)
(15	,39)
(15	,41)
(15	,42)
(15	,43)
(15	,45)
(15	,46)
(15	,47)
(15	,51)
(15	,61)
(15	,74)
(15	,75)
(15	,76)
(15	,78)
(15	,106)
(15	,128)
(15	,138)
(15	,154)
(15	,157)
(15	,158)
(15	,159)
(15	,168)
(15	,175)
(15	,177)
(15	,179)
(16	,17)
(16	,18)
(16	,19)
(16	,20)
(16	,21)
(16	,22)
(16	,23)
(16	,24)
(16	,25)
(16	,28)
(16	,29)
(16	,30)
(16	,31)
(16	,32)
(16	,33)
(16	,34)
(16	,35)
(16	,36)
(16	,37)
(16	,38)
(16	,39)
(16	,40)
(16	,41)
(16	,42)
(16	,43)
(16	,44)
(16	,45)
(16	,46)
(16	,47)
(16	,48)
(16	,49)
(16	,50)
(16	,51)
(16	,55)
(16	,56)
(16	,61)
(16	,62)
(16	,63)
(16	,64)
(16	,65)
(16	,66)
(16	,67)
(16	,68)
(16	,69)
(16	,70)
(16	,71)
(16	,73)
(16	,75)
(16	,76)
(16	,77)
(16	,78)
(16	,79)
(16	,80)
(16	,86)
(16	,89)
(16	,90)
(16	,93)
(16	,94)
(16	,96)
(16	,97)
(16	,98)
(16	,100)
(16	,102)
(16	,103)
(16	,105)
(16	,106)
(16	,107)
(16	,114)
(16	,115)
(16	,116)
(16	,123)
(16	,126)
(16	,127)
(16	,128)
(16	,129)
(16	,130)
(16	,133)
(16	,134)
(16	,135)
(16	,136)
(16	,138)
(16	,139)
(16	,140)
(16	,141)
(16	,143)
(16	,147)
(16	,153)
(16	,154)
(16	,157)
(16	,158)
(16	,159)
(16	,161)
(16	,162)
(16	,164)
(16	,167)
(16	,168)
(16	,170)
(16	,171)
(16	,172)
(16	,174)
(16	,175)
(16	,177)
(16	,179)
(16	,183)
(17	,18)
(17	,19)
(17	,20)
(17	,22)
(17	,23)
(17	,24)
(17	,25)
(17	,26)
(17	,28)
(17	,34)
(17	,35)
(17	,36)
(17	,37)
(17	,38)
(17	,39)
(17	,41)
(17	,42)
(17	,43)
(17	,44)
(17	,45)
(17	,46)
(17	,47)
(17	,48)
(17	,49)
(17	,51)
(17	,60)
(17	,61)
(17	,63)
(17	,65)
(17	,68)
(17	,69)
(17	,70)
(17	,75)
(17	,76)
(17	,77)
(17	,78)
(17	,134)
(17	,140)
(17	,154)
(17	,157)
(17	,158)
(17	,159)
(17	,161)
(17	,167)
(17	,170)
(17	,171)
(17	,175)
(17	,177)
(17	,179)
(18	,19)
(18	,20)
(18	,21)
(18	,22)
(18	,23)
(18	,24)
(18	,25)
(18	,27)
(18	,28)
(18	,29)
(18	,30)
(18	,31)
(18	,32)
(18	,33)
(18	,35)
(18	,36)
(18	,37)
(18	,38)
(18	,39)
(18	,40)
(18	,41)
(18	,42)
(18	,43)
(18	,44)
(18	,45)
(18	,46)
(18	,47)
(18	,48)
(18	,49)
(18	,50)
(18	,51)
(18	,52)
(18	,55)
(18	,60)
(18	,61)
(18	,62)
(18	,63)
(18	,65)
(18	,66)
(18	,67)
(18	,68)
(18	,69)
(18	,70)
(18	,71)
(18	,75)
(18	,76)
(18	,77)
(18	,78)
(18	,79)
(18	,90)
(18	,98)
(18	,118)
(18	,134)
(18	,136)
(18	,138)
(18	,139)
(18	,140)
(18	,141)
(18	,143)
(18	,144)
(18	,146)
(18	,147)
(18	,154)
(18	,157)
(18	,158)
(18	,159)
(18	,161)
(18	,162)
(18	,164)
(18	,167)
(18	,171)
(18	,172)
(18	,174)
(18	,175)
(18	,177)
(18	,179)
(19	,20)
(19	,21)
(19	,22)
(19	,23)
(19	,24)
(19	,25)
(19	,28)
(19	,29)
(19	,30)
(19	,31)
(19	,33)
(19	,34)
(19	,35)
(19	,36)
(19	,37)
(19	,38)
(19	,39)
(19	,40)
(19	,41)
(19	,42)
(19	,43)
(19	,44)
(19	,45)
(19	,46)
(19	,47)
(19	,48)
(19	,49)
(19	,50)
(19	,51)
(19	,56)
(19	,60)
(19	,61)
(19	,63)
(19	,65)
(19	,66)
(19	,67)
(19	,68)
(19	,69)
(19	,71)
(19	,75)
(19	,76)
(19	,77)
(19	,78)
(19	,79)
(19	,128)
(19	,129)
(19	,134)
(19	,138)
(19	,139)
(19	,140)
(19	,141)
(19	,154)
(19	,157)
(19	,158)
(19	,159)
(19	,161)
(19	,162)
(19	,167)
(19	,170)
(19	,171)
(19	,172)
(19	,174)
(19	,175)
(19	,177)
(19	,179)
(20	,21)
(20	,22)
(20	,23)
(20	,24)
(20	,25)
(20	,26)
(20	,28)
(20	,29)
(20	,30)
(20	,31)
(20	,32)
(20	,33)
(20	,34)
(20	,35)
(20	,36)
(20	,37)
(20	,38)
(20	,39)
(20	,40)
(20	,41)
(20	,42)
(20	,43)
(20	,44)
(20	,45)
(20	,46)
(20	,47)
(20	,48)
(20	,49)
(20	,51)
(20	,60)
(20	,61)
(20	,62)
(20	,63)
(20	,65)
(20	,66)
(20	,67)
(20	,71)
(20	,75)
(20	,76)
(20	,77)
(20	,78)
(20	,79)
(20	,118)
(20	,127)
(20	,134)
(20	,138)
(20	,140)
(20	,141)
(20	,151)
(20	,154)
(20	,157)
(20	,158)
(20	,159)
(20	,161)
(20	,162)
(20	,164)
(20	,167)
(20	,170)
(20	,171)
(20	,172)
(20	,174)
(20	,175)
(20	,177)
(20	,179)
(21	,22)
(21	,23)
(21	,24)
(21	,25)
(21	,28)
(21	,29)
(21	,30)
(21	,31)
(21	,33)
(21	,34)
(21	,36)
(21	,37)
(21	,38)
(21	,39)
(21	,40)
(21	,41)
(21	,42)
(21	,43)
(21	,44)
(21	,45)
(21	,46)
(21	,47)
(21	,48)
(21	,49)
(21	,51)
(21	,60)
(21	,61)
(21	,63)
(21	,66)
(21	,69)
(21	,70)
(21	,71)
(21	,75)
(21	,76)
(21	,77)
(21	,78)
(21	,79)
(21	,134)
(21	,138)
(21	,140)
(21	,147)
(21	,154)
(21	,157)
(21	,158)
(21	,159)
(21	,161)
(21	,167)
(21	,171)
(21	,174)
(21	,175)
(21	,177)
(21	,179)
(22	,23)
(22	,24)
(22	,25)
(22	,26)
(22	,27)
(22	,28)
(22	,29)
(22	,30)
(22	,31)
(22	,32)
(22	,33)
(22	,34)
(22	,35)
(22	,36)
(22	,37)
(22	,38)
(22	,39)
(22	,40)
(22	,41)
(22	,42)
(22	,43)
(22	,44)
(22	,45)
(22	,46)
(22	,47)
(22	,48)
(22	,49)
(22	,50)
(22	,51)
(22	,52)
(22	,53)
(22	,55)
(22	,56)
(22	,60)
(22	,61)
(22	,62)
(22	,63)
(22	,65)
(22	,66)
(22	,67)
(22	,68)
(22	,69)
(22	,70)
(22	,71)
(22	,74)
(22	,75)
(22	,76)
(22	,77)
(22	,78)
(22	,79)
(22	,90)
(22	,97)
(22	,105)
(22	,106)
(22	,115)
(22	,118)
(22	,123)
(22	,125)
(22	,127)
(22	,129)
(22	,133)
(22	,134)
(22	,136)
(22	,137)
(22	,138)
(22	,139)
(22	,140)
(22	,141)
(22	,143)
(22	,144)
(22	,146)
(22	,147)
(22	,148)
(22	,153)
(22	,154)
(22	,156)
(22	,157)
(22	,158)
(22	,159)
(22	,161)
(22	,162)
(22	,164)
(22	,166)
(22	,167)
(22	,170)
(22	,171)
(22	,172)
(22	,174)
(22	,175)
(22	,177)
(22	,179)
(23	,24)
(23	,25)
(23	,26)
(23	,27)
(23	,28)
(23	,29)
(23	,30)
(23	,31)
(23	,32)
(23	,33)
(23	,34)
(23	,35)
(23	,36)
(23	,37)
(23	,38)
(23	,39)
(23	,40)
(23	,41)
(23	,42)
(23	,43)
(23	,44)
(23	,45)
(23	,46)
(23	,47)
(23	,48)
(23	,49)
(23	,50)
(23	,51)
(23	,55)
(23	,56)
(23	,60)
(23	,61)
(23	,62)
(23	,63)
(23	,65)
(23	,66)
(23	,67)
(23	,68)
(23	,69)
(23	,70)
(23	,71)
(23	,72)
(23	,75)
(23	,76)
(23	,77)
(23	,78)
(23	,79)
(23	,87)
(23	,90)
(23	,95)
(23	,97)
(23	,111)
(23	,118)
(23	,123)
(23	,129)
(23	,134)
(23	,138)
(23	,140)
(23	,153)
(23	,154)
(23	,157)
(23	,158)
(23	,159)
(23	,161)
(23	,162)
(23	,164)
(23	,167)
(23	,170)
(23	,171)
(23	,172)
(23	,174)
(23	,175)
(23	,177)
(23	,179)
(24	,25)
(24	,26)
(24	,27)
(24	,28)
(24	,29)
(24	,30)
(24	,31)
(24	,32)
(24	,33)
(24	,34)
(24	,35)
(24	,36)
(24	,37)
(24	,38)
(24	,39)
(24	,40)
(24	,41)
(24	,42)
(24	,43)
(24	,44)
(24	,45)
(24	,46)
(24	,47)
(24	,48)
(24	,49)
(24	,50)
(24	,51)
(24	,52)
(24	,53)
(24	,55)
(24	,56)
(24	,57)
(24	,58)
(24	,60)
(24	,61)
(24	,62)
(24	,63)
(24	,64)
(24	,65)
(24	,66)
(24	,67)
(24	,68)
(24	,69)
(24	,70)
(24	,71)
(24	,72)
(24	,73)
(24	,75)
(24	,76)
(24	,77)
(24	,78)
(24	,79)
(24	,80)
(24	,84)
(24	,86)
(24	,87)
(24	,88)
(24	,89)
(24	,90)
(24	,91)
(24	,93)
(24	,95)
(24	,96)
(24	,97)
(24	,98)
(24	,99)
(24	,102)
(24	,105)
(24	,106)
(24	,112)
(24	,116)
(24	,118)
(24	,123)
(24	,125)
(24	,127)
(24	,128)
(24	,129)
(24	,131)
(24	,133)
(24	,134)
(24	,135)
(24	,136)
(24	,137)
(24	,138)
(24	,139)
(24	,140)
(24	,141)
(24	,143)
(24	,144)
(24	,145)
(24	,146)
(24	,148)
(24	,153)
(24	,154)
(24	,156)
(24	,157)
(24	,158)
(24	,159)
(24	,160)
(24	,161)
(24	,162)
(24	,163)
(24	,164)
(24	,167)
(24	,169)
(24	,170)
(24	,171)
(24	,172)
(24	,173)
(24	,174)
(24	,175)
(24	,177)
(24	,179)
(24	,183)
(25	,28)
(25	,29)
(25	,30)
(25	,31)
(25	,32)
(25	,33)
(25	,34)
(25	,35)
(25	,36)
(25	,37)
(25	,38)
(25	,39)
(25	,40)
(25	,41)
(25	,42)
(25	,43)
(25	,44)
(25	,45)
(25	,46)
(25	,47)
(25	,48)
(25	,49)
(25	,50)
(25	,51)
(25	,52)
(25	,53)
(25	,56)
(25	,60)
(25	,61)
(25	,62)
(25	,63)
(25	,65)
(25	,66)
(25	,67)
(25	,68)
(25	,69)
(25	,70)
(25	,71)
(25	,74)
(25	,75)
(25	,76)
(25	,77)
(25	,78)
(25	,79)
(25	,84)
(25	,86)
(25	,90)
(25	,92)
(25	,106)
(25	,118)
(25	,123)
(25	,128)
(25	,129)
(25	,134)
(25	,136)
(25	,138)
(25	,139)
(25	,140)
(25	,141)
(25	,143)
(25	,147)
(25	,153)
(25	,154)
(25	,157)
(25	,158)
(25	,159)
(25	,161)
(25	,162)
(25	,164)
(25	,167)
(25	,170)
(25	,171)
(25	,172)
(25	,174)
(25	,175)
(25	,177)
(25	,179)
(26	,27)
(26	,28)
(26	,29)
(26	,33)
(26	,36)
(26	,37)
(26	,38)
(26	,39)
(26	,40)
(26	,41)
(26	,42)
(26	,43)
(26	,45)
(26	,46)
(26	,47)
(26	,48)
(26	,49)
(26	,50)
(26	,51)
(26	,61)
(26	,63)
(26	,65)
(26	,75)
(26	,76)
(26	,78)
(26	,95)
(26	,98)
(26	,106)
(26	,118)
(26	,119)
(26	,131)
(26	,134)
(26	,138)
(26	,154)
(26	,156)
(26	,157)
(26	,158)
(26	,159)
(26	,161)
(26	,167)
(26	,171)
(26	,172)
(26	,175)
(26	,177)
(26	,178)
(26	,179)
(27	,29)
(27	,30)
(27	,33)
(27	,34)
(27	,35)
(27	,36)
(27	,37)
(27	,38)
(27	,39)
(27	,40)
(27	,41)
(27	,42)
(27	,43)
(27	,44)
(27	,45)
(27	,46)
(27	,47)
(27	,49)
(27	,51)
(27	,60)
(27	,61)
(27	,75)
(27	,76)
(27	,77)
(27	,78)
(27	,93)
(27	,134)
(27	,138)
(27	,140)
(27	,146)
(27	,154)
(27	,156)
(27	,157)
(27	,158)
(27	,159)
(27	,161)
(27	,167)
(27	,171)
(27	,175)
(27	,177)
(27	,179)
(28	,29)
(28	,30)
(28	,31)
(28	,32)
(28	,33)
(28	,34)
(28	,35)
(28	,36)
(28	,37)
(28	,38)
(28	,39)
(28	,40)
(28	,41)
(28	,42)
(28	,43)
(28	,44)
(28	,45)
(28	,46)
(28	,47)
(28	,48)
(28	,49)
(28	,50)
(28	,51)
(28	,52)
(28	,53)
(28	,55)
(28	,56)
(28	,60)
(28	,61)
(28	,63)
(28	,64)
(28	,65)
(28	,66)
(28	,67)
(28	,68)
(28	,69)
(28	,70)
(28	,71)
(28	,72)
(28	,73)
(28	,74)
(28	,75)
(28	,76)
(28	,77)
(28	,78)
(28	,79)
(28	,90)
(28	,95)
(28	,98)
(28	,105)
(28	,118)
(28	,125)
(28	,127)
(28	,128)
(28	,129)
(28	,134)
(28	,136)
(28	,138)
(28	,139)
(28	,140)
(28	,141)
(28	,143)
(28	,146)
(28	,148)
(28	,153)
(28	,154)
(28	,156)
(28	,157)
(28	,158)
(28	,159)
(28	,161)
(28	,164)
(28	,167)
(28	,170)
(28	,171)
(28	,172)
(28	,174)
(28	,175)
(28	,177)
(28	,179)
(29	,30)
(29	,31)
(29	,32)
(29	,33)
(29	,34)
(29	,35)
(29	,36)
(29	,37)
(29	,38)
(29	,39)
(29	,40)
(29	,41)
(29	,42)
(29	,43)
(29	,44)
(29	,45)
(29	,46)
(29	,47)
(29	,48)
(29	,49)
(29	,50)
(29	,51)
(29	,52)
(29	,53)
(29	,55)
(29	,56)
(29	,57)
(29	,60)
(29	,61)
(29	,62)
(29	,63)
(29	,64)
(29	,65)
(29	,66)
(29	,67)
(29	,68)
(29	,69)
(29	,70)
(29	,71)
(29	,72)
(29	,75)
(29	,76)
(29	,77)
(29	,78)
(29	,79)
(29	,84)
(29	,85)
(29	,86)
(29	,90)
(29	,91)
(29	,93)
(29	,95)
(29	,97)
(29	,98)
(29	,99)
(29	,102)
(29	,106)
(29	,113)
(29	,115)
(29	,118)
(29	,123)
(29	,125)
(29	,127)
(29	,128)
(29	,129)
(29	,133)
(29	,134)
(29	,136)
(29	,137)
(29	,138)
(29	,139)
(29	,140)
(29	,141)
(29	,142)
(29	,143)
(29	,145)
(29	,146)
(29	,147)
(29	,148)
(29	,153)
(29	,154)
(29	,156)
(29	,157)
(29	,158)
(29	,159)
(29	,161)
(29	,162)
(29	,164)
(29	,166)
(29	,167)
(29	,170)
(29	,171)
(29	,172)
(29	,173)
(29	,174)
(29	,175)
(29	,177)
(29	,178)
(29	,179)
(30	,31)
(30	,32)
(30	,33)
(30	,34)
(30	,35)
(30	,36)
(30	,37)
(30	,38)
(30	,39)
(30	,40)
(30	,41)
(30	,42)
(30	,43)
(30	,44)
(30	,45)
(30	,46)
(30	,47)
(30	,48)
(30	,49)
(30	,50)
(30	,51)
(30	,52)
(30	,53)
(30	,55)
(30	,56)
(30	,57)
(30	,60)
(30	,61)
(30	,62)
(30	,63)
(30	,64)
(30	,65)
(30	,66)
(30	,67)
(30	,68)
(30	,69)
(30	,70)
(30	,71)
(30	,72)
(30	,73)
(30	,74)
(30	,75)
(30	,76)
(30	,77)
(30	,78)
(30	,79)
(30	,80)
(30	,82)
(30	,83)
(30	,84)
(30	,85)
(30	,86)
(30	,87)
(30	,88)
(30	,90)
(30	,91)
(30	,92)
(30	,95)
(30	,96)
(30	,97)
(30	,98)
(30	,99)
(30	,102)
(30	,103)
(30	,104)
(30	,105)
(30	,111)
(30	,113)
(30	,114)
(30	,115)
(30	,116)
(30	,117)
(30	,118)
(30	,123)
(30	,125)
(30	,127)
(30	,128)
(30	,129)
(30	,130)
(30	,131)
(30	,133)
(30	,134)
(30	,135)
(30	,136)
(30	,137)
(30	,138)
(30	,139)
(30	,140)
(30	,141)
(30	,142)
(30	,143)
(30	,144)
(30	,145)
(30	,146)
(30	,147)
(30	,151)
(30	,153)
(30	,154)
(30	,155)
(30	,156)
(30	,157)
(30	,158)
(30	,159)
(30	,161)
(30	,162)
(30	,164)
(30	,166)
(30	,167)
(30	,168)
(30	,170)
(30	,171)
(30	,172)
(30	,174)
(30	,175)
(30	,177)
(30	,179)
(31	,32)
(31	,33)
(31	,34)
(31	,35)
(31	,36)
(31	,37)
(31	,38)
(31	,39)
(31	,40)
(31	,41)
(31	,42)
(31	,43)
(31	,44)
(31	,45)
(31	,46)
(31	,47)
(31	,48)
(31	,49)
(31	,50)
(31	,51)
(31	,52)
(31	,53)
(31	,55)
(31	,60)
(31	,61)
(31	,62)
(31	,65)
(31	,66)
(31	,67)
(31	,69)
(31	,75)
(31	,76)
(31	,77)
(31	,78)
(31	,79)
(31	,118)
(31	,127)
(31	,129)
(31	,133)
(31	,134)
(31	,136)
(31	,137)
(31	,138)
(31	,140)
(31	,141)
(31	,154)
(31	,156)
(31	,157)
(31	,158)
(31	,159)
(31	,161)
(31	,162)
(31	,164)
(31	,167)
(31	,170)
(31	,171)
(31	,172)
(31	,174)
(31	,175)
(31	,177)
(31	,179)
(32	,33)
(32	,34)
(32	,35)
(32	,36)
(32	,37)
(32	,38)
(32	,39)
(32	,41)
(32	,42)
(32	,43)
(32	,44)
(32	,45)
(32	,46)
(32	,47)
(32	,48)
(32	,49)
(32	,50)
(32	,51)
(32	,60)
(32	,61)
(32	,63)
(32	,65)
(32	,75)
(32	,76)
(32	,77)
(32	,78)
(32	,79)
(32	,86)
(32	,90)
(32	,118)
(32	,129)
(32	,134)
(32	,136)
(32	,138)
(32	,140)
(32	,154)
(32	,157)
(32	,158)
(32	,159)
(32	,161)
(32	,167)
(32	,170)
(32	,171)
(32	,172)
(32	,174)
(32	,175)
(32	,177)
(32	,179)
(33	,34)
(33	,35)
(33	,36)
(33	,37)
(33	,38)
(33	,39)
(33	,40)
(33	,41)
(33	,42)
(33	,43)
(33	,44)
(33	,45)
(33	,46)
(33	,47)
(33	,48)
(33	,49)
(33	,50)
(33	,51)
(33	,52)
(33	,55)
(33	,56)
(33	,57)
(33	,60)
(33	,61)
(33	,62)
(33	,63)
(33	,65)
(33	,66)
(33	,67)
(33	,68)
(33	,69)
(33	,70)
(33	,71)
(33	,74)
(33	,75)
(33	,76)
(33	,77)
(33	,78)
(33	,79)
(33	,86)
(33	,87)
(33	,90)
(33	,95)
(33	,97)
(33	,98)
(33	,105)
(33	,106)
(33	,116)
(33	,118)
(33	,119)
(33	,123)
(33	,125)
(33	,127)
(33	,129)
(33	,133)
(33	,134)
(33	,136)
(33	,137)
(33	,138)
(33	,139)
(33	,140)
(33	,141)
(33	,142)
(33	,144)
(33	,145)
(33	,146)
(33	,147)
(33	,153)
(33	,154)
(33	,156)
(33	,157)
(33	,158)
(33	,159)
(33	,161)
(33	,162)
(33	,164)
(33	,167)
(33	,170)
(33	,171)
(33	,172)
(33	,174)
(33	,175)
(33	,177)
(33	,179)
(34	,35)
(34	,36)
(34	,37)
(34	,38)
(34	,39)
(34	,40)
(34	,41)
(34	,42)
(34	,43)
(34	,44)
(34	,45)
(34	,46)
(34	,47)
(34	,48)
(34	,49)
(34	,50)
(34	,51)
(34	,55)
(34	,56)
(34	,60)
(34	,61)
(34	,62)
(34	,63)
(34	,64)
(34	,65)
(34	,66)
(34	,67)
(34	,68)
(34	,69)
(34	,70)
(34	,71)
(34	,75)
(34	,76)
(34	,77)
(34	,78)
(34	,79)
(34	,80)
(34	,86)
(34	,87)
(34	,90)
(34	,97)
(34	,98)
(34	,105)
(34	,106)
(34	,110)
(34	,113)
(34	,114)
(34	,115)
(34	,116)
(34	,118)
(34	,123)
(34	,125)
(34	,127)
(34	,128)
(3	,10)
(3	,90)
(3	,125)
(3	,126)
(3	,141)
(3	,144)
(4	,67)
(4	,90)
(4	,125)
(4	,141)
(5	,10)
(5	,50)
(5	,79)
(5	,125)
(5	,130)
(5	,144)
(6	,67)
(6	,173)
(7	,19)
(7	,21)
(7	,34)
(7	,65)
(7	,90)
(7	,113)
(7	,125)
(7	,130)
(7	,146)
(7	,149)
(7	,152)
(7	,156)
(7	,164)
(7	,173)
(8	,70)
(8	,85)
(8	,135)
(8	,148)
(8	,153)
(8	,173)
(9	,163)
(9	,169)
(10	,18)
(10	,19)
(10	,23)
(10	,34)
(10	,63)
(10	,65)
(10	,67)
(10	,107)
(10	,140)
(10	,156)
(10	,164)
(12	,21)
(12	,53)
(12	,116)
(12	,141)
(12	,146)
(13	,90)
(14	,44)
(14	,118)
(15	,48)
(16	,125)
(16	,144)
(17	,29)
(17	,66)
(17	,90)
(17	,118)
(18	,125)
(18	,170)
(19	,70)
(19	,87)
(19	,90)
(19	,118)
(19	,125)
(19	,164)
(20	,70)
(20	,109)
(20	,125)
(21	,65)
(21	,115)
(21	,118)
(21	,139)
(21	,150)
(22	,102)
(22	,145)
(22	,163)
(23	,53)
(23	,125)
(23	,136)
(23	,139)
(23	,144)
(24	,104)
(24	,147)
(24	,166)
(24	,168)
(25	,81)
(25	,125)
(25	,166)
(25	,183)
(26	,141)
(26	,144)
(27	,174)
(28	,84)
(28	,144)
(29	,105)
(29	,131)
(31	,56)
(31	,63)
(31	,90)
(31	,97)
(31	,124)
(31	,146)
(33	,128)
(33	,168)
(34	,74)
(34	,96)
(34	,126)
(1	,182)
(1	,184)
(1	,185)
(2	,184)
(2	,185)
(3	,123)
(4	,15)
(4	,16)
(4	,17)
(4	,84)
(5	,31)
(5	,34)
(5	,66)
(5	,118)
(5	,162)
(6	,56)
(6	,145)
(6	,185)
(7	,56)
(7	,127)
(8	,103)
(8	,107)
(8	,108)
(8	,124)
(8	,151)
(9	,53)
(9	,68)
(9	,109)
(9	,182)
(10	,35)
(10	,66)
(10	,94)
(10	,99)
(10	,117)
(10	,122)
(10	,126)
(10	,131)
(10	,133)
(10	,168)
(10	,178)
(10	,187)
(12	,91)
(12	,99)
(12	,124)
(12	,143)
(12	,184)
(13	,35)
(13	,87)
(13	,108)
(13	,122)
(14	,15)
(14	,34)
(14	,74)
(14	,128)
(14	,147)
(15	,16)
(15	,17)
(15	,19)
(15	,23)
(15	,29)
(15	,34)
(15	,66)
(15	,95)
(15	,97)
(15	,99)
(15	,100)
(15	,101)
(15	,107)
(15	,119)
(15	,122)
(15	,129)
(15	,133)
(15	,141)
(15	,146)
(15	,148)
(15	,156)
(15	,167)
(15	,170)
(15	,172)
(15	,183)
(15	,186)
(16	,84)
(16	,145)
(16	,155)
(16	,165)
(17	,141)
(17	,156)
(17	,166)
(17	,173)
(20	,52)
(22	,84)
(22	,168)
(23	,106)
(23	,145)
(24	,107)
(24	,114)
(24	,122)
(25	,55)
(26	,34)
(26	,66)
(26	,80)
(27	,70)
(29	,88)
(31	,125)
(32	,69)
(34	,53)
(34	,58)
(34	,72)
(34	,73)
(34	,85)
(34	,88)
(34	,93)
(34	,94)
(34	,95)
(34	,99)
(34	,102)
(34	,103)
(34	,104)
(34	,111)
(34	,117)
(34	,119)
(34	,122)
(34	,124)
(2	,182)
(3	,98)
(3	,127)
(3	,149)
(3	,165)
(4	,18)
(4	,19)
(4	,145)
(5	,14)
(5	,19)
(5	,21)
(5	,26)
(5	,73)
(5	,80)
(5	,94)
(5	,114)
(5	,141)
(7	,163)
(8	,56)
(8	,74)
(8	,110)
(8	,113)
(8	,152)
(8	,160)
(8	,169)
(9	,145)
(9	,149)
(9	,180)
(9	,184)
(10	,56)
(10	,141)
(12	,81)
(12	,186)
(13	,56)
(13	,98)
(13	,101)
(13	,123)
(13	,124)
(13	,139)
(13	,142)
(13	,180)
(14	,18)
(14	,56)
(14	,141)
(14	,170)
(15	,86)
(15	,102)
(15	,110)
(15	,139)
(15	,145)
(15	,169)
(15	,180)
(16	,53)
(16	,104)
(17	,56)
(17	,98)
(18	,26)
(18	,53)
(18	,56)
(18	,64)
(18	,104)
(18	,122)
(18	,131)
(18	,145)
(18	,148)
(18	,156)
(19	,53)
(19	,102)
(19	,133)
(19	,146)
(19	,156)
(20	,139)
(21	,56)
(21	,141)
(23	,58)
(24	,83)
(27	,56)
(28	,168)
(29	,58)
(29	,122)
(29	,126)
(29	,149)
(29	,169)
(32	,56)
(32	,113)
(32	,127)
(32	,156)
(34	,83)
(2	,112)
(3	,72)
(3	,89)
(3	,91)
(3	,105)
(5	,97)
(6	,72)
(7	,80)
(7	,137)
(8	,109)
(8	,165)
(10	,95)
(13	,185)
(14	,19)
(15	,72)
(15	,151)
(16	,72)
(16	,151)
(17	,72)
(17	,105)
(18	,105)
(18	,155)
(18	,187)
(19	,57)
(19	,86)
(19	,95)
(19	,98)
(19	,137)
(23	,88)
(23	,102)
(24	,94)
(27	,94)
(27	,119)
(27	,136)
(29	,119)
(31	,89)
(32	,53)
(32	,70)
(32	,110)
(32	,146)
(1	,176)
(4	,89)
(4	,97)
(4	,102)
(4	,161)
(5	,151)
(8	,88)
(8	,130)
(8	,187)
(9	,110)
(9	,130)
(9	,181)
(11	,80)
(13	,160)
(13	,168)
(14	,97)
(14	,149)
(17	,73)
(17	,97)
(17	,102)
(18	,185)
(19	,72)
(19	,85)
(19	,105)
(19	,145)
(19	,149)
(20	,146)
(21	,125)
(22	,107)
(24	,110)
(25	,89)
(26	,133)
(32	,100)
(2	,176)
(3	,97)
(3	,102)
(3	,146)
(4	,53)
(7	,165)
(10	,149)
(13	,32)
(13	,93)
(13	,103)
(13	,109)
(14	,87)
(15	,98)
(16	,131)
(17	,87)
(17	,104)
(18	,180)
(18	,186)
(19	,173)
(20	,88)
(21	,57)
(21	,88)
(21	,108)
(21	,133)
(21	,146)
(21	,156)
(21	,164)
(21	,172)
(23	,130)
(26	,164)
(27	,103)
(28	,119)
(28	,121)
(28	,122)
(32	,83)
(32	,121)
(32	,144)
(33	,58)
(33	,111)
(34	,82)
(3	,142)
(5	,142)
(5	,181)
(5	,187)
(6	,103)
(10	,123)
(10	,139)
(10	,142)
(11	,142)
(13	,95)
(13	,102)
(13	,178)
(16	,137)
(16	,150)
(17	,142)
(18	,101)
(18	,109)
(18	,110)
(21	,53)
(21	,155)
(21	,169)
(25	,108)
(31	,155)
(32	,72)
(32	,163)
(5	,71)
(7	,145)
(8	,64)
(9	,82)
(10	,86)
(12	,165)
(13	,121)
(14	,92)
(15	,104)
(16	,187)
(17	,74)
(20	,99)
(21	,142)
(21	,165)
(32	,107)
(33	,94)
(4	,57)
(5	,57)
(9	,83)
(9	,87)
(10	,105)
(15	,57)
(17	,57)
(17	,150)
(18	,72)
(18	,92)
(21	,73)
(22	,122)
(22	,184)
(27	,57)
(32	,126)
(1	,54)
(2	,54)
(3	,54)
(3	,164)
(4	,54)
(4	,164)
(5	,54)
(5	,164)
(6	,151)
(6	,156)
(7	,54)
(7	,151)
(10	,54)
(10	,151)
(13	,55)
(14	,54)
(14	,164)
(16	,54)
(17	,151)
(18	,54)
(19	,54)
(19	,151)
(20	,169)
(21	,54)
(21	,93)
(22	,54)
(23	,54)
(24	,54)
(25	,54)
(25	,99)
(25	,109)
(27	,55)
(28	,54)
(29	,54)
(30	,54)
(31	,54)
(33	,54)
(34	,54)
(4	,108)
(5	,74)
(7	,178)
(10	,150)
(14	,73)
(15	,108)
(17	,53)
(18	,112)
(19	,99)
(19	,110)
(19	,122)
(19	,126)
(19	,168)
(19	,181)
(19	,182)
(19	,185)
(20	,54)
(20	,155)
(21	,26)
(25	,151)
(28	,160)
(30	,176)
(1	,59)
(7	,85)
(7	,121)
(12	,153)
(19	,112)
(19	,119)
(19	,150)
(19	,165)
(22	,149)
(23	,114)
(23	,160)
(24	,176)
(27	,168)
(30	,185)
(32	,59)
(32	,148)
(7	,109)
(7	,114)
(10	,127)
(14	,20)
(14	,86)
(20	,83)
(20	,85)
(20	,101)
(20	,119)
(20	,149)
(20	,152)
(21	,113)
(21	,145)
(27	,111)
(32	,85)
(7	,107)
(14	,72)
(18	,165)
(23	,100)
(23	,166)
(25	,58)
(33	,110)
(1	,132)
(3	,145)
(7	,166)
(15	,32)
(20	,107)
(23	,81)
(27	,109)
(32	,183)
(23	,103)
(26	,84)
(26	,93)
(26	,97)
(26	,99)
(26	,102)
(26	,114)
(26	,122)
(26	,135)
(26	,137)
(26	,139)
(26	,142)
(26	,145)
(26	,146)
(26	,163)
(26	,184)
(31	,180)
(32	,178)
