(0, 1769)
(1, 1004)
(2, 691)
(2, 792)
(3, 27)
(3, 957)
(3, 1400)
(4, 703)
(5, 1534)
(5, 1668)
(6, 64)
(6, 443)
(6, 486)
(6, 495)
(6, 638)
(6, 681)
(6, 893)
(6, 904)
(6, 1052)
(6, 1782)
(6, 1822)
(7, 257)
(8, 91)
(8, 320)
(8, 691)
(8, 792)
(8, 1140)
(8, 1507)
(8, 1660)
(9, 545)
(9, 596)
(9, 1123)
(9, 1228)
(9, 1516)
(9, 1553)
(9, 1580)
(9, 1828)
(10, 1406)
(11, 838)
(11, 901)
(11, 1274)
(11, 1595)
(12, 129)
(12, 1753)
(13, 1138)
(14, 311)
(15, 360)
(15, 1235)
(16, 614)
(17, 275)
(17, 705)
(18, 749)
(18, 842)
(19, 843)
(20, 190)
(21, 1763)
(22, 311)
(22, 881)
(23, 1132)
(24, 455)
(25, 529)
(25, 967)
(25, 1334)
(25, 1494)
(26, 86)
(26, 137)
(26, 172)
(26, 550)
(26, 691)
(26, 792)
(26, 832)
(26, 1011)
(26, 1089)
(26, 1131)
(26, 1236)
(26, 1347)
(26, 1719)
(27, 643)
(27, 1031)
(27, 1400)
(28, 613)
(28, 1511)
(29, 936)
(30, 1374)
(31, 1883)
(32, 1277)
(32, 1589)
(33, 1587)
(34, 517)
(34, 519)
(34, 871)
(34, 1185)
(34, 1257)
(35, 485)
(35, 1587)
(36, 39)
(36, 125)
(36, 291)
(36, 921)
(36, 1825)
(37, 64)
(37, 167)
(38, 491)
(38, 1279)
(39, 184)
(39, 275)
(39, 1102)
(39, 1202)
(40, 129)
(40, 1753)
(41, 1854)
(42, 559)
(43, 314)
(43, 1308)
(43, 1740)
(44, 106)
(44, 119)
(44, 159)
(44, 273)
(44, 361)
(44, 372)
(44, 716)
(44, 745)
(44, 943)
(44, 947)
(44, 1191)
(44, 1192)
(44, 1198)
(44, 1503)
(44, 1508)
(44, 1584)
(44, 1861)
(45, 290)
(45, 1056)
(45, 1183)
(45, 1555)
(46, 153)
(46, 602)
(46, 712)
(46, 740)
(46, 1453)
(46, 1733)
(46, 1741)
(47, 1170)
(48, 260)
(48, 316)
(48, 368)
(48, 713)
(48, 908)
(48, 1234)
(48, 1271)
(48, 1396)
(48, 1398)
(48, 1491)
(48, 1494)
(48, 1552)
(48, 1640)
(48, 1776)
(49, 190)
(50, 214)
(50, 428)
(51, 270)
(52, 498)
(52, 1070)
(53, 54)
(55, 1472)
(56, 143)
(57, 91)
(57, 214)
(57, 349)
(57, 428)
(57, 458)
(57, 475)
(57, 486)
(57, 541)
(57, 687)
(57, 784)
(57, 1075)
(57, 1350)
(57, 1507)
(57, 1624)
(57, 1637)
(57, 1805)
(57, 1828)
(57, 1868)
(58, 1580)
(59, 80)
(59, 91)
(59, 92)
(59, 108)
(59, 158)
(59, 162)
(59, 210)
(59, 242)
(59, 245)
(59, 263)
(59, 299)
(59, 528)
(59, 560)
(59, 576)
(59, 577)
(59, 589)
(59, 655)
(59, 786)
(59, 794)
(59, 800)
(59, 818)
(59, 850)
(59, 852)
(59, 855)
(59, 898)
(59, 1027)
(59, 1278)
(59, 1287)
(59, 1314)
(59, 1344)
(59, 1357)
(59, 1461)
(59, 1507)
(59, 1562)
(59, 1609)
(59, 1621)
(59, 1624)
(59, 1625)
(59, 1633)
(59, 1635)
(59, 1647)
(59, 1691)
(59, 1697)
(59, 1700)
(59, 1703)
(59, 1754)
(60, 628)
(60, 729)
(60, 1353)
(60, 1611)
(61, 135)
(61, 221)
(61, 300)
(62, 149)
(62, 214)
(62, 428)
(62, 1799)
(62, 1801)
(63, 1167)
(64, 159)
(64, 241)
(64, 628)
(64, 747)
(64, 763)
(64, 1064)
(64, 1382)
(64, 1598)
(64, 1799)
(64, 1876)
(65, 870)
(66, 780)
(66, 918)
(66, 1704)
(67, 1178)
(68, 403)
(68, 585)
(68, 648)
(68, 811)
(68, 830)
(68, 1529)
(69, 555)
(69, 557)
(69, 558)
(69, 674)
(70, 201)
(71, 687)
(72, 275)
(73, 313)
(73, 701)
(73, 1061)
(74, 628)
(74, 1353)
(75, 519)
(75, 871)
(75, 1185)
(76, 90)
(76, 1369)
(77, 1027)
(78, 246)
(78, 521)
(78, 853)
(78, 886)
(78, 939)
(78, 1525)
(79, 194)
(79, 231)
(79, 467)
(79, 615)
(79, 1300)
(79, 1511)
(79, 1636)
(79, 1654)
(80, 560)
(80, 681)
(80, 1027)
(81, 955)
(82, 256)
(82, 378)
(82, 1558)
(83, 912)
(83, 1844)
(84, 788)
(84, 1119)
(85, 1359)
(87, 94)
(87, 199)
(87, 311)
(87, 756)
(87, 1155)
(88, 1187)
(89, 971)
(89, 1362)
(90, 127)
(90, 753)
(90, 1369)
(91, 355)
(91, 486)
(91, 560)
(91, 615)
(91, 620)
(91, 635)
(91, 691)
(91, 784)
(91, 792)
(91, 1103)
(91, 1201)
(91, 1624)
(91, 1756)
(92, 214)
(92, 409)
(92, 428)
(92, 560)
(92, 569)
(92, 585)
(92, 755)
(92, 863)
(92, 898)
(92, 935)
(92, 1027)
(92, 1113)
(92, 1614)
(92, 1729)
(92, 1805)
(93, 923)
(93, 1045)
(94, 199)
(94, 756)
(94, 853)
(94, 1133)
(94, 1298)
(95, 159)
(96, 295)
(97, 772)
(98, 1037)
(99, 1051)
(100, 455)
(101, 279)
(101, 1245)
(101, 1309)
(101, 1808)
(102, 159)
(102, 747)
(103, 462)
(104, 1653)
(105, 366)
(105, 1581)
(106, 159)
(106, 171)
(106, 175)
(106, 325)
(106, 358)
(106, 721)
(106, 722)
(106, 747)
(106, 841)
(106, 1384)
(107, 315)
(107, 472)
(107, 860)
(107, 1060)
(107, 1063)
(107, 1216)
(107, 1439)
(107, 1681)
(108, 560)
(108, 1536)
(109, 1183)
(109, 1555)
(110, 268)
(110, 682)
(111, 689)
(111, 1189)
(112, 952)
(112, 1397)
(113, 1822)
(114, 985)
(114, 1775)
(115, 923)
(115, 1045)
(116, 772)
(117, 174)
(117, 1379)
(117, 1387)
(118, 1753)
(119, 161)
(119, 239)
(119, 354)
(119, 415)
(119, 482)
(119, 650)
(119, 748)
(119, 821)
(119, 890)
(119, 935)
(119, 1024)
(119, 1027)
(119, 1136)
(119, 1241)
(119, 1469)
(119, 1549)
(119, 1567)
(119, 1705)
(119, 1721)
(119, 1805)
(120, 1389)
(121, 561)
(121, 698)
(122, 1529)
(123, 409)
(124, 1272)
(124, 1736)
(125, 1202)
(125, 1513)
(126, 256)
(126, 1334)
(128, 999)
(129, 1753)
(130, 988)
(130, 1816)
(131, 775)
(132, 311)
(132, 827)
(132, 1655)
(133, 1468)
(134, 363)
(135, 318)
(135, 1073)
(135, 1883)
(136, 354)
(136, 735)
(137, 213)
(137, 635)
(137, 750)
(137, 797)
(137, 1103)
(138, 563)
(138, 939)
(139, 502)
(139, 662)
(140, 895)
(141, 873)
(141, 1638)
(142, 308)
(142, 334)
(142, 636)
(142, 1651)
(144, 434)
(144, 1352)
(144, 1462)
(145, 618)
(145, 1283)
(145, 1753)
(146, 302)
(146, 476)
(146, 681)
(146, 1004)
(146, 1329)
(147, 329)
(147, 749)
(147, 751)
(147, 842)
(147, 1777)
(148, 1845)
(149, 214)
(149, 428)
(149, 515)
(149, 681)
(149, 691)
(149, 792)
(149, 1027)
(149, 1033)
(149, 1058)
(149, 1131)
(149, 1297)
(149, 1434)
(149, 1472)
(149, 1562)
(149, 1753)
(149, 1819)
(149, 1828)
(150, 482)
(150, 968)
(150, 1027)
(151, 305)
(151, 1137)
(151, 1388)
(152, 1800)
(154, 1029)
(155, 845)
(155, 1501)
(156, 1033)
(157, 311)
(158, 325)
(158, 398)
(158, 547)
(158, 560)
(158, 819)
(158, 898)
(158, 938)
(158, 1017)
(158, 1301)
(158, 1629)
(158, 1703)
(158, 1754)
(158, 1842)
(159, 171)
(159, 221)
(159, 300)
(159, 335)
(159, 358)
(159, 807)
(159, 933)
(159, 1111)
(159, 1116)
(159, 1142)
(159, 1300)
(159, 1310)
(159, 1436)
(159, 1478)
(159, 1503)
(159, 1598)
(159, 1599)
(159, 1654)
(159, 1799)
(159, 1861)
(160, 201)
(160, 815)
(160, 1553)
(160, 1580)
(160, 1844)
(161, 713)
(161, 1234)
(161, 1396)
(162, 325)
(162, 398)
(162, 547)
(162, 560)
(162, 819)
(162, 898)
(162, 938)
(162, 1017)
(162, 1301)
(162, 1629)
(162, 1703)
(162, 1754)
(162, 1842)
(163, 310)
(164, 1876)
(165, 494)
(165, 715)
(166, 395)
(166, 1824)
(167, 301)
(168, 1519)
(169, 256)
(170, 219)
(170, 421)
(171, 186)
(171, 187)
(171, 273)
(171, 361)
(171, 364)
(171, 455)
(171, 468)
(171, 586)
(171, 631)
(171, 665)
(171, 747)
(171, 765)
(171, 807)
(171, 947)
(171, 1146)
(171, 1187)
(171, 1259)
(171, 1300)
(171, 1323)
(171, 1382)
(171, 1521)
(171, 1654)
(171, 1861)
(172, 691)
(172, 792)
(172, 1011)
(172, 1769)
(173, 1529)
(173, 1657)
(174, 989)
(174, 1379)
(174, 1387)
(175, 1873)
(176, 497)
(176, 730)
(177, 749)
(177, 842)
(178, 883)
(178, 1180)
(179, 311)
(179, 881)
(180, 275)
(180, 523)
(181, 383)
(182, 1790)
(183, 1349)
(183, 1444)
(184, 527)
(185, 1112)
(186, 358)
(186, 407)
(186, 489)
(186, 490)
(186, 512)
(186, 813)
(186, 814)
(186, 816)
(186, 1453)
(186, 1474)
(186, 1793)
(187, 358)
(187, 407)
(187, 489)
(187, 490)
(187, 512)
(187, 813)
(187, 814)
(187, 816)
(187, 1453)
(187, 1474)
(187, 1793)
(188, 1295)
(189, 258)
(190, 1300)
(191, 1476)
(192, 1776)
(193, 551)
(193, 1020)
(193, 1591)
(194, 1477)
(195, 1792)
(196, 366)
(197, 1883)
(198, 254)
(198, 305)
(198, 308)
(198, 581)
(198, 621)
(198, 1137)
(198, 1540)
(198, 1651)
(199, 311)
(199, 756)
(199, 917)
(199, 1071)
(199, 1155)
(200, 1035)
(202, 1237)
(203, 243)
(203, 519)
(203, 687)
(203, 716)
(203, 738)
(203, 767)
(203, 871)
(203, 947)
(203, 1030)
(203, 1154)
(203, 1160)
(203, 1178)
(203, 1185)
(203, 1191)
(203, 1192)
(203, 1246)
(203, 1254)
(203, 1277)
(203, 1312)
(203, 1436)
(203, 1460)
(203, 1499)
(203, 1508)
(203, 1584)
(203, 1606)
(203, 1693)
(203, 1718)
(203, 1788)
(203, 1831)
(204, 1837)
(205, 1701)
(206, 338)
(206, 343)
(206, 359)
(206, 484)
(206, 525)
(206, 574)
(206, 654)
(206, 836)
(206, 1343)
(206, 1528)
(206, 1713)
(207, 434)
(207, 566)
(207, 1352)
(207, 1471)
(208, 1023)
(208, 1753)
(209, 256)
(209, 1334)
(210, 244)
(210, 263)
(210, 299)
(210, 367)
(210, 560)
(210, 1027)
(210, 1147)
(210, 1529)
(210, 1754)
(211, 634)
(212, 1880)
(213, 396)
(213, 1236)
(214, 244)
(214, 245)
(214, 277)
(214, 299)
(214, 320)
(214, 403)
(214, 428)
(214, 475)
(214, 494)
(214, 714)
(214, 769)
(214, 772)
(214, 811)
(214, 849)
(214, 938)
(214, 1027)
(214, 1365)
(214, 1529)
(214, 1624)
(214, 1635)
(214, 1877)
(215, 766)
(216, 400)
(217, 739)
(217, 804)
(217, 1493)
(217, 1614)
(217, 1707)
(218, 804)
(218, 1493)
(220, 393)
(221, 525)
(222, 728)
(223, 1071)
(224, 277)
(225, 1255)
(226, 681)
(226, 1255)
(226, 1329)
(226, 1491)
(226, 1640)
(227, 254)
(227, 308)
(228, 302)
(229, 1248)
(229, 1702)
(230, 940)
(230, 956)
(230, 1698)
(231, 1477)
(231, 1790)
(232, 441)
(232, 1361)
(233, 1350)
(233, 1868)
(234, 500)
(234, 799)
(234, 952)
(234, 1397)
(235, 1112)
(236, 325)
(236, 1280)
(236, 1454)
(237, 1278)
(237, 1647)
(237, 1842)
(238, 519)
(238, 871)
(238, 930)
(238, 1043)
(238, 1185)
(238, 1358)
(239, 311)
(239, 316)
(239, 713)
(240, 449)
(240, 830)
(240, 1027)
(240, 1288)
(240, 1480)
(242, 560)
(242, 855)
(242, 898)
(242, 1221)
(242, 1754)
(242, 1842)
(243, 687)
(244, 428)
(244, 528)
(244, 549)
(244, 640)
(244, 1829)
(244, 1841)
(244, 1882)
(245, 428)
(245, 560)
(245, 898)
(246, 431)
(246, 1346)
(247, 1575)
(248, 524)
(248, 555)
(248, 557)
(248, 558)
(249, 1851)
(250, 537)
(250, 947)
(250, 949)
(250, 1032)
(251, 403)
(251, 811)
(252, 411)
(253, 1357)
(254, 305)
(254, 308)
(254, 636)
(254, 1137)
(254, 1540)
(255, 565)
(256, 398)
(256, 482)
(256, 513)
(256, 551)
(256, 645)
(256, 718)
(256, 743)
(256, 795)
(256, 1020)
(256, 1114)
(256, 1153)
(256, 1296)
(256, 1518)
(256, 1527)
(256, 1862)
(258, 407)
(258, 489)
(258, 490)
(258, 510)
(258, 512)
(258, 816)
(258, 1453)
(258, 1709)
(259, 329)
(259, 749)
(259, 842)
(259, 1777)
(260, 316)
(260, 713)
(260, 908)
(260, 1234)
(260, 1262)
(260, 1271)
(260, 1396)
(260, 1398)
(260, 1494)
(260, 1552)
(260, 1640)
(260, 1847)
(261, 1380)
(262, 1615)
(263, 449)
(263, 528)
(263, 560)
(263, 898)
(263, 1288)
(263, 1461)
(263, 1480)
(263, 1625)
(263, 1691)
(263, 1697)
(263, 1842)
(264, 1204)
(264, 1769)
(265, 610)
(266, 455)
(266, 1887)
(267, 354)
(267, 464)
(267, 1678)
(267, 1805)
(268, 682)
(269, 296)
(269, 455)
(269, 482)
(269, 678)
(269, 902)
(269, 1252)
(269, 1538)
(269, 1819)
(270, 691)
(270, 792)
(271, 1166)
(272, 367)
(273, 358)
(273, 575)
(273, 1289)
(273, 1375)
(273, 1599)
(273, 1621)
(273, 1861)
(274, 893)
(274, 1447)
(274, 1815)
(275, 487)
(275, 942)
(275, 984)
(275, 1832)
(275, 1874)
(276, 479)
(276, 514)
(277, 428)
(277, 511)
(277, 1145)
(277, 1317)
(277, 1621)
(278, 311)
(278, 879)
(278, 1472)
(279, 386)
(279, 426)
(279, 1046)
(279, 1368)
(280, 685)
(280, 1734)
(281, 1401)
(282, 1587)
(283, 370)
(283, 809)
(284, 843)
(284, 1027)
(284, 1183)
(284, 1570)
(285, 1503)
(286, 1518)
(286, 1862)
(287, 728)
(288, 308)
(288, 1137)
(289, 1017)
(289, 1301)
(290, 1056)
(291, 1202)
(291, 1513)
(292, 306)
(293, 716)
(293, 1436)
(294, 1121)
(295, 1268)
(296, 325)
(296, 1402)
(297, 1747)
(298, 572)
(298, 668)
(299, 428)
(299, 528)
(299, 560)
(299, 1461)
(299, 1842)
(300, 525)
(302, 520)
(302, 1004)
(302, 1244)
(302, 1421)
(302, 1510)
(302, 1757)
(302, 1778)
(303, 1267)
(304, 342)
(304, 637)
(304, 830)
(304, 864)
(304, 962)
(304, 1205)
(304, 1652)
(304, 1753)
(304, 1839)
(305, 308)
(305, 1137)
(305, 1540)
(307, 761)
(308, 334)
(308, 581)
(308, 621)
(308, 636)
(308, 1067)
(308, 1137)
(308, 1540)
(308, 1651)
(309, 691)
(309, 792)
(309, 945)
(309, 1039)
(311, 603)
(311, 691)
(311, 710)
(311, 756)
(311, 779)
(311, 792)
(311, 827)
(311, 837)
(311, 881)
(311, 917)
(311, 1155)
(311, 1158)
(311, 1285)
(311, 1298)
(311, 1344)
(311, 1392)
(311, 1469)
(311, 1560)
(311, 1567)
(311, 1601)
(311, 1625)
(311, 1655)
(311, 1705)
(312, 365)
(314, 1443)
(316, 368)
(316, 1297)
(316, 1398)
(316, 1552)
(317, 349)
(317, 1075)
(318, 1573)
(318, 1795)
(319, 329)
(319, 749)
(319, 842)
(319, 1777)
(320, 428)
(320, 1099)
(321, 499)
(321, 835)
(321, 840)
(321, 993)
(321, 1112)
(322, 1132)
(323, 423)
(323, 446)
(323, 580)
(323, 594)
(323, 612)
(323, 616)
(323, 657)
(323, 846)
(323, 889)
(323, 1028)
(323, 1557)
(324, 1494)
(325, 381)
(325, 455)
(325, 551)
(325, 652)
(325, 678)
(325, 800)
(325, 833)
(325, 1020)
(325, 1027)
(325, 1095)
(325, 1152)
(325, 1240)
(325, 1246)
(325, 1300)
(325, 1463)
(325, 1499)
(325, 1538)
(325, 1695)
(325, 1804)
(326, 1603)
(327, 434)
(327, 1352)
(328, 1751)
(329, 706)
(329, 751)
(329, 1200)
(329, 1266)
(329, 1594)
(330, 595)
(330, 1574)
(331, 568)
(331, 767)
(332, 1119)
(333, 720)
(333, 1121)
(334, 581)
(334, 636)
(334, 1067)
(334, 1651)
(335, 933)
(335, 1030)
(335, 1111)
(335, 1116)
(335, 1254)
(336, 1717)
(337, 1300)
(338, 892)
(338, 1088)
(338, 1108)
(338, 1230)
(338, 1231)
(338, 1379)
(338, 1422)
(338, 1612)
(338, 1626)
(338, 1713)
(338, 1761)
(338, 1889)
(339, 564)
(340, 839)
(341, 1027)
(342, 637)
(342, 830)
(342, 864)
(342, 962)
(342, 1205)
(342, 1652)
(342, 1753)
(343, 892)
(343, 1088)
(343, 1108)
(343, 1230)
(343, 1231)
(343, 1379)
(343, 1422)
(343, 1612)
(343, 1626)
(343, 1713)
(343, 1761)
(343, 1889)
(344, 409)
(345, 1128)
(345, 1752)
(346, 1605)
(347, 576)
(348, 895)
(349, 486)
(349, 661)
(349, 718)
(349, 759)
(349, 1114)
(349, 1542)
(349, 1608)
(350, 1810)
(351, 647)
(351, 1686)
(351, 1753)
(352, 1133)
(353, 1219)
(354, 464)
(354, 1511)
(354, 1677)
(354, 1678)
(354, 1805)
(355, 615)
(355, 1201)
(355, 1507)
(355, 1624)
(355, 1637)
(356, 483)
(356, 503)
(356, 806)
(357, 1858)
(358, 361)
(358, 364)
(358, 455)
(358, 468)
(358, 586)
(358, 631)
(358, 665)
(358, 747)
(358, 765)
(358, 807)
(358, 947)
(358, 1146)
(358, 1187)
(358, 1259)
(358, 1300)
(358, 1323)
(358, 1382)
(358, 1521)
(358, 1654)
(358, 1861)
(359, 892)
(359, 1088)
(359, 1108)
(359, 1230)
(359, 1231)
(359, 1379)
(359, 1422)
(359, 1612)
(359, 1626)
(359, 1713)
(359, 1761)
(359, 1889)
(360, 761)
(360, 1338)
(361, 575)
(361, 1289)
(361, 1375)
(361, 1599)
(361, 1621)
(361, 1861)
(362, 1796)
(363, 912)
(363, 938)
(366, 1488)
(366, 1509)
(367, 528)
(367, 1686)
(368, 908)
(368, 1234)
(368, 1271)
(368, 1396)
(368, 1398)
(368, 1494)
(368, 1552)
(368, 1640)
(368, 1776)
(368, 1847)
(369, 1518)
(369, 1862)
(371, 1049)
(372, 933)
(372, 1050)
(372, 1116)
(372, 1312)
(373, 1474)
(374, 434)
(374, 687)
(374, 1352)
(375, 1278)
(375, 1647)
(376, 505)
(376, 1264)
(376, 1666)
(377, 862)
(377, 1300)
(378, 1527)
(379, 807)
(380, 747)
(380, 978)
(380, 1259)
(380, 1417)
(381, 517)
(381, 1228)
(381, 1497)
(381, 1624)
(381, 1828)
(382, 1529)
(382, 1686)
(383, 455)
(383, 627)
(383, 826)
(383, 902)
(383, 1538)
(383, 1608)
(383, 1641)
(383, 1738)
(383, 1887)
(384, 411)
(385, 1094)
(386, 1245)
(386, 1309)
(386, 1808)
(387, 627)
(388, 853)
(388, 1269)
(388, 1341)
(388, 1354)
(389, 1027)
(390, 1622)
(390, 1668)
(391, 1656)
(392, 986)
(393, 1082)
(394, 455)
(395, 522)
(395, 630)
(395, 752)
(395, 885)
(395, 1120)
(395, 1504)
(395, 1798)
(395, 1860)
(396, 784)
(397, 399)
(397, 804)
(397, 1493)
(397, 1707)
(397, 1749)
(398, 609)
(398, 681)
(398, 800)
(398, 938)
(399, 739)
(399, 804)
(399, 1614)
(399, 1707)
(399, 1749)
(401, 496)
(401, 817)
(402, 777)
(403, 428)
(403, 830)
(403, 922)
(403, 1027)
(403, 1278)
(403, 1302)
(403, 1411)
(403, 1624)
(403, 1647)
(404, 749)
(404, 842)
(405, 1350)
(405, 1868)
(406, 1194)
(408, 1079)
(409, 1164)
(409, 1266)
(409, 1635)
(410, 1607)
(412, 1127)
(413, 979)
(414, 1048)
(415, 635)
(415, 834)
(415, 1103)
(416, 824)
(417, 449)
(417, 1288)
(417, 1480)
(418, 1392)
(418, 1755)
(419, 682)
(419, 1135)
(420, 878)
(420, 1723)
(421, 458)
(422, 1546)
(423, 446)
(423, 594)
(423, 657)
(424, 541)
(425, 435)
(425, 980)
(425, 1038)
(425, 1337)
(425, 1639)
(427, 893)
(428, 475)
(428, 494)
(428, 714)
(428, 769)
(428, 772)
(428, 811)
(428, 849)
(428, 938)
(428, 1027)
(428, 1365)
(428, 1529)
(428, 1624)
(428, 1635)
(428, 1877)
(429, 1021)
(430, 584)
(430, 958)
(431, 886)
(432, 745)
(432, 994)
(432, 1198)
(432, 1711)
(433, 538)
(434, 478)
(434, 575)
(434, 692)
(434, 1040)
(434, 1152)
(434, 1154)
(434, 1196)
(434, 1289)
(434, 1375)
(434, 1404)
(434, 1435)
(434, 1452)
(434, 1459)
(434, 1490)
(434, 1496)
(434, 1670)
(434, 1672)
(435, 980)
(435, 1337)
(435, 1639)
(435, 1728)
(435, 1833)
(436, 656)
(436, 686)
(436, 1261)
(437, 1239)
(437, 1566)
(438, 1765)
(439, 774)
(439, 1027)
(440, 1126)
(440, 1519)
(440, 1546)
(442, 483)
(442, 806)
(444, 493)
(444, 555)
(444, 557)
(444, 558)
(444, 687)
(444, 862)
(444, 1300)
(444, 1322)
(444, 1350)
(444, 1523)
(444, 1572)
(444, 1868)
(444, 1879)
(445, 1680)
(446, 616)
(447, 1270)
(448, 915)
(448, 1573)
(449, 456)
(449, 582)
(449, 982)
(450, 1193)
(451, 1025)
(452, 1117)
(453, 877)
(453, 1508)
(454, 1300)
(455, 551)
(455, 687)
(455, 819)
(455, 834)
(455, 1020)
(455, 1049)
(455, 1284)
(455, 1350)
(455, 1402)
(455, 1413)
(455, 1452)
(455, 1459)
(455, 1518)
(455, 1538)
(455, 1650)
(455, 1665)
(455, 1758)
(455, 1809)
(455, 1828)
(455, 1862)
(455, 1868)
(456, 582)
(456, 982)
(456, 1288)
(456, 1480)
(457, 661)
(457, 856)
(457, 1134)
(457, 1878)
(458, 1027)
(458, 1292)
(458, 1345)
(459, 585)
(459, 620)
(459, 1466)
(459, 1529)
(460, 1333)
(460, 1524)
(461, 1851)
(462, 1193)
(462, 1452)
(462, 1459)
(463, 983)
(464, 1678)
(464, 1710)
(464, 1805)
(465, 1121)
(466, 486)
(466, 661)
(466, 1049)
(466, 1538)
(466, 1878)
(467, 1477)
(468, 533)
(468, 747)
(468, 764)
(469, 1197)
(470, 1208)
(471, 1039)
(471, 1214)
(472, 1060)
(473, 589)
(473, 1700)
(474, 736)
(474, 948)
(474, 1514)
(474, 1586)
(475, 486)
(475, 691)
(475, 792)
(475, 937)
(475, 1075)
(475, 1173)
(475, 1419)
(475, 1472)
(475, 1822)
(476, 588)
(476, 681)
(476, 1004)
(476, 1329)
(476, 1610)
(476, 1812)
(477, 849)
(477, 956)
(477, 1624)
(478, 661)
(478, 1352)
(479, 536)
(479, 1512)
(480, 554)
(481, 1101)
(482, 860)
(482, 991)
(482, 1047)
(482, 1136)
(482, 1402)
(483, 700)
(483, 1349)
(483, 1444)
(484, 892)
(484, 1088)
(484, 1108)
(484, 1230)
(484, 1231)
(484, 1379)
(484, 1422)
(484, 1612)
(484, 1626)
(484, 1713)
(484, 1761)
(484, 1889)
(485, 813)
(485, 1176)
(486, 687)
(486, 784)
(486, 1075)
(486, 1246)
(486, 1350)
(486, 1382)
(486, 1499)
(486, 1507)
(486, 1624)
(486, 1637)
(486, 1868)
(488, 1541)
(491, 798)
(491, 1279)
(492, 1177)
(492, 1485)
(492, 1832)
(493, 519)
(493, 666)
(493, 691)
(493, 792)
(493, 862)
(493, 868)
(493, 871)
(493, 1185)
(493, 1313)
(493, 1322)
(493, 1358)
(494, 847)
(494, 1125)
(494, 1249)
(495, 1600)
(495, 1664)
(497, 730)
(497, 1054)
(497, 1092)
(497, 1457)
(498, 1070)
(500, 629)
(500, 1779)
(500, 1885)
(501, 1679)
(502, 662)
(504, 1781)
(505, 1264)
(505, 1666)
(506, 1400)
(506, 1549)
(506, 1614)
(507, 810)
(507, 1008)
(507, 1088)
(507, 1108)
(507, 1761)
(508, 1492)
(509, 838)
(513, 1518)
(513, 1695)
(513, 1862)
(514, 848)
(514, 954)
(515, 1248)
(515, 1702)
(516, 1144)
(517, 1016)
(518, 911)
(518, 1549)
(518, 1725)
(519, 680)
(519, 744)
(519, 873)
(519, 890)
(519, 959)
(519, 1311)
(519, 1495)
(519, 1742)
(520, 704)
(521, 1051)
(522, 630)
(522, 752)
(522, 1120)
(522, 1504)
(522, 1798)
(522, 1860)
(525, 1422)
(525, 1612)
(526, 1175)
(526, 1293)
(528, 560)
(528, 1027)
(528, 1147)
(528, 1529)
(528, 1754)
(529, 1121)
(529, 1592)
(530, 815)
(530, 1094)
(531, 1323)
(532, 539)
(533, 1521)
(534, 1689)
(535, 1324)
(535, 1511)
(536, 1094)
(536, 1186)
(538, 1219)
(538, 1692)
(538, 1759)
(538, 1798)
(539, 944)
(539, 1336)
(539, 1356)
(540, 1091)
(542, 1450)
(543, 1394)
(544, 1565)
(546, 798)
(547, 609)
(547, 800)
(548, 677)
(548, 853)
(548, 1769)
(551, 819)
(551, 834)
(551, 935)
(551, 968)
(551, 1047)
(551, 1225)
(552, 1022)
(553, 749)
(553, 842)
(555, 669)
(555, 708)
(555, 828)
(555, 1041)
(555, 1084)
(555, 1187)
(555, 1253)
(555, 1300)
(555, 1391)
(555, 1472)
(555, 1474)
(555, 1506)
(555, 1874)
(556, 1068)
(556, 1172)
(556, 1304)
(557, 669)
(557, 708)
(557, 828)
(557, 1041)
(557, 1084)
(557, 1187)
(557, 1253)
(557, 1300)
(557, 1391)
(557, 1472)
(557, 1474)
(557, 1506)
(557, 1874)
(558, 669)
(558, 708)
(558, 828)
(558, 1041)
(558, 1084)
(558, 1187)
(558, 1253)
(558, 1300)
(558, 1391)
(558, 1472)
(558, 1474)
(558, 1506)
(558, 1874)
(559, 1614)
(560, 576)
(560, 577)
(560, 589)
(560, 655)
(560, 786)
(560, 794)
(560, 800)
(560, 818)
(560, 850)
(560, 852)
(560, 855)
(560, 898)
(560, 1027)
(560, 1278)
(560, 1287)
(560, 1314)
(560, 1344)
(560, 1357)
(560, 1461)
(560, 1507)
(560, 1562)
(560, 1609)
(560, 1621)
(560, 1624)
(560, 1625)
(560, 1633)
(560, 1635)
(560, 1647)
(560, 1691)
(560, 1697)
(560, 1700)
(560, 1703)
(560, 1754)
(562, 594)
(564, 968)
(566, 575)
(566, 692)
(566, 1105)
(566, 1289)
(566, 1375)
(566, 1435)
(566, 1452)
(566, 1459)
(566, 1490)
(566, 1593)
(567, 708)
(567, 1332)
(568, 1254)
(568, 1416)
(568, 1429)
(569, 776)
(569, 1350)
(569, 1355)
(569, 1635)
(569, 1780)
(569, 1868)
(570, 1039)
(571, 763)
(571, 765)
(571, 987)
(573, 1049)
(574, 892)
(574, 1088)
(574, 1108)
(574, 1230)
(574, 1231)
(574, 1379)
(574, 1422)
(574, 1612)
(574, 1626)
(574, 1713)
(574, 1761)
(574, 1889)
(575, 833)
(575, 834)
(575, 949)
(575, 1352)
(575, 1471)
(575, 1561)
(575, 1665)
(576, 1081)
(576, 1590)
(576, 1700)
(577, 1027)
(578, 1406)
(579, 1554)
(580, 657)
(581, 636)
(581, 1651)
(582, 643)
(582, 1031)
(582, 1288)
(582, 1433)
(582, 1480)
(582, 1762)
(583, 681)
(583, 1629)
(584, 946)
(584, 958)
(585, 620)
(585, 648)
(585, 906)
(585, 913)
(585, 1466)
(585, 1635)
(585, 1774)
(587, 1673)
(588, 681)
(588, 1812)
(589, 1700)
(590, 1684)
(590, 1838)
(591, 1107)
(591, 1222)
(591, 1767)
(592, 784)
(592, 1334)
(592, 1516)
(592, 1518)
(592, 1862)
(593, 975)
(594, 612)
(594, 846)
(594, 889)
(594, 1557)
(594, 1614)
(597, 992)
(598, 1278)
(598, 1647)
(599, 1224)
(599, 1623)
(599, 1726)
(600, 1766)
(601, 923)
(601, 1045)
(601, 1281)
(602, 1386)
(604, 1071)
(604, 1334)
(604, 1624)
(604, 1773)
(605, 1112)
(606, 749)
(606, 842)
(607, 1801)
(608, 786)
(608, 818)
(608, 979)
(608, 1412)
(609, 938)
(609, 1561)
(611, 1518)
(611, 1862)
(612, 657)
(612, 846)
(613, 851)
(613, 963)
(613, 1232)
(614, 1567)
(615, 784)
(615, 1044)
(615, 1174)
(615, 1477)
(615, 1507)
(615, 1624)
(616, 846)
(616, 933)
(616, 1116)
(617, 1061)
(617, 1168)
(617, 1834)
(618, 1283)
(619, 1799)
(620, 648)
(620, 894)
(620, 906)
(620, 913)
(620, 1074)
(620, 1263)
(620, 1466)
(620, 1507)
(620, 1744)
(620, 1786)
(621, 1137)
(622, 1716)
(623, 875)
(624, 1723)
(625, 1075)
(625, 1112)
(626, 691)
(626, 792)
(626, 1184)
(626, 1259)
(628, 729)
(628, 747)
(628, 1353)
(628, 1409)
(628, 1430)
(628, 1526)
(628, 1611)
(629, 854)
(630, 752)
(630, 1120)
(630, 1504)
(630, 1798)
(630, 1860)
(631, 1382)
(631, 1449)
(632, 1051)
(633, 1442)
(633, 1503)
(635, 784)
(635, 843)
(635, 1236)
(635, 1408)
(635, 1484)
(635, 1507)
(636, 1067)
(636, 1651)
(637, 830)
(637, 837)
(637, 864)
(637, 962)
(637, 1205)
(637, 1652)
(637, 1753)
(638, 1104)
(638, 1479)
(638, 1726)
(639, 1068)
(641, 1883)
(642, 1026)
(642, 1796)
(643, 982)
(643, 1562)
(644, 1132)
(645, 1518)
(645, 1862)
(646, 1508)
(647, 1753)
(648, 1027)
(648, 1466)
(648, 1529)
(648, 1756)
(649, 687)
(649, 919)
(649, 1057)
(649, 1259)
(649, 1300)
(650, 713)
(650, 1398)
(651, 1150)
(651, 1292)
(652, 1452)
(652, 1459)
(652, 1490)
(653, 1723)
(654, 892)
(654, 1088)
(654, 1108)
(654, 1230)
(654, 1231)
(654, 1379)
(654, 1422)
(654, 1612)
(654, 1626)
(654, 1713)
(654, 1761)
(654, 1889)
(657, 846)
(658, 1392)
(658, 1755)
(659, 1381)
(660, 1115)
(660, 1391)
(661, 663)
(661, 1095)
(661, 1608)
(661, 1871)
(664, 720)
(665, 788)
(665, 1279)
(665, 1654)
(666, 691)
(666, 792)
(666, 1660)
(667, 1461)
(669, 708)
(669, 1277)
(670, 1748)
(671, 746)
(672, 1174)
(673, 693)
(674, 1065)
(674, 1243)
(675, 702)
(675, 802)
(675, 1427)
(676, 696)
(677, 853)
(677, 857)
(677, 1133)
(677, 1817)
(678, 1402)
(679, 810)
(679, 1008)
(679, 1088)
(679, 1108)
(679, 1761)
(680, 871)
(680, 1185)
(681, 695)
(681, 786)
(681, 818)
(681, 1027)
(681, 1255)
(681, 1329)
(681, 1428)
(681, 1550)
(681, 1562)
(681, 1610)
(681, 1788)
(681, 1830)
(682, 750)
(682, 784)
(682, 1135)
(682, 1472)
(682, 1613)
(683, 1315)
(684, 707)
(684, 1123)
(687, 689)
(687, 716)
(687, 738)
(687, 769)
(687, 808)
(687, 947)
(687, 1189)
(687, 1191)
(687, 1246)
(687, 1256)
(687, 1259)
(687, 1300)
(687, 1310)
(687, 1320)
(687, 1322)
(687, 1342)
(687, 1436)
(687, 1499)
(687, 1508)
(687, 1799)
(687, 1867)
(688, 1360)
(689, 1670)
(689, 1806)
(690, 1109)
(690, 1723)
(690, 1857)
(691, 784)
(691, 859)
(691, 1027)
(691, 1075)
(691, 1131)
(691, 1240)
(691, 1300)
(691, 1347)
(691, 1507)
(691, 1529)
(691, 1624)
(691, 1822)
(691, 1869)
(691, 1875)
(692, 1352)
(692, 1471)
(694, 1717)
(695, 1027)
(695, 1329)
(695, 1544)
(697, 1203)
(699, 981)
(700, 806)
(700, 1789)
(701, 1174)
(704, 1004)
(704, 1757)
(706, 749)
(706, 751)
(706, 842)
(706, 1777)
(707, 1123)
(708, 1277)
(708, 1332)
(709, 1807)
(711, 1335)
(712, 1386)
(713, 837)
(713, 935)
(713, 1066)
(713, 1136)
(713, 1241)
(713, 1549)
(713, 1569)
(713, 1597)
(714, 768)
(714, 888)
(714, 1096)
(714, 1614)
(714, 1624)
(714, 1753)
(715, 1125)
(716, 947)
(716, 1190)
(716, 1259)
(716, 1291)
(716, 1436)
(716, 1799)
(717, 1129)
(718, 1062)
(718, 1095)
(718, 1105)
(719, 1723)
(721, 722)
(723, 974)
(723, 1073)
(723, 1318)
(723, 1573)
(723, 1795)
(723, 1883)
(724, 1863)
(725, 1316)
(725, 1826)
(726, 1302)
(727, 1336)
(727, 1356)
(729, 1353)
(729, 1855)
(730, 1054)
(731, 1077)
(732, 1109)
(732, 1723)
(733, 1017)
(733, 1301)
(734, 1273)
(735, 1330)
(736, 1039)
(737, 1644)
(738, 1131)
(738, 1563)
(738, 1696)
(738, 1876)
(739, 804)
(739, 1493)
(739, 1614)
(739, 1707)
(739, 1749)
(740, 1386)
(741, 1350)
(741, 1868)
(742, 745)
(742, 1198)
(743, 1608)
(744, 871)
(744, 1185)
(744, 1350)
(744, 1868)
(745, 1609)
(746, 933)
(746, 1116)
(747, 947)
(747, 1131)
(747, 1142)
(747, 1294)
(747, 1300)
(747, 1310)
(747, 1342)
(747, 1382)
(747, 1478)
(747, 1520)
(747, 1521)
(747, 1654)
(747, 1831)
(747, 1861)
(749, 751)
(749, 1165)
(749, 1200)
(749, 1266)
(749, 1399)
(749, 1594)
(749, 1624)
(749, 1777)
(749, 1828)
(750, 1135)
(750, 1236)
(750, 1722)
(751, 842)
(751, 1266)
(751, 1777)
(752, 1120)
(752, 1504)
(752, 1798)
(752, 1860)
(753, 1369)
(754, 907)
(754, 1253)
(754, 1506)
(755, 1635)
(756, 917)
(756, 1155)
(756, 1298)
(757, 927)
(757, 1551)
(757, 1578)
(757, 1682)
(757, 1723)
(758, 1486)
(760, 1600)
(761, 1027)
(761, 1235)
(762, 1363)
(763, 765)
(763, 882)
(763, 987)
(765, 882)
(765, 987)
(765, 988)
(765, 1535)
(766, 853)
(766, 985)
(766, 1027)
(766, 1491)
(766, 1776)
(767, 933)
(767, 1116)
(767, 1416)
(768, 888)
(768, 911)
(768, 1096)
(768, 1283)
(768, 1753)
(769, 1521)
(769, 1837)
(770, 1727)
(771, 1327)
(773, 829)
(777, 793)
(777, 1255)
(778, 1027)
(779, 1027)
(779, 1157)
(780, 1828)
(781, 861)
(781, 1210)
(782, 1646)
(783, 846)
(784, 792)
(784, 933)
(784, 1005)
(784, 1103)
(784, 1116)
(784, 1367)
(784, 1472)
(784, 1507)
(784, 1624)
(785, 1306)
(787, 1171)
(787, 1547)
(788, 1119)
(788, 1799)
(789, 939)
(790, 905)
(790, 1055)
(791, 1520)
(791, 1752)
(792, 859)
(792, 1027)
(792, 1075)
(792, 1131)
(792, 1240)
(792, 1300)
(792, 1347)
(792, 1507)
(792, 1529)
(792, 1624)
(792, 1822)
(792, 1869)
(792, 1875)
(796, 1517)
(797, 1027)
(797, 1089)
(797, 1236)
(797, 1617)
(799, 952)
(799, 1397)
(799, 1885)
(800, 819)
(800, 898)
(800, 938)
(800, 1017)
(800, 1301)
(800, 1629)
(800, 1703)
(800, 1754)
(800, 1842)
(801, 975)
(801, 1027)
(801, 1730)
(803, 1525)
(803, 1776)
(804, 1493)
(804, 1614)
(804, 1707)
(804, 1749)
(805, 1415)
(806, 1349)
(806, 1444)
(807, 1676)
(809, 1328)
(810, 1088)
(810, 1108)
(810, 1213)
(810, 1761)
(811, 830)
(811, 922)
(811, 1027)
(811, 1278)
(811, 1302)
(811, 1411)
(811, 1624)
(811, 1647)
(812, 934)
(812, 1609)
(815, 848)
(815, 954)
(815, 1053)
(815, 1094)
(815, 1186)
(815, 1875)
(817, 1073)
(819, 1020)
(819, 1131)
(819, 1382)
(819, 1576)
(819, 1819)
(820, 827)
(821, 860)
(822, 1036)
(823, 920)
(825, 1449)
(827, 1655)
(830, 864)
(830, 962)
(830, 1205)
(830, 1652)
(830, 1753)
(831, 1828)
(832, 947)
(833, 1289)
(833, 1375)
(833, 1804)
(834, 1020)
(834, 1131)
(834, 1289)
(834, 1375)
(834, 1538)
(836, 892)
(836, 1088)
(836, 1108)
(836, 1230)
(836, 1231)
(836, 1379)
(836, 1422)
(836, 1612)
(836, 1626)
(836, 1713)
(836, 1761)
(836, 1889)
(837, 1392)
(837, 1755)
(837, 1842)
(838, 1265)
(840, 1112)
(841, 1384)
(842, 1165)
(842, 1200)
(842, 1266)
(842, 1399)
(842, 1594)
(842, 1624)
(842, 1777)
(842, 1828)
(843, 897)
(843, 916)
(843, 1103)
(843, 1140)
(843, 1183)
(843, 1218)
(843, 1227)
(843, 1408)
(843, 1570)
(843, 1628)
(843, 1642)
(843, 1681)
(843, 1846)
(843, 1870)
(844, 882)
(846, 889)
(846, 1027)
(848, 1186)
(849, 940)
(849, 956)
(849, 1432)
(851, 1511)
(853, 857)
(853, 968)
(853, 1027)
(853, 1047)
(853, 1097)
(853, 1285)
(853, 1305)
(853, 1319)
(853, 1799)
(853, 1837)
(854, 1779)
(855, 1842)
(857, 1776)
(857, 1817)
(858, 1435)
(860, 991)
(860, 1027)
(860, 1614)
(861, 1466)
(862, 868)
(862, 1300)
(862, 1313)
(862, 1322)
(862, 1585)
(863, 898)
(863, 1027)
(863, 1113)
(863, 1635)
(864, 962)
(864, 1027)
(864, 1205)
(864, 1370)
(864, 1652)
(864, 1753)
(864, 1785)
(864, 1820)
(865, 1243)
(866, 1423)
(867, 1027)
(869, 1713)
(870, 1331)
(871, 873)
(871, 890)
(871, 959)
(871, 1311)
(871, 1495)
(871, 1742)
(872, 1300)
(873, 1185)
(873, 1638)
(874, 1090)
(874, 1732)
(876, 1620)
(877, 997)
(877, 1551)
(877, 1723)
(878, 1723)
(880, 1624)
(881, 968)
(881, 1775)
(884, 960)
(886, 1346)
(887, 1616)
(888, 911)
(888, 962)
(888, 1096)
(888, 1614)
(888, 1753)
(890, 1185)
(891, 1618)
(892, 1343)
(892, 1528)
(892, 1713)
(892, 1848)
(893, 1052)
(893, 1112)
(893, 1191)
(893, 1351)
(893, 1447)
(893, 1788)
(893, 1822)
(896, 1762)
(897, 1408)
(898, 1002)
(898, 1027)
(898, 1357)
(898, 1625)
(898, 1635)
(898, 1691)
(898, 1697)
(898, 1703)
(898, 1729)
(898, 1754)
(899, 902)
(900, 1027)
(900, 1300)
(901, 1274)
(902, 905)
(902, 1049)
(902, 1248)
(902, 1402)
(902, 1413)
(902, 1702)
(903, 1888)
(905, 1055)
(906, 1466)
(906, 1529)
(907, 1253)
(908, 1297)
(908, 1398)
(908, 1494)
(908, 1552)
(908, 1640)
(908, 1847)
(909, 1518)
(909, 1862)
(910, 1027)
(911, 1027)
(911, 1548)
(911, 1549)
(911, 1569)
(911, 1601)
(911, 1627)
(911, 1725)
(912, 1003)
(912, 1844)
(914, 1727)
(915, 1573)
(917, 1298)
(918, 1828)
(920, 1219)
(920, 1328)
(921, 1202)
(923, 1489)
(923, 1511)
(923, 1577)
(923, 1696)
(924, 1452)
(924, 1459)
(925, 1514)
(926, 1377)
(927, 1551)
(927, 1717)
(928, 1713)
(929, 1108)
(929, 1713)
(929, 1761)
(930, 1039)
(931, 933)
(931, 1116)
(932, 940)
(933, 1034)
(933, 1064)
(933, 1087)
(933, 1111)
(933, 1192)
(933, 1246)
(933, 1312)
(933, 1350)
(933, 1474)
(933, 1499)
(933, 1503)
(933, 1508)
(933, 1518)
(933, 1572)
(933, 1641)
(933, 1718)
(933, 1799)
(933, 1862)
(933, 1868)
(935, 970)
(935, 1020)
(935, 1132)
(935, 1140)
(935, 1635)
(937, 1173)
(939, 1007)
(940, 956)
(941, 1518)
(941, 1862)
(943, 1503)
(943, 1648)
(943, 1649)
(946, 966)
(946, 1027)
(946, 1624)
(947, 1027)
(947, 1291)
(947, 1300)
(947, 1503)
(948, 1039)
(948, 1228)
(948, 1336)
(948, 1356)
(949, 1289)
(949, 1375)
(950, 1582)
(951, 1518)
(951, 1862)
(952, 1885)
(953, 1720)
(954, 1186)
(957, 1400)
(958, 1027)
(959, 1185)
(961, 1143)
(962, 1205)
(962, 1652)
(962, 1753)
(964, 1481)
(965, 1614)
(967, 1592)
(968, 991)
(968, 1020)
(968, 1027)
(969, 1027)
(970, 1183)
(970, 1555)
(972, 1511)
(973, 1653)
(973, 1669)
(976, 1242)
(977, 1472)
(978, 1417)
(980, 1337)
(980, 1728)
(982, 1031)
(982, 1288)
(982, 1433)
(982, 1480)
(982, 1762)
(983, 1207)
(985, 1483)
(985, 1775)
(988, 1816)
(989, 1379)
(989, 1387)
(990, 1525)
(990, 1776)
(990, 1817)
(991, 1136)
(992, 1653)
(993, 1075)
(995, 1102)
(996, 1061)
(996, 1168)
(996, 1708)
(996, 1834)
(997, 1723)
(998, 1180)
(1000, 1071)
(1000, 1334)
(1000, 1624)
(1000, 1773)
(1001, 1664)
(1003, 1336)
(1003, 1356)
(1004, 1757)
(1004, 1778)
(1004, 1884)
(1005, 1334)
(1005, 1516)
(1005, 1518)
(1005, 1862)
(1006, 1828)
(1008, 1088)
(1008, 1108)
(1008, 1213)
(1008, 1761)
(1009, 1084)
(1010, 1713)
(1011, 1347)
(1012, 1832)
(1013, 1307)
(1014, 1278)
(1014, 1647)
(1015, 1173)
(1017, 1696)
(1017, 1809)
(1018, 1712)
(1019, 1394)
(1020, 1047)
(1020, 1225)
(1024, 1828)
(1026, 1807)
(1027, 1033)
(1027, 1047)
(1027, 1076)
(1027, 1132)
(1027, 1133)
(1027, 1148)
(1027, 1157)
(1027, 1209)
(1027, 1226)
(1027, 1227)
(1027, 1255)
(1027, 1285)
(1027, 1292)
(1027, 1297)
(1027, 1329)
(1027, 1338)
(1027, 1350)
(1027, 1400)
(1027, 1472)
(1027, 1485)
(1027, 1491)
(1027, 1518)
(1027, 1549)
(1027, 1555)
(1027, 1562)
(1027, 1608)
(1027, 1625)
(1027, 1635)
(1027, 1662)
(1027, 1683)
(1027, 1729)
(1027, 1753)
(1027, 1769)
(1027, 1799)
(1027, 1819)
(1027, 1830)
(1027, 1837)
(1027, 1862)
(1027, 1866)
(1027, 1868)
(1029, 1124)
(1030, 1460)
(1031, 1562)
(1032, 1452)
(1032, 1459)
(1034, 1111)
(1034, 1116)
(1038, 1337)
(1038, 1728)
(1039, 1043)
(1039, 1141)
(1039, 1514)
(1039, 1586)
(1040, 1352)
(1042, 1083)
(1042, 1556)
(1045, 1489)
(1045, 1511)
(1045, 1577)
(1045, 1696)
(1047, 1133)
(1047, 1408)
(1047, 1609)
(1047, 1819)
(1047, 1837)
(1049, 1518)
(1049, 1538)
(1049, 1862)
(1051, 1138)
(1051, 1745)
(1052, 1782)
(1053, 1094)
(1056, 1183)
(1056, 1555)
(1057, 1595)
(1058, 1110)
(1058, 1203)
(1058, 1275)
(1058, 1467)
(1058, 1600)
(1058, 1664)
(1058, 1706)
(1058, 1823)
(1058, 1827)
(1059, 1519)
(1060, 1063)
(1060, 1072)
(1060, 1216)
(1060, 1681)
(1061, 1661)
(1061, 1768)
(1062, 1114)
(1064, 1102)
(1064, 1116)
(1064, 1598)
(1069, 1070)
(1073, 1735)
(1074, 1466)
(1075, 1112)
(1078, 1803)
(1079, 1182)
(1080, 1465)
(1083, 1556)
(1085, 1174)
(1085, 1350)
(1085, 1617)
(1085, 1715)
(1085, 1868)
(1086, 1559)
(1086, 1595)
(1087, 1116)
(1088, 1108)
(1088, 1213)
(1088, 1343)
(1088, 1528)
(1088, 1713)
(1088, 1760)
(1088, 1761)
(1093, 1101)
(1094, 1512)
(1095, 1100)
(1095, 1114)
(1095, 1157)
(1095, 1562)
(1096, 1614)
(1098, 1417)
(1102, 1832)
(1103, 1236)
(1103, 1408)
(1103, 1484)
(1103, 1507)
(1105, 1114)
(1105, 1436)
(1105, 1469)
(1105, 1471)
(1105, 1567)
(1105, 1705)
(1105, 1878)
(1106, 1332)
(1108, 1213)
(1108, 1230)
(1108, 1231)
(1108, 1343)
(1108, 1528)
(1108, 1713)
(1108, 1889)
(1109, 1723)
(1111, 1116)
(1111, 1160)
(1111, 1456)
(1111, 1718)
(1113, 1635)
(1113, 1729)
(1115, 1391)
(1116, 1192)
(1116, 1246)
(1116, 1312)
(1116, 1350)
(1116, 1474)
(1116, 1499)
(1116, 1503)
(1116, 1508)
(1116, 1518)
(1116, 1572)
(1116, 1641)
(1116, 1718)
(1116, 1799)
(1116, 1862)
(1116, 1868)
(1118, 1754)
(1119, 1533)
(1120, 1504)
(1120, 1798)
(1120, 1860)
(1121, 1141)
(1121, 1414)
(1121, 1424)
(1121, 1564)
(1121, 1743)
(1122, 1333)
(1122, 1524)
(1123, 1193)
(1123, 1423)
(1123, 1580)
(1126, 1546)
(1128, 1694)
(1130, 1568)
(1131, 1259)
(1131, 1382)
(1131, 1573)
(1131, 1671)
(1131, 1836)
(1132, 1322)
(1132, 1828)
(1134, 1576)
(1136, 1439)
(1136, 1469)
(1137, 1388)
(1139, 1766)
(1140, 1408)
(1140, 1529)
(1147, 1314)
(1147, 1588)
(1149, 1573)
(1151, 1816)
(1152, 1352)
(1153, 1423)
(1154, 1300)
(1154, 1352)
(1154, 1806)
(1155, 1298)
(1156, 1821)
(1156, 1890)
(1158, 1285)
(1159, 1580)
(1160, 1503)
(1161, 1286)
(1161, 1408)
(1161, 1445)
(1161, 1555)
(1162, 1541)
(1163, 1881)
(1168, 1661)
(1169, 1234)
(1169, 1297)
(1171, 1259)
(1171, 1475)
(1174, 1619)
(1176, 1587)
(1176, 1624)
(1178, 1282)
(1178, 1334)
(1178, 1518)
(1178, 1690)
(1178, 1862)
(1179, 1822)
(1181, 1745)
(1183, 1227)
(1183, 1408)
(1183, 1437)
(1183, 1555)
(1183, 1570)
(1185, 1311)
(1185, 1495)
(1185, 1742)
(1186, 1512)
(1188, 1609)
(1189, 1670)
(1189, 1806)
(1191, 1224)
(1191, 1367)
(1191, 1788)
(1192, 1718)
(1195, 1503)
(1195, 1584)
(1196, 1352)
(1198, 1609)
(1199, 1546)
(1200, 1777)
(1201, 1507)
(1202, 1825)
(1203, 1600)
(1203, 1706)
(1205, 1652)
(1205, 1753)
(1206, 1687)
(1207, 1524)
(1209, 1614)
(1211, 1532)
(1212, 1658)
(1213, 1761)
(1215, 1475)
(1215, 1596)
(1215, 1853)
(1216, 1439)
(1217, 1465)
(1220, 1455)
(1223, 1614)
(1223, 1723)
(1225, 1591)
(1227, 1570)
(1228, 1246)
(1228, 1499)
(1228, 1586)
(1228, 1719)
(1228, 1828)
(1229, 1417)
(1230, 1343)
(1230, 1528)
(1230, 1713)
(1230, 1761)
(1231, 1343)
(1231, 1528)
(1231, 1713)
(1231, 1761)
(1232, 1511)
(1233, 1400)
(1234, 1396)
(1234, 1398)
(1234, 1491)
(1234, 1552)
(1238, 1425)
(1240, 1246)
(1240, 1499)
(1245, 1325)
(1245, 1337)
(1246, 1382)
(1246, 1654)
(1246, 1665)
(1247, 1861)
(1248, 1609)
(1250, 1300)
(1251, 1464)
(1251, 1631)
(1251, 1830)
(1252, 1402)
(1253, 1506)
(1254, 1508)
(1255, 1329)
(1255, 1491)
(1255, 1799)
(1258, 1751)
(1259, 1300)
(1259, 1382)
(1259, 1470)
(1259, 1547)
(1259, 1609)
(1259, 1654)
(1260, 1726)
(1264, 1666)
(1266, 1777)
(1267, 1300)
(1269, 1354)
(1271, 1297)
(1271, 1396)
(1272, 1746)
(1272, 1787)
(1274, 1696)
(1275, 1467)
(1275, 1600)
(1275, 1664)
(1275, 1706)
(1275, 1823)
(1276, 1518)
(1276, 1862)
(1277, 1332)
(1277, 1589)
(1278, 1287)
(1278, 1305)
(1280, 1420)
(1281, 1577)
(1283, 1753)
(1284, 1538)
(1285, 1491)
(1285, 1776)
(1285, 1837)
(1286, 1445)
(1286, 1555)
(1287, 1647)
(1289, 1352)
(1289, 1471)
(1289, 1561)
(1289, 1665)
(1290, 1418)
(1291, 1799)
(1292, 1297)
(1292, 1583)
(1296, 1518)
(1296, 1862)
(1297, 1350)
(1297, 1365)
(1297, 1392)
(1297, 1398)
(1297, 1494)
(1297, 1755)
(1297, 1823)
(1297, 1847)
(1297, 1868)
(1299, 1354)
(1300, 1322)
(1300, 1425)
(1300, 1436)
(1300, 1477)
(1300, 1818)
(1301, 1696)
(1301, 1809)
(1303, 1770)
(1304, 1446)
(1305, 1647)
(1306, 1529)
(1312, 1502)
(1316, 1826)
(1319, 1423)
(1319, 1553)
(1319, 1580)
(1321, 1794)
(1321, 1851)
(1324, 1498)
(1325, 1405)
(1325, 1682)
(1325, 1723)
(1326, 1350)
(1326, 1868)
(1329, 1550)
(1329, 1562)
(1329, 1629)
(1329, 1812)
(1329, 1829)
(1334, 1592)
(1334, 1809)
(1334, 1828)
(1336, 1465)
(1336, 1586)
(1337, 1639)
(1337, 1833)
(1339, 1688)
(1340, 1475)
(1340, 1596)
(1340, 1853)
(1341, 1354)
(1343, 1379)
(1343, 1422)
(1343, 1612)
(1343, 1626)
(1343, 1713)
(1343, 1761)
(1343, 1889)
(1344, 1700)
(1347, 1769)
(1348, 1750)
(1350, 1495)
(1350, 1609)
(1350, 1667)
(1350, 1764)
(1350, 1822)
(1350, 1828)
(1351, 1473)
(1352, 1375)
(1352, 1404)
(1352, 1435)
(1352, 1452)
(1352, 1459)
(1352, 1490)
(1352, 1496)
(1352, 1670)
(1352, 1672)
(1353, 1526)
(1356, 1465)
(1356, 1586)
(1357, 1633)
(1360, 1423)
(1364, 1659)
(1365, 1392)
(1366, 1400)
(1367, 1788)
(1368, 1472)
(1371, 1403)
(1372, 1425)
(1373, 1699)
(1374, 1598)
(1374, 1876)
(1375, 1471)
(1375, 1561)
(1375, 1665)
(1376, 1393)
(1376, 1511)
(1378, 1383)
(1379, 1528)
(1382, 1499)
(1382, 1608)
(1382, 1641)
(1382, 1654)
(1385, 1713)
(1389, 1390)
(1392, 1398)
(1392, 1530)
(1392, 1847)
(1393, 1426)
(1395, 1753)
(1396, 1398)
(1396, 1491)
(1396, 1494)
(1396, 1552)
(1396, 1640)
(1396, 1847)
(1397, 1885)
(1398, 1491)
(1398, 1500)
(1398, 1552)
(1398, 1640)
(1398, 1755)
(1398, 1847)
(1400, 1408)
(1400, 1451)
(1400, 1614)
(1400, 1643)
(1402, 1538)
(1402, 1819)
(1407, 1487)
(1408, 1484)
(1408, 1555)
(1408, 1642)
(1408, 1846)
(1409, 1611)
(1410, 1849)
(1412, 1508)
(1421, 1884)
(1422, 1528)
(1422, 1713)
(1423, 1539)
(1425, 1724)
(1428, 1550)
(1428, 1812)
(1431, 1463)
(1435, 1471)
(1437, 1555)
(1438, 1708)
(1440, 1624)
(1441, 1865)
(1442, 1599)
(1445, 1555)
(1446, 1713)
(1448, 1669)
(1449, 1545)
(1452, 1459)
(1452, 1471)
(1452, 1828)
(1456, 1811)
(1456, 1852)
(1458, 1571)
(1459, 1471)
(1459, 1828)
(1463, 1537)
(1463, 1819)
(1465, 1856)
(1465, 1881)
(1466, 1529)
(1467, 1600)
(1467, 1664)
(1471, 1490)
(1471, 1593)
(1472, 1529)
(1472, 1727)
(1475, 1547)
(1475, 1723)
(1475, 1830)
(1475, 1853)
(1477, 1511)
(1477, 1636)
(1477, 1654)
(1482, 1596)
(1485, 1753)
(1491, 1498)
(1491, 1500)
(1491, 1552)
(1491, 1640)
(1493, 1614)
(1493, 1707)
(1493, 1749)
(1494, 1592)
(1495, 1868)
(1498, 1640)
(1499, 1654)
(1499, 1665)
(1500, 1640)
(1503, 1599)
(1504, 1798)
(1504, 1860)
(1505, 1514)
(1507, 1624)
(1507, 1756)
(1508, 1654)
(1511, 1805)
(1513, 1735)
(1513, 1825)
(1513, 1859)
(1515, 1659)
(1517, 1780)
(1518, 1529)
(1518, 1543)
(1518, 1665)
(1518, 1685)
(1518, 1758)
(1518, 1802)
(1519, 1546)
(1522, 1531)
(1525, 1776)
(1527, 1558)
(1528, 1612)
(1528, 1626)
(1528, 1713)
(1528, 1761)
(1528, 1889)
(1529, 1608)
(1529, 1753)
(1529, 1862)
(1529, 1877)
(1530, 1755)
(1534, 1622)
(1535, 1693)
(1538, 1758)
(1538, 1809)
(1538, 1828)
(1541, 1797)
(1543, 1862)
(1548, 1549)
(1548, 1569)
(1549, 1569)
(1551, 1723)
(1552, 1847)
(1553, 1580)
(1553, 1650)
(1560, 1640)
(1562, 1788)
(1573, 1795)
(1578, 1682)
(1578, 1723)
(1579, 1814)
(1580, 1650)
(1580, 1828)
(1583, 1772)
(1583, 1830)
(1594, 1777)
(1595, 1738)
(1596, 1723)
(1596, 1864)
(1600, 1664)
(1600, 1706)
(1600, 1823)
(1602, 1778)
(1604, 1608)
(1608, 1685)
(1608, 1866)
(1608, 1878)
(1609, 1702)
(1609, 1868)
(1610, 1812)
(1612, 1713)
(1614, 1635)
(1614, 1707)
(1614, 1749)
(1614, 1882)
(1617, 1769)
(1621, 1842)
(1622, 1771)
(1624, 1753)
(1624, 1842)
(1625, 1691)
(1625, 1697)
(1626, 1713)
(1630, 1727)
(1630, 1886)
(1632, 1634)
(1635, 1729)
(1635, 1805)
(1639, 1728)
(1639, 1833)
(1640, 1837)
(1645, 1723)
(1648, 1649)
(1652, 1753)
(1654, 1671)
(1654, 1836)
(1661, 1708)
(1661, 1834)
(1662, 1737)
(1662, 1828)
(1663, 1810)
(1664, 1706)
(1665, 1862)
(1667, 1868)
(1668, 1771)
(1669, 1739)
(1669, 1858)
(1674, 1711)
(1675, 1791)
(1678, 1805)
(1682, 1723)
(1684, 1838)
(1685, 1862)
(1691, 1697)
(1694, 1752)
(1695, 1696)
(1695, 1809)
(1704, 1828)
(1707, 1749)
(1713, 1761)
(1713, 1889)
(1714, 1731)
(1723, 1857)
(1723, 1864)
(1727, 1827)
(1736, 1746)
(1736, 1787)
(1753, 1850)
(1755, 1813)
(1758, 1862)
(1761, 1889)
(1764, 1868)
(1770, 1843)
(1776, 1817)
(1779, 1872)
(1782, 1822)
(1783, 1784)
(1783, 1842)
(1784, 1842)
(1788, 1822)
(1794, 1851)
(1798, 1860)
(1799, 1840)
(1802, 1862)
(1805, 1828)
(1822, 1868)
(1828, 1868)
(1835, 1871)
(1837, 1856)
(1861, 1879)
