(1	,2)
(1	,3)
(1	,4)
(1	,5)
(1	,6)
(1	,7)
(1	,8)
(1	,9)
(1	,10)
(1	,11)
(1	,12)
(1	,13)
(1	,14)
(1	,15)
(1	,16)
(1	,17)
(1	,18)
(1	,19)
(1	,20)
(1	,21)
(1	,22)
(1	,23)
(1	,24)
(1	,25)
(1	,26)
(1	,27)
(1	,28)
(1	,29)
(1	,30)
(1	,31)
(1	,32)
(1	,33)
(1	,34)
(1	,35)
(1	,36)
(1	,37)
(1	,38)
(1	,39)
(1	,40)
(1	,41)
(1	,42)
(1	,43)
(1	,44)
(1	,45)
(1	,46)
(1	,47)
(1	,48)
(1	,49)
(1	,50)
(1	,51)
(1	,52)
(1	,53)
(1	,54)
(1	,55)
(1	,56)
(1	,57)
(1	,58)
(1	,59)
(1	,60)
(1	,61)
(1	,62)
(1	,63)
(1	,64)
(1	,65)
(1	,66)
(1	,67)
(1	,68)
(1	,69)
(1	,70)
(1	,72)
(1	,73)
(1	,74)
(1	,75)
(1	,76)
(1	,77)
(1	,78)
(1	,79)
(1	,80)
(1	,81)
(1	,83)
(1	,84)
(1	,85)
(1	,86)
(1	,87)
(1	,88)
(1	,89)
(1	,90)
(1	,91)
(1	,92)
(1	,93)
(1	,94)
(1	,95)
(1	,96)
(1	,97)
(1	,98)
(1	,99)
(1	,100)
(1	,101)
(1	,102)
(1	,103)
(1	,104)
(1	,105)
(1	,106)
(1	,107)
(1	,108)
(1	,109)
(1	,110)
(1	,111)
(1	,112)
(1	,113)
(1	,114)
(1	,115)
(1	,116)
(1	,117)
(1	,119)
(1	,121)
(1	,122)
(1	,123)
(1	,124)
(1	,125)
(1	,126)
(1	,128)
(1	,129)
(1	,130)
(1	,131)
(1	,132)
(1	,133)
(1	,134)
(1	,135)
(1	,136)
(1	,137)
(1	,139)
(1	,141)
(1	,142)
(1	,143)
(1	,145)
(1	,146)
(1	,147)
(1	,148)
(1	,149)
(1	,150)
(1	,151)
(1	,152)
(1	,153)
(1	,154)
(1	,155)
(1	,156)
(1	,157)
(1	,158)
(1	,159)
(1	,160)
(1	,162)
(1	,163)
(1	,164)
(1	,165)
(1	,166)
(1	,167)
(1	,168)
(1	,169)
(1	,170)
(1	,172)
(1	,173)
(1	,174)
(1	,175)
(1	,178)
(1	,179)
(1	,180)
(1	,181)
(1	,182)
(1	,183)
(1	,184)
(1	,186)
(1	,187)
(1	,188)
(1	,189)
(1	,190)
(1	,191)
(1	,192)
(1	,193)
(1	,194)
(1	,195)
(1	,196)
(1	,197)
(1	,198)
(1	,200)
(1	,201)
(1	,202)
(1	,203)
(1	,204)
(1	,205)
(1	,206)
(1	,207)
(1	,208)
(1	,210)
(1	,211)
(1	,212)
(1	,213)
(1	,214)
(1	,215)
(1	,216)
(1	,217)
(1	,218)
(1	,220)
(1	,222)
(1	,226)
(1	,227)
(1	,228)
(1	,229)
(1	,230)
(1	,231)
(1	,232)
(1	,233)
(1	,234)
(1	,238)
(1	,239)
(1	,240)
(1	,241)
(1	,242)
(1	,243)
(1	,244)
(1	,245)
(1	,246)
(1	,247)
(1	,248)
(1	,249)
(1	,250)
(1	,251)
(1	,253)
(1	,257)
(1	,258)
(1	,259)
(1	,260)
(1	,262)
(1	,263)
(1	,264)
(1	,265)
(1	,266)
(1	,268)
(1	,269)
(1	,271)
(1	,272)
(1	,273)
(1	,274)
(1	,276)
(1	,277)
(1	,278)
(1	,279)
(1	,280)
(1	,281)
(1	,282)
(1	,284)
(1	,285)
(1	,286)
(1	,287)
(1	,288)
(1	,289)
(1	,291)
(1	,294)
(1	,296)
(1	,297)
(1	,298)
(1	,299)
(1	,300)
(1	,301)
(1	,302)
(1	,306)
(1	,307)
(1	,310)
(1	,313)
(1	,314)
(1	,315)
(1	,316)
(1	,317)
(1	,318)
(1	,319)
(1	,320)
(1	,321)
(1	,322)
(1	,323)
(1	,325)
(1	,327)
(1	,330)
(1	,331)
(1	,332)
(1	,335)
(1	,336)
(1	,337)
(1	,339)
(1	,340)
(1	,342)
(1	,344)
(1	,345)
(1	,346)
(1	,347)
(1	,348)
(1	,349)
(1	,351)
(1	,353)
(1	,354)
(1	,357)
(1	,358)
(1	,359)
(1	,360)
(1	,367)
(1	,368)
(1	,369)
(1	,374)
(1	,376)
(1	,377)
(1	,378)
(1	,381)
(1	,383)
(1	,385)
(1	,386)
(1	,387)
(1	,388)
(1	,391)
(1	,393)
(1	,394)
(1	,395)
(1	,398)
(1	,399)
(1	,401)
(1	,404)
(1	,405)
(1	,406)
(1	,408)
(1	,410)
(1	,411)
(1	,414)
(1	,415)
(1	,417)
(1	,418)
(1	,419)
(1	,420)
(1	,421)
(1	,422)
(1	,423)
(1	,425)
(1	,426)
(1	,428)
(1	,431)
(1	,434)
(1	,435)
(1	,436)
(1	,437)
(1	,438)
(1	,439)
(1	,440)
(1	,442)
(1	,443)
(1	,444)
(1	,445)
(1	,447)
(1	,449)
(1	,451)
(1	,453)
(1	,455)
(1	,457)
(1	,459)
(1	,460)
(1	,462)
(1	,465)
(1	,466)
(1	,467)
(1	,468)
(1	,469)
(1	,471)
(1	,472)
(1	,473)
(1	,475)
(1	,476)
(1	,477)
(1	,478)
(1	,479)
(1	,481)
(1	,482)
(1	,483)
(1	,484)
(1	,485)
(1	,487)
(1	,489)
(1	,492)
(1	,497)
(1	,500)
(2	,3)
(2	,4)
(2	,5)
(2	,6)
(2	,7)
(2	,8)
(2	,9)
(2	,10)
(2	,11)
(2	,12)
(2	,13)
(2	,14)
(2	,15)
(2	,16)
(2	,17)
(2	,18)
(2	,19)
(2	,20)
(2	,21)
(2	,22)
(2	,23)
(2	,24)
(2	,25)
(2	,26)
(2	,27)
(2	,28)
(2	,29)
(2	,30)
(2	,31)
(2	,32)
(2	,33)
(2	,34)
(2	,35)
(2	,36)
(2	,37)
(2	,38)
(2	,39)
(2	,41)
(2	,42)
(2	,43)
(2	,44)
(2	,45)
(2	,47)
(2	,48)
(2	,49)
(2	,50)
(2	,51)
(2	,52)
(2	,53)
(2	,54)
(2	,55)
(2	,56)
(2	,57)
(2	,58)
(2	,59)
(2	,60)
(2	,61)
(2	,62)
(2	,63)
(2	,64)
(2	,65)
(2	,66)
(2	,67)
(2	,68)
(2	,69)
(2	,70)
(2	,71)
(2	,72)
(2	,73)
(2	,74)
(2	,75)
(2	,76)
(2	,77)
(2	,78)
(2	,79)
(2	,80)
(2	,81)
(2	,82)
(2	,83)
(2	,84)
(2	,85)
(2	,86)
(2	,87)
(2	,90)
(2	,91)
(2	,92)
(2	,93)
(2	,94)
(2	,96)
(2	,97)
(2	,98)
(2	,100)
(2	,102)
(2	,103)
(2	,104)
(2	,105)
(2	,107)
(2	,109)
(2	,111)
(2	,112)
(2	,117)
(2	,118)
(2	,122)
(2	,124)
(2	,126)
(2	,127)
(2	,128)
(2	,132)
(2	,133)
(2	,135)
(2	,139)
(2	,143)
(2	,145)
(2	,146)
(2	,147)
(2	,148)
(2	,149)
(2	,150)
(2	,152)
(2	,153)
(2	,154)
(2	,155)
(2	,157)
(2	,161)
(2	,162)
(2	,163)
(2	,167)
(2	,168)
(2	,170)
(2	,171)
(2	,172)
(2	,173)
(2	,176)
(2	,179)
(2	,183)
(2	,185)
(2	,187)
(2	,188)
(2	,189)
(2	,191)
(2	,192)
(2	,194)
(2	,195)
(2	,196)
(2	,197)
(2	,200)
(2	,201)
(2	,202)
(2	,204)
(2	,206)
(2	,207)
(2	,208)
(2	,209)
(2	,210)
(2	,211)
(2	,212)
(2	,215)
(2	,217)
(2	,218)
(2	,219)
(2	,220)
(2	,221)
(2	,223)
(2	,226)
(2	,228)
(2	,232)
(2	,233)
(2	,234)
(2	,235)
(2	,238)
(2	,241)
(2	,243)
(2	,244)
(2	,246)
(2	,248)
(2	,251)
(2	,254)
(2	,256)
(2	,258)
(2	,259)
(2	,260)
(2	,261)
(2	,267)
(2	,269)
(2	,271)
(2	,272)
(2	,273)
(2	,275)
(2	,276)
(2	,279)
(2	,281)
(2	,283)
(2	,284)
(2	,285)
(2	,286)
(2	,288)
(2	,291)
(2	,292)
(2	,293)
(2	,295)
(2	,296)
(2	,298)
(2	,301)
(2	,310)
(2	,312)
(2	,314)
(2	,315)
(2	,320)
(2	,321)
(2	,322)
(2	,323)
(2	,327)
(2	,330)
(2	,331)
(2	,332)
(2	,335)
(2	,337)
(2	,340)
(2	,342)
(2	,345)
(2	,346)
(2	,347)
(2	,349)
(2	,350)
(2	,351)
(2	,352)
(2	,356)
(2	,357)
(2	,362)
(2	,373)
(2	,378)
(2	,379)
(2	,380)
(2	,381)
(2	,384)
(2	,386)
(2	,387)
(2	,392)
(2	,393)
(2	,394)
(2	,395)
(2	,397)
(2	,400)
(2	,404)
(2	,410)
(2	,413)
(2	,414)
(2	,421)
(2	,423)
(2	,426)
(2	,427)
(2	,435)
(2	,437)
(2	,442)
(2	,443)
(2	,445)
(2	,457)
(2	,460)
(2	,464)
(2	,467)
(2	,478)
(2	,479)
(2	,480)
(2	,482)
(2	,484)
(2	,485)
(2	,486)
(2	,493)
(2	,494)
(2	,495)
(2	,498)
(2	,499)
(3	,4)
(3	,5)
(3	,6)
(3	,7)
(3	,8)
(3	,9)
(3	,10)
(3	,11)
(3	,12)
(3	,13)
(3	,14)
(3	,15)
(3	,16)
(3	,17)
(3	,18)
(3	,19)
(3	,20)
(3	,21)
(3	,22)
(3	,23)
(3	,25)
(3	,26)
(3	,28)
(3	,29)
(3	,30)
(3	,31)
(3	,32)
(3	,33)
(3	,34)
(3	,35)
(3	,36)
(3	,38)
(3	,39)
(3	,40)
(3	,41)
(3	,42)
(3	,43)
(3	,44)
(3	,45)
(3	,46)
(3	,47)
(3	,49)
(3	,51)
(3	,52)
(3	,53)
(3	,54)
(3	,56)
(3	,57)
(3	,58)
(3	,59)
(3	,60)
(3	,61)
(3	,62)
(3	,64)
(3	,65)
(3	,66)
(3	,67)
(3	,68)
(3	,72)
(3	,73)
(3	,74)
(3	,76)
(3	,78)
(3	,80)
(3	,81)
(3	,82)
(3	,85)
(3	,86)
(3	,87)
(3	,88)
(3	,89)
(3	,91)
(3	,94)
(3	,95)
(3	,96)
(3	,97)
(3	,98)
(3	,99)
(3	,101)
(3	,102)
(3	,103)
(3	,105)
(3	,106)
(3	,107)
(3	,108)
(3	,109)
(3	,112)
(3	,113)
(3	,114)
(3	,115)
(3	,116)
(3	,117)
(3	,118)
(3	,119)
(3	,120)
(3	,121)
(3	,124)
(3	,125)
(3	,126)
(3	,129)
(3	,131)
(3	,134)
(3	,137)
(3	,138)
(3	,140)
(3	,141)
(3	,142)
(3	,144)
(3	,146)
(3	,147)
(3	,149)
(3	,150)
(3	,154)
(3	,159)
(3	,160)
(3	,161)
(3	,165)
(3	,166)
(3	,168)
(3	,172)
(3	,173)
(3	,175)
(3	,177)
(3	,180)
(3	,181)
(3	,182)
(3	,184)
(3	,186)
(3	,190)
(3	,199)
(3	,200)
(3	,204)
(3	,205)
(3	,207)
(3	,213)
(3	,219)
(3	,222)
(3	,224)
(3	,228)
(3	,229)
(3	,234)
(3	,235)
(3	,237)
(3	,238)
(3	,241)
(3	,242)
(3	,243)
(3	,245)
(3	,247)
(3	,250)
(3	,252)
(3	,255)
(3	,257)
(3	,261)
(3	,262)
(3	,264)
(3	,266)
(3	,272)
(3	,274)
(3	,275)
(3	,277)
(3	,279)
(3	,289)
(3	,290)
(3	,293)
(3	,295)
(3	,300)
(3	,303)
(3	,308)
(3	,309)
(3	,311)
(3	,316)
(3	,318)
(3	,322)
(3	,324)
(3	,326)
(3	,328)
(3	,339)
(3	,340)
(3	,345)
(3	,350)
(3	,352)
(3	,359)
(3	,364)
(3	,366)
(3	,379)
(3	,383)
(3	,384)
(3	,401)
(3	,411)
(3	,419)
(3	,424)
(3	,429)
(3	,430)
(3	,432)
(3	,438)
(3	,440)
(3	,450)
(3	,452)
(3	,454)
(3	,455)
(3	,459)
(3	,461)
(3	,476)
(3	,477)
(3	,481)
(3	,499)
(3	,500)
(4	,5)
(4	,6)
(4	,7)
(4	,8)
(4	,9)
(4	,10)
(4	,11)
(4	,12)
(4	,13)
(4	,14)
(4	,15)
(4	,16)
(4	,17)
(4	,18)
(4	,19)
(4	,20)
(4	,21)
(4	,22)
(4	,23)
(4	,24)
(4	,25)
(4	,26)
(4	,27)
(4	,29)
(4	,30)
(4	,31)
(4	,32)
(4	,34)
(4	,36)
(4	,37)
(4	,39)
(4	,40)
(4	,41)
(4	,43)
(4	,44)
(4	,46)
(4	,47)
(4	,48)
(4	,49)
(4	,52)
(4	,54)
(4	,55)
(4	,56)
(4	,57)
(4	,59)
(4	,60)
(4	,61)
(4	,62)
(4	,63)
(4	,64)
(4	,65)
(4	,66)
(4	,67)
(4	,68)
(4	,74)
(4	,77)
(4	,80)
(4	,81)
(4	,82)
(4	,83)
(4	,84)
(4	,85)
(4	,86)
(4	,87)
(4	,91)
(4	,93)
(4	,95)
(4	,96)
(4	,98)
(4	,99)
(4	,100)
(4	,102)
(4	,104)
(4	,105)
(4	,106)
(4	,108)
(4	,110)
(4	,112)
(4	,113)
(4	,114)
(4	,115)
(4	,116)
(4	,117)
(4	,118)
(4	,119)
(4	,120)
(4	,121)
(4	,124)
(4	,125)
(4	,126)
(4	,129)
(4	,140)
(4	,142)
(4	,144)
(4	,146)
(4	,149)
(4	,150)
(4	,151)
(4	,152)
(4	,154)
(4	,161)
(4	,165)
(4	,166)
(4	,170)
(4	,175)
(4	,178)
(4	,180)
(4	,182)
(4	,183)
(4	,184)
(4	,186)
(4	,188)
(4	,190)
(4	,194)
(4	,199)
(4	,209)
(4	,212)
(4	,214)
(4	,216)
(4	,223)
(4	,224)
(4	,225)
(4	,232)
(4	,235)
(4	,236)
(4	,241)
(4	,242)
(4	,245)
(4	,247)
(4	,250)
(4	,251)
(4	,252)
(4	,255)
(4	,266)
(4	,268)
(4	,274)
(4	,275)
(4	,277)
(4	,278)
(4	,280)
(4	,293)
(4	,295)
(4	,302)
(4	,303)
(4	,305)
(4	,309)
(4	,317)
(4	,324)
(4	,329)
(4	,339)
(4	,342)
(4	,343)
(4	,345)
(4	,352)
(4	,364)
(4	,374)
(4	,379)
(4	,384)
(4	,385)
(4	,407)
(4	,408)
(4	,411)
(4	,416)
(4	,424)
(4	,430)
(4	,438)
(4	,446)
(4	,451)
(4	,453)
(4	,455)
(4	,459)
(4	,461)
(4	,463)
(4	,470)
(4	,473)
(4	,474)
(4	,481)
(4	,490)
(4	,495)
(4	,499)
(5	,6)
(5	,7)
(5	,8)
(5	,9)
(5	,10)
(5	,11)
(5	,12)
(5	,13)
(5	,14)
(5	,15)
(5	,16)
(5	,17)
(5	,19)
(5	,21)
(5	,22)
(5	,24)
(5	,26)
(5	,27)
(5	,28)
(5	,29)
(5	,30)
(5	,31)
(5	,32)
(5	,33)
(5	,34)
(5	,35)
(5	,36)
(5	,37)
(5	,39)
(5	,40)
(5	,41)
(5	,43)
(5	,44)
(5	,46)
(5	,47)
(5	,48)
(5	,49)
(5	,50)
(5	,54)
(5	,56)
(5	,57)
(5	,58)
(5	,59)
(5	,61)
(5	,62)
(5	,64)
(5	,65)
(5	,66)
(5	,67)
(5	,68)
(5	,73)
(5	,78)
(5	,81)
(5	,82)
(5	,84)
(5	,85)
(5	,88)
(5	,90)
(5	,91)
(5	,94)
(5	,97)
(5	,102)
(5	,103)
(5	,104)
(5	,105)
(5	,106)
(5	,107)
(5	,108)
(5	,111)
(5	,113)
(5	,114)
(5	,115)
(5	,116)
(5	,117)
(5	,119)
(5	,120)
(5	,121)
(5	,123)
(5	,124)
(5	,125)
(5	,126)
(5	,129)
(5	,131)
(5	,132)
(5	,137)
(5	,138)
(5	,140)
(5	,142)
(5	,144)
(5	,146)
(5	,149)
(5	,152)
(5	,154)
(5	,156)
(5	,157)
(5	,164)
(5	,165)
(5	,167)
(5	,175)
(5	,177)
(5	,180)
(5	,184)
(5	,187)
(5	,190)
(5	,195)
(5	,198)
(5	,199)
(5	,219)
(5	,224)
(5	,225)
(5	,226)
(5	,232)
(5	,235)
(5	,236)
(5	,241)
(5	,242)
(5	,245)
(5	,247)
(5	,250)
(5	,257)
(5	,261)
(5	,266)
(5	,277)
(5	,290)
(5	,303)
(5	,312)
(5	,314)
(5	,317)
(5	,328)
(5	,329)
(5	,339)
(5	,342)
(5	,345)
(5	,347)
(5	,350)
(5	,352)
(5	,358)
(5	,366)
(5	,368)
(5	,375)
(5	,377)
(5	,379)
(5	,382)
(5	,384)
(5	,407)
(5	,408)
(5	,419)
(5	,424)
(5	,430)
(5	,450)
(5	,451)
(5	,453)
(5	,455)
(5	,459)
(5	,461)
(5	,470)
(5	,474)
(5	,481)
(5	,499)
(6	,7)
(6	,8)
(6	,9)
(6	,10)
(6	,11)
(6	,12)
(6	,13)
(6	,15)
(6	,16)
(6	,17)
(6	,18)
(6	,19)
(6	,20)
(6	,21)
(6	,23)
(6	,24)
(6	,25)
(6	,26)
(6	,28)
(6	,29)
(6	,30)
(6	,32)
(6	,33)
(6	,35)
(6	,36)
(6	,37)
(6	,38)
(6	,39)
(6	,40)
(6	,41)
(6	,45)
(6	,46)
(6	,47)
(6	,48)
(6	,50)
(6	,52)
(6	,53)
(6	,56)
(6	,57)
(6	,58)
(6	,59)
(6	,60)
(6	,62)
(6	,63)
(6	,64)
(6	,66)
(6	,69)
(6	,70)
(6	,71)
(6	,72)
(6	,73)
(6	,75)
(6	,76)
(6	,77)
(6	,83)
(6	,84)
(6	,89)
(6	,95)
(6	,99)
(6	,101)
(6	,103)
(6	,104)
(6	,107)
(6	,109)
(6	,114)
(6	,115)
(6	,127)
(6	,128)
(6	,130)
(6	,131)
(6	,133)
(6	,144)
(6	,145)
(6	,146)
(6	,151)
(6	,157)
(6	,159)
(6	,160)
(6	,161)
(6	,169)
(6	,172)
(6	,174)
(6	,177)
(6	,178)
(6	,183)
(6	,193)
(6	,201)
(6	,204)
(6	,206)
(6	,207)
(6	,211)
(6	,222)
(6	,227)
(6	,228)
(6	,230)
(6	,234)
(6	,239)
(6	,240)
(6	,252)
(6	,253)
(6	,262)
(6	,265)
(6	,267)
(6	,272)
(6	,273)
(6	,280)
(6	,288)
(6	,291)
(6	,300)
(6	,310)
(6	,313)
(6	,314)
(6	,316)
(6	,320)
(6	,329)
(6	,331)
(6	,336)
(6	,341)
(6	,348)
(6	,360)
(6	,382)
(6	,392)
(6	,398)
(6	,406)
(6	,413)
(6	,415)
(6	,425)
(6	,432)
(6	,442)
(6	,468)
(6	,472)
(6	,480)
(6	,487)
(6	,494)
(6	,500)
(7	,8)
(7	,9)
(7	,10)
(7	,11)
(7	,12)
(7	,13)
(7	,14)
(7	,15)
(7	,17)
(7	,19)
(7	,20)
(7	,21)
(7	,22)
(7	,23)
(7	,24)
(7	,26)
(7	,27)
(7	,28)
(7	,29)
(7	,30)
(7	,32)
(7	,33)
(7	,34)
(7	,35)
(7	,36)
(7	,38)
(7	,39)
(7	,42)
(7	,44)
(7	,48)
(7	,51)
(7	,52)
(7	,54)
(7	,55)
(7	,59)
(7	,60)
(7	,62)
(7	,64)
(7	,65)
(7	,71)
(7	,74)
(7	,78)
(7	,81)
(7	,83)
(7	,85)
(7	,88)
(7	,93)
(7	,96)
(7	,97)
(7	,102)
(7	,104)
(7	,111)
(7	,112)
(7	,116)
(7	,118)
(7	,122)
(7	,129)
(7	,132)
(7	,136)
(7	,139)
(7	,152)
(7	,170)
(7	,176)
(7	,179)
(7	,181)
(7	,185)
(7	,186)
(7	,191)
(7	,200)
(7	,202)
(7	,209)
(7	,212)
(7	,215)
(7	,217)
(7	,219)
(7	,220)
(7	,226)
(7	,231)
(7	,235)
(7	,244)
(7	,269)
(7	,271)
(7	,274)
(7	,281)
(7	,284)
(7	,297)
(7	,302)
(7	,317)
(7	,333)
(7	,338)
(7	,349)
(7	,355)
(7	,362)
(7	,363)
(7	,365)
(7	,367)
(7	,368)
(7	,371)
(7	,372)
(7	,374)
(7	,383)
(7	,386)
(7	,387)
(7	,389)
(7	,390)
(7	,402)
(7	,409)
(7	,417)
(7	,441)
(7	,444)
(7	,445)
(7	,475)
(7	,483)
(7	,486)
(7	,498)
(8	,9)
(8	,10)
(8	,11)
(8	,12)
(8	,13)
(8	,15)
(8	,16)
(8	,17)
(8	,19)
(8	,20)
(8	,21)
(8	,22)
(8	,24)
(8	,27)
(8	,29)
(8	,30)
(8	,32)
(8	,33)
(8	,34)
(8	,41)
(8	,42)
(8	,47)
(8	,48)
(8	,49)
(8	,50)
(8	,52)
(8	,55)
(8	,56)
(8	,59)
(8	,60)
(8	,61)
(8	,65)
(8	,68)
(8	,72)
(8	,78)
(8	,81)
(8	,84)
(8	,85)
(8	,88)
(8	,90)
(8	,93)
(8	,97)
(8	,101)
(8	,102)
(8	,108)
(8	,111)
(8	,112)
(8	,118)
(8	,132)
(8	,136)
(8	,152)
(8	,161)
(8	,170)
(8	,187)
(8	,191)
(8	,195)
(8	,209)
(8	,212)
(8	,217)
(8	,220)
(8	,226)
(8	,231)
(8	,235)
(8	,268)
(8	,274)
(8	,282)
(8	,297)
(8	,312)
(8	,317)
(8	,338)
(8	,339)
(8	,349)
(8	,361)
(8	,362)
(8	,363)
(8	,367)
(8	,368)
(8	,371)
(8	,372)
(8	,383)
(8	,386)
(8	,389)
(8	,417)
(8	,420)
(8	,441)
(8	,444)
(8	,463)
(8	,475)
(8	,476)
(8	,496)
(8	,498)
(8	,499)
(9	,10)
(9	,11)
(9	,12)
(9	,14)
(9	,15)
(9	,16)
(9	,17)
(9	,18)
(9	,19)
(9	,21)
(9	,23)
(9	,24)
(9	,25)
(9	,26)
(9	,28)
(9	,31)
(9	,32)
(9	,36)
(9	,37)
(9	,38)
(9	,39)
(9	,41)
(9	,43)
(9	,45)
(9	,47)
(9	,52)
(9	,53)
(9	,56)
(9	,57)
(9	,58)
(9	,59)
(9	,61)
(9	,71)
(9	,73)
(9	,76)
(9	,80)
(9	,86)
(9	,87)
(9	,91)
(9	,92)
(9	,94)
(9	,95)
(9	,96)
(9	,99)
(9	,102)
(9	,103)
(9	,105)
(9	,106)
(9	,107)
(9	,109)
(9	,110)
(9	,114)
(9	,117)
(9	,119)
(9	,130)
(9	,145)
(9	,148)
(9	,149)
(9	,151)
(9	,157)
(9	,159)
(9	,160)
(9	,169)
(9	,171)
(9	,172)
(9	,173)
(9	,174)
(9	,178)
(9	,182)
(9	,204)
(9	,205)
(9	,222)
(9	,223)
(9	,228)
(9	,230)
(9	,237)
(9	,239)
(9	,243)
(9	,253)
(9	,262)
(9	,267)
(9	,270)
(9	,279)
(9	,280)
(9	,299)
(9	,306)
(9	,308)
(9	,313)
(9	,319)
(9	,344)
(9	,348)
(9	,398)
(9	,406)
(9	,412)
(9	,435)
(9	,442)
(9	,468)
(9	,494)
(9	,497)
(9	,500)
(10	,11)
(10	,12)
(10	,13)
(10	,14)
(10	,15)
(10	,16)
(10	,17)
(10	,19)
(10	,22)
(10	,24)
(10	,27)
(10	,30)
(10	,31)
(10	,34)
(10	,41)
(10	,42)
(10	,43)
(10	,48)
(10	,51)
(10	,57)
(10	,59)
(10	,60)
(10	,65)
(10	,66)
(10	,67)
(10	,68)
(10	,72)
(10	,78)
(10	,81)
(10	,82)
(10	,85)
(10	,88)
(10	,93)
(10	,97)
(10	,102)
(10	,111)
(10	,120)
(10	,152)
(10	,153)
(10	,160)
(10	,164)
(10	,166)
(10	,194)
(10	,217)
(10	,219)
(10	,232)
(10	,268)
(10	,274)
(10	,295)
(10	,305)
(10	,312)
(10	,326)
(10	,338)
(10	,339)
(10	,341)
(10	,355)
(10	,356)
(10	,361)
(10	,365)
(10	,383)
(10	,386)
(10	,389)
(10	,391)
(10	,409)
(10	,420)
(10	,439)
(10	,444)
(10	,448)
(10	,453)
(10	,470)
(10	,473)
(10	,490)
(11	,12)
(11	,13)
(11	,14)
(11	,15)
(11	,16)
(11	,17)
(11	,18)
(11	,19)
(11	,20)
(11	,21)
(11	,22)
(11	,25)
(11	,32)
(11	,33)
(11	,36)
(11	,39)
(11	,41)
(11	,46)
(11	,48)
(11	,49)
(11	,53)
(11	,56)
(11	,59)
(11	,62)
(11	,63)
(11	,67)
(11	,70)
(11	,73)
(11	,75)
(11	,80)
(11	,82)
(11	,86)
(11	,87)
(11	,89)
(11	,94)
(11	,95)
(11	,101)
(11	,106)
(11	,107)
(11	,108)
(11	,114)
(11	,115)
(11	,116)
(11	,119)
(11	,120)
(11	,123)
(11	,127)
(11	,130)
(11	,137)
(11	,138)
(11	,143)
(11	,146)
(11	,149)
(11	,156)
(11	,158)
(11	,171)
(11	,173)
(11	,180)
(11	,184)
(11	,188)
(11	,198)
(11	,203)
(11	,213)
(11	,227)
(11	,229)
(11	,237)
(11	,244)
(11	,255)
(11	,264)
(11	,273)
(11	,293)
(11	,311)
(11	,343)
(11	,347)
(11	,353)
(11	,377)
(11	,382)
(11	,384)
(11	,385)
(11	,398)
(11	,405)
(11	,407)
(11	,418)
(11	,440)
(11	,450)
(11	,454)
(11	,456)
(11	,458)
(11	,469)
(12	,13)
(12	,14)
(12	,15)
(12	,16)
(12	,17)
(12	,30)
(12	,31)
(12	,32)
(12	,33)
(12	,36)
(12	,39)
(12	,40)
(12	,41)
(12	,43)
(12	,45)
(12	,46)
(12	,49)
(12	,52)
(12	,56)
(12	,59)
(12	,62)
(12	,66)
(12	,68)
(12	,72)
(12	,80)
(12	,82)
(12	,87)
(12	,89)
(12	,91)
(12	,106)
(12	,108)
(12	,119)
(12	,124)
(12	,125)
(12	,126)
(12	,131)
(12	,134)
(12	,142)
(12	,144)
(12	,149)
(12	,156)
(12	,165)
(12	,173)
(12	,175)
(12	,177)
(12	,180)
(12	,199)
(12	,229)
(12	,235)
(12	,242)
(12	,247)
(12	,252)
(12	,257)
(12	,261)
(12	,264)
(12	,277)
(12	,364)
(12	,403)
(12	,419)
(12	,450)
(12	,455)
(12	,458)
(12	,470)
(12	,477)
(12	,488)
(12	,499)
(13	,14)
(13	,15)
(13	,16)
(13	,19)
(13	,20)
(13	,22)
(13	,24)
(13	,27)
(13	,33)
(13	,35)
(13	,42)
(13	,48)
(13	,50)
(13	,52)
(13	,54)
(13	,58)
(13	,63)
(13	,74)
(13	,77)
(13	,79)
(13	,81)
(13	,84)
(13	,93)
(13	,96)
(13	,100)
(13	,136)
(13	,139)
(13	,141)
(13	,153)
(13	,160)
(13	,167)
(13	,168)
(13	,179)
(13	,197)
(13	,202)
(13	,221)
(13	,246)
(13	,259)
(13	,275)
(13	,276)
(13	,282)
(13	,283)
(13	,287)
(13	,289)
(13	,334)
(13	,346)
(13	,373)
(13	,381)
(13	,390)
(13	,391)
(13	,427)
(13	,434)
(13	,445)
(13	,462)
(13	,466)
(13	,495)
(13	,496)
(14	,15)
(14	,16)
(14	,21)
(14	,22)
(14	,23)
(14	,24)
(14	,30)
(14	,31)
(14	,32)
(14	,36)
(14	,38)
(14	,40)
(14	,41)
(14	,43)
(14	,46)
(14	,49)
(14	,56)
(14	,59)
(14	,61)
(14	,62)
(14	,64)
(14	,66)
(14	,67)
(14	,73)
(14	,80)
(14	,81)
(14	,86)
(14	,87)
(14	,91)
(14	,104)
(14	,106)
(14	,114)
(14	,115)
(14	,119)
(14	,121)
(14	,124)
(14	,131)
(14	,134)
(14	,138)
(14	,142)
(14	,144)
(14	,146)
(14	,149)
(14	,156)
(14	,165)
(14	,186)
(14	,190)
(14	,198)
(14	,209)
(14	,224)
(14	,236)
(14	,242)
(14	,257)
(14	,261)
(14	,264)
(14	,273)
(14	,277)
(14	,350)
(14	,364)
(14	,366)
(14	,401)
(14	,419)
(14	,430)
(14	,450)
(14	,455)
(14	,458)
(14	,477)
(14	,499)
(15	,17)
(15	,18)
(15	,21)
(15	,22)
(15	,23)
(15	,24)
(15	,25)
(15	,27)
(15	,31)
(15	,32)
(15	,35)
(15	,36)
(15	,40)
(15	,41)
(15	,42)
(15	,43)
(15	,45)
(15	,48)
(15	,49)
(15	,58)
(15	,61)
(15	,62)
(15	,64)
(15	,66)
(15	,80)
(15	,81)
(15	,82)
(15	,88)
(15	,91)
(15	,98)
(15	,113)
(15	,114)
(15	,116)
(15	,117)
(15	,121)
(15	,125)
(15	,126)
(15	,142)
(15	,144)
(15	,146)
(15	,149)
(15	,154)
(15	,156)
(15	,160)
(15	,175)
(15	,180)
(15	,213)
(15	,224)
(15	,225)
(15	,232)
(15	,236)
(15	,247)
(15	,257)
(15	,277)
(15	,318)
(15	,342)
(15	,364)
(15	,379)
(15	,419)
(15	,424)
(15	,430)
(15	,450)
(15	,459)
(15	,481)
(15	,499)
(16	,17)
(16	,18)
(16	,21)
(16	,25)
(16	,27)
(16	,31)
(16	,32)
(16	,40)
(16	,46)
(16	,47)
(16	,49)
(16	,53)
(16	,66)
(16	,67)
(16	,71)
(16	,73)
(16	,80)
(16	,82)
(16	,87)
(16	,89)
(16	,95)
(16	,96)
(16	,97)
(16	,101)
(16	,106)
(16	,107)
(16	,108)
(16	,114)
(16	,115)
(16	,116)
(16	,119)
(16	,123)
(16	,126)
(16	,138)
(16	,149)
(16	,158)
(16	,164)
(16	,169)
(16	,173)
(16	,177)
(16	,184)
(16	,188)
(16	,205)
(16	,213)
(16	,228)
(16	,229)
(16	,237)
(16	,255)
(16	,257)
(16	,273)
(16	,288)
(16	,293)
(16	,311)
(16	,328)
(16	,353)
(16	,385)
(16	,405)
(16	,418)
(16	,440)
(16	,454)
(16	,469)
(17	,25)
(17	,31)
(17	,32)
(17	,36)
(17	,37)
(17	,38)
(17	,49)
(17	,53)
(17	,58)
(17	,71)
(17	,86)
(17	,92)
(17	,94)
(17	,101)
(17	,103)
(17	,107)
(17	,110)
(17	,114)
(17	,130)
(17	,138)
(17	,148)
(17	,151)
(17	,158)
(17	,159)
(17	,169)
(17	,172)
(17	,174)
(17	,182)
(17	,189)
(17	,193)
(17	,223)
(17	,228)
(17	,253)
(17	,262)
(17	,280)
(17	,308)
(17	,316)
(17	,319)
(17	,344)
(17	,377)
(17	,403)
(17	,412)
(17	,413)
(17	,497)
(17	,500)
(18	,20)
(18	,21)
(18	,23)
(18	,25)
(18	,26)
(18	,28)
(18	,33)
(18	,35)
(18	,37)
(18	,38)
(18	,44)
(18	,50)
(18	,51)
(18	,52)
(18	,54)
(18	,69)
(18	,70)
(18	,75)
(18	,77)
(18	,79)
(18	,90)
(18	,104)
(18	,128)
(18	,135)
(18	,143)
(18	,147)
(18	,150)
(18	,162)
(18	,163)
(18	,167)
(18	,196)
(18	,199)
(18	,206)
(18	,208)
(18	,210)
(18	,248)
(18	,258)
(18	,260)
(18	,263)
(18	,270)
(18	,286)
(18	,292)
(18	,315)
(18	,320)
(18	,321)
(18	,335)
(18	,340)
(18	,357)
(18	,381)
(18	,400)
(18	,404)
(18	,410)
(18	,414)
(18	,428)
(18	,431)
(18	,479)
(18	,485)
(18	,492)
(19	,20)
(19	,21)
(19	,24)
(19	,29)
(19	,35)
(19	,42)
(19	,45)
(19	,48)
(19	,51)
(19	,52)
(19	,54)
(19	,63)
(19	,72)
(19	,74)
(19	,77)
(19	,79)
(19	,84)
(19	,96)
(19	,141)
(19	,143)
(19	,153)
(19	,168)
(19	,179)
(19	,197)
(19	,231)
(19	,238)
(19	,249)
(19	,259)
(19	,285)
(19	,373)
(19	,380)
(19	,391)
(19	,395)
(19	,422)
(19	,434)
(19	,445)
(19	,462)
(19	,463)
(19	,464)
(19	,465)
(19	,466)
(19	,495)
(20	,23)
(20	,24)
(20	,25)
(20	,26)
(20	,28)
(20	,29)
(20	,33)
(20	,40)
(20	,44)
(20	,48)
(20	,50)
(20	,51)
(20	,55)
(20	,69)
(20	,70)
(20	,72)
(20	,75)
(20	,77)
(20	,90)
(20	,135)
(20	,136)
(20	,143)
(20	,147)
(20	,163)
(20	,167)
(20	,196)
(20	,208)
(20	,210)
(20	,248)
(20	,263)
(20	,284)
(20	,294)
(20	,296)
(20	,315)
(20	,321)
(20	,327)
(20	,330)
(20	,340)
(20	,354)
(20	,381)
(20	,394)
(20	,399)
(20	,426)
(20	,479)
(20	,492)
(21	,22)
(21	,25)
(21	,30)
(21	,32)
(21	,36)
(21	,40)
(21	,46)
(21	,53)
(21	,61)
(21	,73)
(21	,77)
(21	,86)
(21	,87)
(21	,89)
(21	,92)
(21	,94)
(21	,95)
(21	,101)
(21	,106)
(21	,108)
(21	,110)
(21	,114)
(21	,115)
(21	,119)
(21	,123)
(21	,138)
(21	,158)
(21	,165)
(21	,171)
(21	,173)
(21	,188)
(21	,203)
(21	,213)
(21	,237)
(21	,254)
(21	,273)
(21	,290)
(21	,293)
(21	,311)
(21	,316)
(21	,338)
(21	,344)
(21	,353)
(21	,382)
(21	,385)
(21	,396)
(21	,405)
(21	,418)
(21	,454)
(21	,469)
(22	,24)
(22	,27)
(22	,28)
(22	,34)
(22	,40)
(22	,51)
(22	,64)
(22	,65)
(22	,74)
(22	,78)
(22	,85)
(22	,97)
(22	,111)
(22	,112)
(22	,118)
(22	,152)
(22	,170)
(22	,176)
(22	,209)
(22	,212)
(22	,220)
(22	,226)
(22	,229)
(22	,274)
(22	,317)
(22	,368)
(22	,371)
(22	,389)
(22	,475)
(22	,498)
(23	,25)
(23	,33)
(23	,35)
(23	,37)
(23	,38)
(23	,39)
(23	,45)
(23	,47)
(23	,51)
(23	,57)
(23	,79)
(23	,104)
(23	,109)
(23	,110)
(23	,127)
(23	,133)
(23	,157)
(23	,218)
(23	,222)
(23	,270)
(23	,304)
(23	,331)
(23	,348)
(23	,360)
(23	,369)
(23	,432)
(23	,449)
(23	,487)
(24	,27)
(24	,34)
(24	,43)
(24	,60)
(24	,68)
(24	,78)
(24	,85)
(24	,96)
(24	,111)
(24	,166)
(24	,215)
(24	,226)
(24	,271)
(24	,274)
(24	,302)
(24	,338)
(24	,356)
(24	,363)
(24	,365)
(24	,383)
(24	,386)
(24	,409)
(24	,420)
(24	,470)
(24	,498)
(25	,32)
(25	,33)
(25	,37)
(25	,38)
(25	,39)
(25	,45)
(25	,47)
(25	,57)
(25	,75)
(25	,76)
(25	,104)
(25	,127)
(25	,130)
(25	,133)
(25	,157)
(25	,218)
(25	,222)
(25	,230)
(25	,265)
(25	,267)
(25	,270)
(25	,288)
(25	,300)
(25	,310)
(25	,331)
(25	,360)
(25	,415)
(25	,432)
(26	,28)
(26	,29)
(26	,33)
(26	,42)
(26	,50)
(26	,51)
(26	,55)
(26	,60)
(26	,69)
(26	,70)
(26	,135)
(26	,143)
(26	,147)
(26	,167)
(26	,196)
(26	,233)
(26	,284)
(26	,292)
(26	,294)
(26	,322)
(26	,323)
(26	,337)
(26	,356)
(26	,394)
(26	,478)
(26	,482)
(27	,29)
(27	,30)
(27	,60)
(27	,65)
(27	,66)
(27	,74)
(27	,78)
(27	,85)
(27	,97)
(27	,112)
(27	,120)
(27	,164)
(27	,166)
(27	,215)
(27	,220)
(27	,274)
(27	,302)
(27	,356)
(27	,361)
(27	,386)
(27	,409)
(27	,498)
(28	,29)
(28	,33)
(28	,50)
(28	,51)
(28	,54)
(28	,55)
(28	,69)
(28	,72)
(28	,79)
(28	,90)
(28	,138)
(28	,143)
(28	,160)
(28	,168)
(28	,195)
(28	,202)
(28	,233)
(28	,258)
(28	,272)
(28	,276)
(28	,279)
(28	,281)
(28	,292)
(28	,296)
(28	,322)
(28	,323)
(28	,332)
(28	,404)
(28	,421)
(28	,437)
(28	,457)
(28	,471)
(28	,484)
(29	,33)
(29	,44)
(29	,45)
(29	,50)
(29	,55)
(29	,63)
(29	,72)
(29	,79)
(29	,94)
(29	,96)
(29	,143)
(29	,196)
(29	,233)
(29	,258)
(29	,276)
(29	,279)
(29	,281)
(29	,289)
(29	,292)
(29	,323)
(29	,471)
(29	,482)
(30	,34)
(30	,43)
(30	,49)
(30	,57)
(30	,59)
(30	,67)
(30	,68)
(30	,85)
(30	,88)
(30	,101)
(30	,102)
(30	,116)
(30	,129)
(30	,137)
(30	,164)
(30	,245)
(30	,275)
(30	,305)
(30	,312)
(30	,339)
(30	,355)
(30	,358)
(30	,416)
(30	,433)
(30	,439)
(30	,452)
(30	,463)
(30	,470)
(30	,473)
(31	,32)
(31	,40)
(31	,49)
(31	,56)
(31	,80)
(31	,91)
(31	,114)
(31	,119)
(31	,124)
(31	,131)
(31	,134)
(31	,142)
(31	,149)
(31	,165)
(31	,257)
(31	,264)
(31	,318)
(31	,350)
(31	,401)
(31	,477)
(32	,36)
(32	,40)
(32	,41)
(32	,56)
(32	,66)
(32	,68)
(32	,80)
(32	,91)
(32	,119)
(32	,121)
(32	,131)
(32	,134)
(32	,142)
(32	,177)
(32	,242)
(32	,261)
(32	,266)
(32	,364)
(32	,377)
(32	,455)
(32	,459)
(32	,477)
(33	,44)
(33	,45)
(33	,50)
(33	,51)
(33	,69)
(33	,75)
(33	,77)
(33	,128)
(33	,147)
(33	,167)
(33	,210)
(33	,248)
(33	,258)
(33	,294)
(33	,320)
(33	,321)
(33	,327)
(33	,330)
(33	,332)
(33	,337)
(33	,340)
(33	,351)
(33	,394)
(33	,493)
(34	,36)
(34	,43)
(34	,59)
(34	,64)
(34	,67)
(34	,81)
(34	,88)
(34	,102)
(34	,113)
(34	,140)
(34	,161)
(34	,186)
(34	,214)
(34	,232)
(34	,235)
(34	,245)
(34	,278)
(34	,309)
(34	,329)
(34	,355)
(34	,411)
(34	,446)
(34	,474)
(35	,42)
(35	,48)
(35	,52)
(35	,74)
(35	,79)
(35	,83)
(35	,84)
(35	,91)
(35	,96)
(35	,97)
(35	,132)
(35	,136)
(35	,141)
(35	,176)
(35	,202)
(35	,212)
(35	,221)
(35	,238)
(35	,249)
(35	,256)
(35	,271)
(35	,282)
(35	,283)
(35	,325)
(35	,390)
(35	,427)
(35	,483)
(36	,49)
(36	,61)
(36	,62)
(36	,81)
(36	,82)
(36	,94)
(36	,117)
(36	,121)
(36	,125)
(36	,144)
(36	,164)
(36	,175)
(36	,199)
(36	,224)
(36	,225)
(36	,250)
(36	,481)
(37	,38)
(37	,39)
(37	,45)
(37	,47)
(37	,57)
(37	,58)
(37	,76)
(37	,104)
(37	,127)
(37	,157)
(37	,187)
(37	,192)
(37	,201)
(37	,234)
(37	,265)
(37	,267)
(37	,288)
(37	,300)
(37	,310)
(37	,331)
(37	,360)
(37	,425)
(37	,480)
(38	,39)
(38	,45)
(38	,47)
(38	,57)
(38	,104)
(38	,133)
(38	,157)
(38	,192)
(38	,218)
(38	,222)
(38	,270)
(38	,304)
(38	,310)
(38	,348)
(38	,369)
(38	,392)
(38	,443)
(38	,480)
(38	,487)
(39	,57)
(39	,76)
(39	,83)
(39	,127)
(39	,157)
(39	,169)
(39	,201)
(39	,218)
(39	,230)
(39	,288)
(39	,310)
(39	,331)
(39	,360)
(39	,442)
(39	,480)
(40	,41)
(40	,56)
(40	,62)
(40	,66)
(40	,87)
(40	,121)
(40	,142)
(40	,149)
(40	,154)
(40	,175)
(40	,236)
(40	,242)
(40	,257)
(40	,277)
(40	,364)
(40	,419)
(40	,424)
(40	,459)
(40	,499)
(41	,43)
(41	,46)
(41	,49)
(41	,56)
(41	,62)
(41	,66)
(41	,80)
(41	,82)
(41	,91)
(41	,95)
(41	,105)
(41	,131)
(41	,175)
(41	,277)
(41	,364)
(41	,366)
(41	,419)
(41	,430)
(41	,455)
(41	,499)
(42	,48)
(42	,52)
(42	,54)
(42	,93)
(42	,132)
(42	,136)
(42	,141)
(42	,170)
(42	,221)
(42	,238)
(42	,249)
(42	,256)
(42	,282)
(42	,427)
(42	,462)
(43	,49)
(43	,54)
(43	,67)
(43	,68)
(43	,81)
(43	,98)
(43	,102)
(43	,105)
(43	,113)
(43	,117)
(43	,120)
(43	,124)
(43	,129)
(43	,161)
(43	,186)
(43	,241)
(43	,278)
(43	,303)
(43	,352)
(43	,408)
(43	,453)
(43	,474)
(44	,45)
(44	,63)
(44	,70)
(44	,75)
(44	,83)
(44	,90)
(44	,109)
(44	,157)
(44	,161)
(44	,162)
(44	,206)
(44	,208)
(44	,210)
(44	,251)
(44	,260)
(44	,298)
(44	,314)
(44	,335)
(44	,381)
(44	,393)
(44	,436)
(45	,47)
(45	,70)
(45	,104)
(45	,155)
(45	,187)
(45	,189)
(45	,207)
(45	,240)
(45	,376)
(45	,392)
(46	,80)
(46	,81)
(46	,114)
(46	,126)
(46	,134)
(46	,138)
(46	,149)
(46	,156)
(46	,177)
(46	,252)
(46	,255)
(46	,311)
(46	,375)
(46	,384)
(46	,407)
(46	,458)
(47	,57)
(47	,75)
(47	,127)
(47	,133)
(47	,157)
(47	,207)
(47	,270)
(47	,300)
(47	,304)
(47	,310)
(47	,449)
(47	,487)
(48	,52)
(48	,54)
(48	,63)
(48	,84)
(48	,90)
(48	,122)
(48	,168)
(48	,283)
(48	,285)
(48	,373)
(48	,445)
(48	,466)
(49	,61)
(49	,62)
(49	,67)
(49	,74)
(49	,82)
(49	,116)
(49	,125)
(49	,144)
(49	,146)
(49	,154)
(49	,180)
(49	,190)
(49	,224)
(49	,225)
(49	,232)
(49	,379)
(49	,451)
(49	,481)
(50	,51)
(50	,55)
(50	,143)
(50	,167)
(50	,208)
(50	,243)
(50	,258)
(50	,292)
(50	,322)
(50	,337)
(50	,478)
(50	,482)
(51	,70)
(51	,135)
(51	,147)
(51	,167)
(51	,284)
(51	,315)
(51	,330)
(51	,340)
(51	,394)
(51	,479)
(52	,55)
(52	,84)
(52	,132)
(52	,136)
(52	,141)
(52	,181)
(52	,249)
(52	,256)
(52	,283)
(52	,325)
(52	,334)
(52	,370)
(52	,390)
(53	,71)
(53	,76)
(53	,86)
(53	,94)
(53	,99)
(53	,103)
(53	,107)
(53	,151)
(53	,169)
(53	,172)
(53	,174)
(53	,182)
(53	,228)
(53	,262)
(53	,280)
(53	,319)
(53	,403)
(53	,412)
(54	,96)
(54	,100)
(54	,122)
(54	,139)
(54	,197)
(54	,202)
(54	,211)
(54	,289)
(54	,296)
(54	,301)
(54	,380)
(54	,397)
(54	,422)
(55	,79)
(55	,143)
(55	,279)
(55	,281)
(55	,421)
(55	,437)
(56	,62)
(56	,66)
(56	,91)
(56	,94)
(56	,124)
(56	,125)
(56	,131)
(56	,142)
(56	,146)
(56	,175)
(56	,257)
(56	,366)
(56	,419)
(56	,499)
(57	,133)
(57	,157)
(57	,218)
(57	,222)
(57	,267)
(57	,304)
(57	,369)
(57	,415)
(57	,487)
(58	,76)
(58	,145)
(58	,204)
(58	,313)
(58	,398)
(59	,64)
(59	,67)
(59	,88)
(59	,117)
(59	,140)
(59	,161)
(59	,186)
(59	,245)
(59	,305)
(59	,329)
(59	,470)
(60	,65)
(60	,78)
(60	,85)
(60	,111)
(60	,112)
(60	,118)
(60	,215)
(60	,338)
(60	,374)
(60	,386)
(60	,417)
(60	,441)
(61	,82)
(61	,116)
(61	,120)
(61	,125)
(61	,144)
(61	,180)
(61	,190)
(61	,224)
(61	,225)
(61	,481)
(62	,66)
(62	,82)
(62	,91)
(62	,116)
(62	,144)
(62	,146)
(62	,154)
(62	,175)
(62	,180)
(62	,194)
(62	,236)
(62	,430)
(63	,84)
(63	,104)
(63	,168)
(63	,179)
(63	,285)
(63	,404)
(63	,445)
(63	,464)
(63	,466)
(63	,495)
(64	,67)
(64	,81)
(64	,88)
(64	,140)
(64	,186)
(64	,329)
(64	,359)
(65	,78)
(65	,84)
(65	,112)
(65	,118)
(65	,152)
(65	,164)
(65	,220)
(65	,274)
(65	,338)
(65	,363)
(65	,417)
(65	,444)
(66	,91)
(66	,154)
(66	,175)
(66	,199)
(66	,236)
(66	,277)
(66	,430)
(66	,459)
(67	,68)
(67	,81)
(67	,98)
(67	,105)
(67	,117)
(67	,120)
(67	,140)
(67	,232)
(67	,303)
(67	,343)
(67	,352)
(68	,98)
(68	,113)
(68	,117)
(68	,121)
(68	,235)
(68	,278)
(68	,303)
(68	,343)
(68	,352)
(69	,70)
(69	,75)
(69	,90)
(69	,162)
(69	,163)
(69	,183)
(69	,206)
(69	,208)
(69	,286)
(69	,298)
(69	,393)
(70	,90)
(70	,128)
(70	,163)
(70	,206)
(70	,208)
(70	,210)
(70	,260)
(70	,263)
(70	,286)
(70	,320)
(70	,378)
(70	,400)
(70	,410)
(70	,414)
(70	,426)
(71	,99)
(71	,103)
(71	,110)
(71	,145)
(71	,148)
(71	,151)
(71	,253)
(72	,79)
(72	,100)
(72	,195)
(72	,233)
(72	,276)
(72	,281)
(72	,332)
(72	,460)
(72	,467)
(72	,493)
(73	,87)
(73	,95)
(73	,123)
(73	,126)
(73	,158)
(73	,184)
(73	,213)
(73	,290)
(73	,293)
(73	,418)
(73	,454)
(73	,469)
(74	,97)
(74	,136)
(74	,176)
(74	,191)
(74	,212)
(74	,244)
(74	,297)
(74	,333)
(74	,367)
(74	,372)
(74	,402)
(75	,83)
(75	,90)
(75	,109)
(75	,234)
(75	,286)
(75	,298)
(75	,393)
(75	,428)
(76	,193)
(76	,234)
(76	,415)
(76	,442)
(77	,79)
(77	,100)
(77	,122)
(77	,183)
(77	,202)
(77	,296)
(78	,112)
(78	,118)
(78	,152)
(78	,215)
(78	,220)
(78	,274)
(79	,100)
(79	,195)
(79	,272)
(79	,276)
(79	,292)
(79	,322)
(79	,332)
(79	,397)
(79	,423)
(79	,457)
(79	,493)
(80	,108)
(80	,114)
(80	,119)
(80	,124)
(80	,149)
(80	,165)
(80	,350)
(80	,429)
(80	,488)
(81	,98)
(81	,113)
(81	,117)
(81	,120)
(81	,214)
(81	,241)
(81	,278)
(81	,352)
(81	,408)
(82	,91)
(82	,125)
(82	,144)
(82	,224)
(82	,266)
(83	,133)
(83	,150)
(83	,155)
(83	,347)
(83	,428)
(84	,153)
(84	,373)
(84	,445)
(85	,215)
(85	,302)
(85	,374)
(85	,386)
(86	,89)
(86	,92)
(86	,94)
(86	,110)
(86	,137)
(86	,169)
(86	,171)
(86	,205)
(86	,227)
(86	,299)
(86	,316)
(86	,336)
(86	,406)
(86	,494)
(87	,95)
(87	,115)
(87	,123)
(87	,158)
(87	,237)
(87	,293)
(87	,440)
(87	,469)
(88	,98)
(88	,140)
(88	,161)
(88	,186)
(88	,245)
(88	,329)
(88	,359)
(88	,416)
(88	,474)
(89	,101)
(89	,137)
(89	,171)
(89	,198)
(89	,205)
(89	,336)
(90	,163)
(90	,206)
(90	,210)
(90	,286)
(90	,393)
(91	,121)
(91	,125)
(91	,144)
(91	,146)
(91	,180)
(91	,199)
(91	,224)
(91	,250)
(91	,379)
(92	,94)
(92	,137)
(92	,174)
(92	,203)
(92	,205)
(92	,227)
(92	,299)
(92	,316)
(92	,494)
(93	,132)
(93	,136)
(93	,388)
(94	,151)
(94	,159)
(94	,169)
(94	,174)
(94	,223)
(94	,308)
(94	,319)
(94	,403)
(94	,413)
(95	,123)
(95	,293)
(95	,385)
(95	,440)
(95	,469)
(96	,139)
(96	,197)
(96	,211)
(96	,289)
(96	,395)
(96	,422)
(97	,170)
(97	,209)
(97	,212)
(97	,226)
(97	,231)
(97	,297)
(97	,362)
(97	,367)
(97	,368)
(98	,113)
(98	,120)
(98	,161)
(98	,408)
(99	,148)
(99	,253)
(100	,183)
(100	,202)
(100	,296)
(101	,198)
(101	,254)
(101	,328)
(101	,336)
(101	,491)
(102	,129)
(102	,339)
(102	,355)
(102	,358)
(102	,439)
(102	,452)
(102	,463)
(103	,110)
(103	,148)
(103	,172)
(103	,174)
(103	,228)
(103	,280)
(103	,403)
(103	,412)
(104	,192)
(105	,116)
(105	,121)
(105	,190)
(105	,225)
(105	,250)
(105	,342)
(106	,108)
(106	,115)
(106	,126)
(106	,156)
(106	,229)
(106	,255)
(106	,456)
(107	,110)
(107	,159)
(107	,169)
(107	,223)
(107	,316)
(107	,413)
(108	,115)
(108	,138)
(108	,171)
(108	,229)
(108	,311)
(109	,150)
(109	,291)
(109	,428)
(110	,151)
(110	,172)
(110	,228)
(110	,262)
(110	,280)
(111	,118)
(111	,152)
(111	,317)
(111	,475)
(112	,363)
(112	,374)
(112	,386)
(112	,441)
(112	,475)
(113	,120)
(113	,146)
(113	,232)
(114	,119)
(114	,124)
(114	,138)
(114	,149)
(114	,165)
(114	,488)
(115	,126)
(115	,156)
(115	,229)
(115	,255)
(116	,247)
(116	,342)
(116	,345)
(116	,438)
(116	,461)
(117	,120)
(117	,154)
(117	,303)
(117	,343)
(117	,408)
(118	,209)
(118	,220)
(118	,274)
(118	,363)
(118	,444)
(119	,124)
(119	,134)
(119	,165)
(119	,257)
(119	,264)
(119	,342)
(119	,350)
(119	,401)
(120	,161)
(120	,214)
(120	,232)
(121	,241)
(121	,342)
(122	,183)
(122	,211)
(122	,301)
(123	,158)
(123	,237)
(123	,353)
(123	,385)
(123	,418)
(123	,440)
(124	,165)
(124	,350)
(124	,429)
(124	,477)
(124	,488)
(125	,190)
(126	,188)
(126	,255)
(126	,384)
(127	,267)
(127	,360)
(128	,260)
(128	,263)
(128	,321)
(128	,378)
(129	,268)
(130	,145)
(130	,468)
(130	,497)
(130	,500)
(131	,142)
(131	,264)
(132	,185)
(132	,349)
(132	,388)
(133	,192)
(133	,222)
(133	,304)
(133	,369)
(133	,425)
(134	,257)
(134	,318)
(134	,401)
(134	,477)
(135	,167)
(135	,284)
(135	,327)
(135	,337)
(136	,427)
(137	,171)
(137	,205)
(137	,227)
(137	,299)
(137	,316)
(137	,336)
(137	,494)
(138	,229)
(139	,197)
(139	,211)
(139	,289)
(139	,380)
(140	,161)
(140	,186)
(140	,214)
(140	,446)
(141	,221)
(141	,427)
(142	,364)
(143	,279)
(143	,292)
(143	,323)
(143	,404)
(144	,146)
(144	,199)
(144	,224)
(144	,379)
(144	,481)
(145	,177)
(145	,500)
(146	,199)
(146	,379)
(147	,248)
(147	,289)
(149	,165)
(149	,429)
(150	,428)
(151	,172)
(151	,228)
(151	,262)
(151	,280)
(152	,475)
(154	,175)
(154	,459)
(155	,291)
(155	,399)
(155	,428)
(156	,177)
(156	,375)
(157	,449)
(158	,237)
(158	,353)
(158	,418)
(161	,214)
(162	,210)
(162	,251)
(162	,335)
(162	,393)
(162	,485)
(163	,206)
(163	,208)
(163	,260)
(163	,263)
(164	,295)
(164	,326)
(164	,470)
(164	,473)
(165	,429)
(165	,488)
(166	,386)
(167	,243)
(167	,337)
(167	,478)
(169	,182)
(169	,223)
(169	,262)
(169	,308)
(169	,319)
(169	,403)
(169	,413)
(170	,231)
(170	,317)
(170	,333)
(170	,362)
(170	,367)
(170	,402)
(171	,205)
(171	,306)
(171	,489)
(172	,228)
(172	,262)
(173	,188)
(173	,203)
(173	,254)
(173	,290)
(173	,344)
(173	,405)
(174	,182)
(174	,262)
(174	,308)
(174	,319)
(174	,375)
(174	,403)
(174	,413)
(175	,430)
(178	,193)
(178	,234)
(178	,239)
(178	,472)
(179	,259)
(179	,285)
(179	,346)
(179	,391)
(179	,495)
(180	,450)
(182	,308)
(182	,319)
(182	,403)
(182	,413)
(183	,202)
(184	,273)
(184	,405)
(185	,217)
(185	,349)
(185	,388)
(186	,329)
(186	,416)
(187	,207)
(187	,376)
(187	,435)
(187	,447)
(188	,290)
(188	,299)
(189	,376)
(189	,435)
(190	,250)
(191	,212)
(191	,244)
(191	,297)
(191	,387)
(192	,222)
(192	,270)
(193	,239)
(194	,324)
(195	,484)
(196	,323)
(197	,289)
(197	,296)
(197	,422)
(198	,205)
(198	,306)
(198	,328)
(199	,379)
(200	,307)
(200	,347)
(201	,265)
(201	,288)
(201	,310)
(201	,480)
(202	,296)
(202	,301)
(203	,254)
(203	,344)
(205	,227)
(205	,306)
(205	,489)
(206	,320)
(207	,435)
(208	,378)
(208	,400)
(208	,410)
(208	,426)
(209	,368)
(210	,251)
(210	,485)
(211	,422)
(212	,226)
(212	,297)
(212	,362)
(212	,367)
(213	,396)
(215	,374)
(217	,370)
(218	,449)
(219	,356)
(220	,363)
(220	,444)
(221	,238)
(221	,282)
(221	,283)
(222	,304)
(222	,369)
(224	,266)
(226	,297)
(226	,362)
(226	,402)
(227	,306)
(227	,406)
(228	,262)
(228	,280)
(229	,255)
(229	,458)
(230	,234)
(230	,442)
(231	,367)
(232	,235)
(232	,278)
(232	,309)
(233	,457)
(233	,471)
(235	,241)
(235	,278)
(236	,277)
(236	,459)
(237	,418)
(238	,249)
(238	,282)
(238	,483)
(239	,472)
(241	,278)
(241	,309)
(242	,430)
(243	,322)
(244	,269)
(245	,359)
(246	,395)
(246	,465)
(247	,461)
(248	,294)
(249	,282)
(249	,283)
(251	,335)
(251	,393)
(251	,485)
(252	,458)
(254	,344)
(256	,283)
(257	,264)
(257	,318)
(257	,401)
(258	,292)
(259	,285)
(259	,391)
(259	,495)
(260	,263)
(260	,414)
(262	,280)
(263	,320)
(263	,414)
(265	,288)
(265	,310)
(265	,480)
(267	,360)
(269	,333)
(272	,281)
(272	,332)
(272	,397)
(272	,423)
(272	,460)
(272	,467)
(272	,493)
(275	,452)
(276	,281)
(276	,332)
(276	,397)
(276	,423)
(276	,493)
(277	,459)
(281	,332)
(281	,423)
(281	,493)
(282	,283)
(282	,483)
(283	,390)
(283	,483)
(284	,479)
(287	,434)
(287	,462)
(288	,310)
(288	,480)
(289	,380)
(289	,395)
(289	,422)
(290	,382)
(291	,354)
(291	,399)
(293	,385)
(293	,454)
(297	,333)
(298	,314)
(299	,316)
(303	,343)
(303	,453)
(304	,369)
(305	,339)
(305	,355)
(305	,358)
(307	,447)
(308	,319)
(308	,413)
(315	,351)
(315	,479)
(316	,494)
(318	,401)
(319	,403)
(320	,400)
(320	,426)
(321	,357)
(322	,482)
(325	,334)
(326	,470)
(326	,473)
(328	,336)
(330	,394)
(331	,360)
(332	,423)
(332	,460)
(332	,493)
(333	,372)
(335	,393)
(336	,491)
(337	,478)
(338	,417)
(339	,355)
(339	,452)
(342	,345)
(345	,438)
(345	,461)
(346	,391)
(349	,388)
(354	,436)
(355	,358)
(355	,452)
(356	,365)
(358	,452)
(358	,463)
(361	,383)
(361	,448)
(363	,444)
(364	,455)
(371	,389)
(377	,456)
(378	,410)
(378	,414)
(381	,431)
(381	,492)
(385	,454)
(387	,486)
(400	,426)
(400	,492)
(410	,414)
(415	,432)
(417	,476)
(419	,499)
(420	,448)
(423	,467)
(434	,462)
(452	,463)
(468	,500)
