565	145
565	819
565	618
565	469
685	704
263	466
654	653
555	97
555	145
555	172
555	180
555	784
555	786
555	221
555	227
555	250
555	276
555	323
555	326
555	339
555	779
555	785
555	552
555	554
555	811
555	559
555	674
555	673
555	852
555	851
569	501
569	121
569	843
247	475
160	158
160	158
160	800
160	741
160	119
160	42
838	839
838	683
838	683
377	379
377	257
40	32
40	501
40	121
40	843
40	164
40	395
40	458
40	126
40	204
40	707
40	774
40	390
40	145
40	72
40	219
40	628
40	676
40	506
40	586
40	586
40	823
40	551
40	41
40	700
40	699
40	614
513	145
753	145
364	475
99	475
424	475
647	5
647	7
647	9
647	755
647	495
647	399
647	463
374	14
374	113
374	209
374	224
374	475
374	273
374	662
374	810
374	355
374	305
374	256
374	133
206	14
206	113
206	209
206	224
206	475
206	273
206	662
206	810
206	355
206	305
206	256
206	133
272	14
272	113
272	209
272	224
272	475
272	273
272	662
272	810
272	355
272	305
272	256
272	133
434	27
434	271
434	194
434	475
434	781
434	399
127	87
127	572
235	44
235	218
853	103
853	118
853	780
853	173
853	180
853	181
853	183
853	188
853	223
853	226
853	227
853	283
853	284
853	293
853	294
853	791
853	783
853	324
853	325
853	327
853	328
853	790
853	433
853	553
853	556
853	557
853	558
853	560
853	561
853	661
853	673
853	675
853	689
853	394
853	850
853	841
457	475
168	20
368	774
368	390
368	393
368	773
392	774
392	390
392	393
392	773
772	774
772	390
772	393
772	773
71	73
71	501
71	121
71	843
71	475
71	273
71	74
71	72
71	472
485	375
48	44
48	530
48	465
48	484
48	609
48	113
48	566
48	345
48	619
394	103
394	118
394	145
394	780
394	173
394	181
394	183
394	188
394	223
394	226
394	227
394	283
394	284
394	293
394	294
394	791
394	783
394	324
394	325
394	327
394	328
394	790
394	433
394	553
394	556
394	557
394	558
394	560
394	561
394	661
394	675
394	689
394	856
394	39
394	853
394	841
394	815
394	850
782	197
782	222
782	370
782	509
182	36
182	163
182	312
182	475
182	665
182	590
182	727
182	604
182	350
182	271
182	194
182	225
182	114
182	319
182	436
182	436
182	643
182	641
182	228
182	355
182	305
182	256
182	376
182	25
182	495
182	815
182	456
181	103
181	118
181	145
181	780
181	173
181	327
181	188
181	560
181	558
181	689
181	561
181	790
181	743
181	556
181	854
181	853
181	433
181	841
181	661
181	293
181	294
181	183
181	783
181	394
181	791
181	557
181	553
181	325
181	328
181	324
181	675
181	284
181	283
181	226
181	223
181	227
181	850
787	370
787	607
506	40
506	72
506	82
506	108
506	316
506	718
506	124
506	204
506	215
506	219
506	314
506	351
506	501
506	121
506	843
506	398
506	504
506	629
506	510
506	700
506	699
506	361
506	614
520	520
520	79
520	380
520	78
520	524
79	520
79	79
79	380
79	78
79	524
78	520
78	79
78	143
78	78
78	524
524	520
524	79
524	143
524	78
524	524
292	501
292	121
292	843
292	743
292	499
292	533
292	808
365	163
365	312
365	630
814	43
814	259
814	407
814	402
814	662
774	32
774	40
774	124
774	204
774	393
774	773
774	368
774	392
774	772
774	614
774	632
774	759
774	634
774	840
390	32
390	40
390	124
390	204
390	393
390	773
390	368
390	392
390	772
390	614
390	632
390	759
390	634
390	840
748	399
748	232
748	794
748	495
748	156
828	452
542	252
542	625
542	576
677	672
677	678
702	501
702	121
702	843
14	97
14	374
14	206
14	272
14	779
14	145
14	856
14	39
14	323
14	810
14	278
14	529
14	407
14	402
14	851
491	145
764	246
612	475
612	873
642	37
642	43
642	89
642	124
642	259
642	597
642	597
642	624
22	23
22	804
22	101
166	23
166	804
166	101
667	856
667	39
98	486
98	439
798	171
798	459
798	303
789	101
789	152
789	232
789	326
789	438
336	726
336	193
336	337
336	15
336	137
336	267
336	826
336	714
336	469
336	681
336	449
793	463
417	415
417	416
778	145
778	475
572	63
572	127
572	409
572	693
125	47
125	622
125	136
125	232
125	275
125	819
125	618
125	437
125	437
149	489
149	152
645	152
645	381
645	438
645	494
150	4
150	7
150	792
150	268
150	771
150	770
150	765
150	695
386	136
386	223
386	275
386	534
386	367
386	856
386	39
386	499
386	533
386	808
470	475
62	475
62	404
370	76
370	197
370	222
370	509
370	252
370	625
370	576
370	628
370	717
370	655
370	803
370	787
370	787
370	782
370	437
370	437
370	859
370	607
370	482
370	396
66	508
66	728
239	676
239	666
197	222
197	370
197	782
10	319
10	436
10	436
17	16
585	145
86	586
86	586
16	17
738	136
738	703
738	253
738	589
738	499
738	533
738	808
738	825
738	658
738	617
738	650
836	834
836	835
412	82
412	108
412	94
412	518
133	374
133	206
133	272
133	411
133	475
35	501
35	121
35	843
535	11
535	833
750	522
750	749
74	71
74	72
74	73
621	94
621	518
621	570
527	230
527	807
527	277
527	546
527	858
526	230
526	807
526	277
526	546
526	858
609	44
609	48
609	113
609	130
609	345
609	410
609	465
609	484
609	530
609	619
437	370
437	125
410	83
410	609
410	715
314	735
314	510
314	506
314	342
387	797
387	795
504	94
504	518
504	82
504	108
504	466
504	509
504	735
504	734
504	506
735	123
735	314
735	504
735	507
735	509
735	537
735	734
630	36
630	225
630	163
630	312
630	365
630	376
630	703
630	253
630	589
630	815
311	170
311	111
311	145
311	525
408	85
408	104
408	136
408	786
408	232
408	275
408	339
408	386
408	725
408	607
408	552
758	237
758	521
758	566
245	228
137	726
137	193
137	337
137	15
137	336
503	673
503	851
715	410
50	501
50	121
50	843
521	758
299	145
638	92
315	582
315	486
176	175
400	145
495	7
495	748
495	175
495	182
495	228
495	380
495	381
495	456
495	114
495	464
495	733
495	647
799	152
799	792
799	463
105	741
105	119
105	739
105	820
254	248
254	701
254	1
254	84
254	255
254	512
254	164
254	395
254	458
562	130
562	809
448	801
73	71
73	72
73	74
615	741
615	119
459	304
459	798
303	304
303	798
479	31
479	583
479	739
479	820
479	736
479	737
479	863
196	31
196	583
196	739
196	820
196	736
196	737
196	863
72	40
72	71
72	73
72	82
72	108
72	506
72	676
72	700
72	699
72	74
662	741
662	119
662	141
662	259
662	374
662	206
662	272
662	273
662	355
662	305
662	256
662	475
662	814
726	336
726	726
726	193
726	337
726	15
726	815
726	54
726	523
726	117
726	137
726	324
726	450
726	681
726	449
726	469
726	674
726	834
193	336
193	726
193	193
193	337
193	15
193	815
193	54
193	523
193	117
193	137
193	324
193	450
193	681
193	449
193	469
193	674
193	834
337	336
337	726
337	193
337	337
337	15
337	815
337	54
337	523
337	117
337	137
337	324
337	450
337	681
337	449
337	469
337	674
337	834
15	336
15	726
15	193
15	337
15	15
15	815
15	54
15	523
15	117
15	137
15	324
15	450
15	681
15	449
15	469
15	674
15	834
89	43
89	170
89	111
89	642
89	660
89	624
507	123
507	509
507	735
507	510
507	734
507	537
511	198
742	744
742	744
653	654
360	145
543	21
87	813
87	567
87	127
359	501
359	121
359	843
173	103
173	118
173	780
173	327
173	188
173	560
173	558
173	689
173	853
173	433
173	841
173	661
173	293
173	294
173	180
173	183
173	181
173	786
173	783
173	394
173	791
173	790
173	556
173	557
173	561
173	553
173	325
173	328
173	324
173	675
173	284
173	283
173	226
173	223
173	227
173	850
818	451
246	764
739	145
739	479
739	196
739	105
739	657
739	736
739	737
739	863
739	803
739	31
739	583
820	145
820	479
820	196
820	105
820	657
820	736
820	737
820	863
820	803
820	31
820	583
823	40
143	78
143	524
536	824
570	442
570	94
570	518
570	621
794	5
794	7
794	748
794	175
794	427
794	455
794	455
794	455
794	765
794	695
794	399
794	792
794	795
282	33
282	145
38	33
38	145
221	97
221	172
221	180
221	784
221	786
221	326
221	475
221	276
221	779
221	555
221	674
221	554
221	226
221	323
221	691
221	339
221	811
221	785
221	559
221	552
221	675
221	673
221	852
221	851
97	14
97	276
97	145
97	172
97	339
97	811
97	180
97	786
97	785
97	784
97	779
97	554
97	555
97	559
97	552
97	326
97	323
97	674
97	673
97	221
97	223
97	227
97	475
97	852
97	851
53	655
596	597
596	597
800	160
800	271
800	194
800	440
800	475
800	717
800	42
138	145
138	478
481	145
481	478
6	3
6	4
681	54
681	523
681	68
681	115
681	117
681	117
681	819
681	618
681	336
681	726
681	193
681	337
681	15
681	319
681	436
681	436
681	531
681	834
449	54
449	523
449	68
449	115
449	117
449	117
449	819
449	618
449	336
449	726
449	193
449	337
449	15
449	319
449	436
449	436
449	531
449	834
405	145
405	502
386	136
386	223
386	703
386	253
386	589
386	275
386	534
386	367
386	856
386	39
386	499
386	533
386	808
386	408
597	37
597	596
597	642
722	407
722	402
582	315
94	82
94	108
94	504
94	369
94	412
94	467
94	822
94	621
94	570
518	82
518	108
518	504
518	369
518	412
518	467
518	822
518	621
518	570
559	88
559	97
559	172
559	180
559	784
559	786
559	221
559	276
559	323
559	326
559	339
559	779
559	785
559	552
559	554
559	555
559	674
559	851
559	811
559	673
559	852
326	9
326	856
326	39
326	82
326	108
326	97
326	145
326	172
326	180
326	784
326	786
326	221
326	276
326	323
326	432
326	463
326	765
326	695
326	339
326	811
326	785
326	779
326	554
326	555
326	559
326	552
326	674
326	673
326	789
326	852
326	851
811	97
811	172
811	180
811	784
811	786
811	221
811	276
811	323
811	326
811	339
811	779
811	785
811	552
811	554
811	555
811	559
811	673
811	674
811	852
811	851
375	501
375	121
375	843
375	485
82	9
82	72
82	759
82	326
82	475
82	204
82	506
82	369
82	380
82	219
82	771
82	412
82	661
82	82
82	108
82	293
82	783
82	822
82	94
82	518
82	264
82	566
82	504
82	575
82	398
108	9
108	72
108	759
108	326
108	475
108	204
108	506
108	369
108	380
108	219
108	771
108	412
108	661
108	82
108	108
108	293
108	783
108	822
108	94
108	518
108	264
108	566
108	504
108	575
108	398
698	465
698	530
58	661
289	290
676	40
676	72
676	316
676	718
676	213
676	239
676	273
676	551
676	614
676	700
676	699
641	117
641	117
641	182
641	819
641	618
261	868
261	869
261	262
802	355
802	305
802	256
679	472
679	475
291	290
291	643
124	37
124	501
124	121
124	843
124	204
124	642
124	774
124	390
124	717
124	361
124	506
124	586
124	586
124	624
454	413
454	319
454	436
454	436
454	566
454	531
279	271
279	194
279	355
279	305
279	256
104	534
104	367
104	743
104	703
104	253
104	589
104	499
104	533
104	808
104	408
164	40
164	501
164	121
164	843
164	255
164	580
164	729
164	254
395	40
395	501
395	121
395	843
395	255
395	580
395	729
395	254
458	40
458	501
458	121
458	843
458	255
458	580
458	729
458	254
648	501
648	121
648	843
101	44
101	484
101	530
101	22
101	166
101	465
101	789
101	345
102	801
644	226
445	145
719	280
719	579
872	867
872	868
872	869
872	870
872	871
497	140
497	711
381	857
381	645
381	495
461	145
871	262
871	867
871	869
871	872
187	586
187	586
28	29
657	741
657	119
657	501
657	121
657	843
657	739
657	820
144	141
144	501
144	121
144	843
144	271
144	194
144	407
144	402
144	500
278	14
278	44
278	232
278	743
278	650
529	14
529	44
529	232
529	743
529	650
795	493
795	422
795	640
795	796
795	185
795	387
795	792
795	794
795	463
450	54
450	523
450	726
450	193
450	337
450	15
580	164
580	395
580	458
567	87
215	510
215	506
763	762
763	765
763	695
725	136
725	703
725	253
725	589
725	408
725	499
725	533
725	808
107	475
780	103
780	118
780	327
780	188
780	560
780	558
780	689
780	173
780	561
780	790
780	556
780	853
780	433
780	841
780	661
780	293
780	294
780	183
780	181
780	783
780	394
780	791
780	557
780	553
780	325
780	328
780	324
780	675
780	284
780	283
780	226
780	223
780	227
780	850
156	748
156	269
290	288
290	289
290	291
705	146
705	148
189	24
189	192
192	24
192	189
286	204
812	813
812	817
462	668
462	775
231	668
231	775
515	668
515	775
769	668
769	775
384	668
384	775
844	668
844	775
834	117
834	117
834	681
834	449
834	726
834	193
834	337
834	15
834	835
834	836
170	89
170	833
170	311
170	373
170	652
170	532
170	214
111	89
111	833
111	311
111	373
111	652
111	532
111	214
388	869
61	837
613	837
240	404
840	632
840	759
840	774
840	390
840	634
801	102
801	401
801	465
801	448
801	587
687	607
608	607
713	188
713	202
713	703
713	253
713	589
713	275
713	791
713	534
713	367
713	825
713	854
851	14
851	88
851	97
851	136
851	172
851	180
851	784
851	786
851	221
851	227
851	703
851	253
851	589
851	276
851	323
851	326
851	339
851	779
851	503
851	785
851	534
851	367
851	552
851	554
851	555
851	559
851	673
851	674
851	852
851	743
851	747
851	811
599	100
472	71
472	501
472	121
472	843
472	475
472	679
607	85
607	106
607	210
607	251
607	370
607	398
607	408
607	452
607	743
607	687
607	608
607	649
607	787
607	787
103	327
103	188
103	560
103	558
103	689
103	173
103	561
103	45
103	244
103	266
103	790
103	556
103	780
103	118
103	181
103	328
103	853
103	433
103	841
103	661
103	549
103	293
103	294
103	183
103	783
103	394
103	791
103	557
103	553
103	325
103	324
103	675
103	284
103	283
103	226
103	223
103	850
689	103
689	118
689	780
689	173
689	181
689	183
689	188
689	223
689	226
689	284
689	293
689	294
689	791
689	783
689	324
689	325
689	327
689	328
689	790
689	433
689	553
689	556
689	557
689	558
689	560
689	561
689	673
689	675
689	853
689	841
689	394
689	850
106	607
407	14
407	47
407	622
407	141
407	144
407	178
407	199
407	207
407	398
407	814
407	722
407	661
402	14
402	47
402	622
402	141
402	144
402	178
402	199
402	207
402	398
402	814
402	722
402	661
661	47
661	622
661	58
661	82
661	108
661	103
661	118
661	780
661	173
661	181
661	183
661	188
661	199
661	224
661	226
661	284
661	293
661	294
661	791
661	783
661	324
661	325
661	327
661	328
661	501
661	121
661	843
661	790
661	433
661	407
661	402
661	551
661	553
661	556
661	557
661	558
661	560
661	561
661	842
661	394
661	850
661	841
661	853
191	190
191	190
191	475
548	96
145	14
145	30
145	282
145	38
145	40
145	55
145	445
145	90
145	97
145	327
145	560
145	558
145	326
145	561
145	461
145	778
145	790
145	180
145	177
145	585
145	534
145	367
145	556
145	779
145	761
145	761
145	405
145	502
145	513
145	753
145	335
145	739
145	820
145	138
145	481
145	47
145	622
145	252
145	625
145	576
145	525
145	152
145	319
145	436
145	436
145	671
145	830
145	830
145	717
145	400
145	299
145	295
145	538
145	551
145	339
145	183
145	181
145	785
145	394
145	555
145	557
145	552
145	553
145	325
145	328
145	324
145	323
145	674
145	311
145	491
145	826
145	714
145	283
145	831
145	500
145	360
145	223
145	224
145	227
145	565
145	464
455	794
829	475
25	54
25	523
25	182
25	228
25	456
25	355
25	305
25	256
455	794
493	4
493	153
493	795
493	463
422	4
422	153
422	795
422	463
640	4
640	153
640	795
640	463
796	4
796	153
796	795
796	463
185	4
185	153
185	795
185	463
603	323
610	554
271	144
271	182
271	279
271	434
271	800
271	717
271	456
194	144
194	182
194	279
194	434
194	800
194	717
194	456
680	389
680	688
42	160
42	210
42	800
437	370
437	125
222	197
222	370
222	782
704	685
466	263
466	504
323	14
323	97
323	145
323	172
323	180
323	784
323	786
323	221
323	276
323	326
323	779
323	555
323	674
323	554
323	603
323	339
323	811
323	785
323	559
323	552
323	673
323	852
323	851
2	355
2	305
2	256
672	677
672	678
509	91
509	123
509	352
509	370
509	782
509	504
509	507
509	735
509	734
509	510
509	537
297	724
426	425
426	752
406	425
406	752
867	262
867	501
867	121
867	843
867	868
867	869
867	870
867	872
867	871
862	280
862	579
862	57
70	821
869	177
869	223
869	261
869	388
869	501
869	121
869	843
869	867
869	850
869	870
869	872
869	871
157	319
157	436
157	436
115	626
115	681
115	449
586	40
586	124
586	187
586	86
343	501
343	121
343	843
756	501
756	121
756	843
301	300
301	302
301	167
301	347
301	216
301	447
301	636
301	545
301	132
301	659
301	128
301	594
301	550
67	300
67	302
67	167
67	347
67	216
67	447
67	636
67	545
67	132
67	659
67	128
67	594
67	550
329	300
329	302
329	167
329	347
329	216
329	447
329	636
329	545
329	132
329	659
329	128
329	594
329	550
348	300
348	302
348	167
348	347
348	216
348	447
348	636
348	545
348	132
348	659
348	128
348	594
348	550
493	300
493	302
493	167
493	347
493	216
493	447
493	636
493	545
493	132
493	659
493	128
493	594
493	550
422	300
422	302
422	167
422	347
422	216
422	447
422	636
422	545
422	132
422	659
422	128
422	594
422	550
446	300
446	302
446	167
446	347
446	216
446	447
446	636
446	545
446	132
446	659
446	128
446	594
446	550
109	300
109	302
109	167
109	347
109	216
109	447
109	636
109	545
109	132
109	659
109	128
109	594
109	550
635	300
635	302
635	167
635	347
635	216
635	447
635	636
635	545
635	132
635	659
635	128
635	594
635	550
640	300
640	302
640	167
640	347
640	216
640	447
640	636
640	545
640	132
640	659
640	128
640	594
640	550
135	300
135	302
135	167
135	347
135	216
135	447
135	636
135	545
135	132
135	659
135	128
135	594
135	550
131	300
131	302
131	167
131	347
131	216
131	447
131	636
131	545
131	132
131	659
131	128
131	594
131	550
371	300
371	302
371	167
371	347
371	216
371	447
371	636
371	545
371	132
371	659
371	128
371	594
371	550
185	300
185	302
185	167
185	347
185	216
185	447
185	636
185	545
185	132
185	659
185	128
185	594
185	550
340	300
340	302
340	167
340	347
340	216
340	447
340	636
340	545
340	132
340	659
340	128
340	594
340	550
593	300
593	302
593	167
593	347
593	216
593	447
593	636
593	545
593	132
593	659
593	128
593	594
593	550
463	326
463	380
463	438
463	551
463	493
463	422
463	640
463	796
463	185
463	647
463	770
463	793
463	795
463	799
721	475
602	475
338	88
505	501
505	121
505	843
486	98
486	315
486	319
486	436
486	436
486	439
744	742
198	225
198	511
484	44
484	48
484	101
484	130
484	345
484	465
484	530
484	609
484	619
646	741
646	119
873	612
126	40
126	273
126	614
859	501
859	121
859	843
859	370
159	423
571	558
549	103
549	276
824	501
824	121
824	843
824	536
213	676
777	9
452	398
452	607
452	828
632	759
632	840
632	774
632	390
632	634
750	522
750	749
217	41
334	93
334	129
467	94
467	518
541	656
541	540
628	40
628	370
628	475
628	627
628	629
110	44
110	414
110	611
731	475
423	159
757	140
757	779
757	670
287	393
287	773
600	501
600	121
600	843
34	85
821	70
614	32
614	40
614	316
614	718
614	126
614	141
614	273
614	306
614	475
614	506
614	551
614	774
614	390
614	700
614	699
614	676
20	168
209	374
209	206
209	272
209	207
209	210
255	76
255	164
255	395
255	458
255	252
255	625
255	576
255	254
255	711
251	85
251	607
43	89
43	814
43	642
43	791
43	259
43	660
43	624
658	140
658	825
658	738
658	850
617	140
617	825
617	738
617	850
339	97
339	145
339	172
339	180
339	784
339	786
339	221
339	276
339	323
339	326
339	534
339	367
339	779
339	555
339	674
339	554
339	851
339	408
339	559
339	552
339	785
339	852
339	811
339	673
57	624
57	862
682	754
218	235
218	673
656	541
540	541
409	572
771	7
771	82
771	108
771	150
771	150
771	152
771	489
771	399
771	438
771	770
761	145
411	225
411	250
411	296
411	623
411	133
411	525
411	815
267	46
267	336
140	47
140	622
140	497
140	361
140	757
140	658
140	617
140	199
204	23
204	804
204	32
204	40
204	82
204	108
204	124
204	203
204	501
204	121
204	843
204	475
204	273
204	506
204	286
204	774
204	390
204	551
117	54
117	523
117	88
117	726
117	193
117	337
117	15
117	641
117	834
117	681
117	449
817	358
817	568
817	358
817	568
817	812
817	813
199	140
199	407
199	402
199	661
199	224
188	103
188	118
188	780
188	173
188	181
188	183
188	327
188	689
188	853
188	433
188	841
188	534
188	367
188	661
188	202
188	293
188	294
188	783
188	394
188	791
188	790
188	556
188	557
188	558
188	560
188	561
188	553
188	325
188	328
188	324
188	675
188	713
188	284
188	283
188	226
188	223
188	227
188	850
433	103
433	118
433	780
433	173
433	181
433	183
433	188
433	223
433	226
433	283
433	284
433	293
433	294
433	791
433	783
433	324
433	325
433	327
433	328
433	790
433	560
433	558
433	689
433	561
433	556
433	394
433	553
433	557
433	850
433	841
433	675
433	853
433	661
432	856
432	39
432	136
432	784
432	326
432	785
432	534
432	367
432	674
432	525
300	301
300	67
300	329
300	348
300	493
300	422
300	446
300	109
300	635
300	640
300	135
300	131
300	371
300	185
300	340
300	593
302	301
302	67
302	329
302	348
302	493
302	422
302	446
302	109
302	635
302	640
302	135
302	131
302	371
302	185
302	340
302	593
167	301
167	67
167	329
167	348
167	493
167	422
167	446
167	109
167	635
167	640
167	135
167	131
167	371
167	185
167	340
167	593
347	301
347	67
347	329
347	348
347	493
347	422
347	446
347	109
347	635
347	640
347	135
347	131
347	371
347	185
347	340
347	593
216	301
216	67
216	329
216	348
216	493
216	422
216	446
216	109
216	635
216	640
216	135
216	131
216	371
216	185
216	340
216	593
447	301
447	67
447	329
447	348
447	493
447	422
447	446
447	109
447	635
447	640
447	135
447	131
447	371
447	185
447	340
447	593
636	301
636	67
636	329
636	348
636	493
636	422
636	446
636	109
636	635
636	640
636	135
636	131
636	371
636	185
636	340
636	593
545	301
545	67
545	329
545	348
545	493
545	422
545	446
545	109
545	635
545	640
545	135
545	131
545	371
545	185
545	340
545	593
132	301
132	67
132	329
132	348
132	493
132	422
132	446
132	109
132	635
132	640
132	135
132	131
132	371
132	185
132	340
132	593
659	301
659	67
659	329
659	348
659	493
659	422
659	446
659	109
659	635
659	640
659	135
659	131
659	371
659	185
659	340
659	593
128	301
128	67
128	329
128	348
128	493
128	422
128	446
128	109
128	635
128	640
128	135
128	131
128	371
128	185
128	340
128	593
594	301
594	67
594	329
594	348
594	493
594	422
594	446
594	109
594	635
594	640
594	135
594	131
594	371
594	185
594	340
594	593
550	301
550	67
550	329
550	348
550	493
550	422
550	446
550	109
550	635
550	640
550	135
550	131
550	371
550	185
550	340
550	593
18	123
634	632
634	774
634	390
634	840
583	479
583	196
583	31
583	739
583	820
733	154
733	495
826	145
826	336
714	145
714	336
284	103
284	118
284	780
284	173
284	181
284	183
284	188
284	223
284	226
284	227
284	283
284	327
284	560
284	558
284	689
284	561
284	790
284	556
284	328
284	394
284	853
284	433
284	841
284	661
284	293
284	294
284	783
284	791
284	557
284	553
284	325
284	324
284	675
284	850
691	221
691	501
691	121
691	843
691	675
694	762
498	762
236	234
236	528
294	103
294	118
294	780
294	173
294	181
294	183
294	188
294	223
294	226
294	283
294	284
294	293
294	327
294	560
294	558
294	689
294	561
294	790
294	556
294	328
294	394
294	783
294	553
294	791
294	557
294	850
294	841
294	675
294	325
294	854
294	853
294	433
294	661
294	324
294	673
697	69
697	95
697	697
697	441
697	581
697	696
441	69
441	95
441	697
441	441
441	581
441	696
736	479
736	196
736	739
736	820
736	737
123	18
123	509
123	735
123	734
123	507
123	510
123	537
276	97
276	172
276	180
276	784
276	786
276	221
276	326
276	45
276	244
276	266
276	549
276	339
276	811
276	785
276	779
276	554
276	555
276	559
276	552
276	323
276	674
276	673
276	852
276	851
318	83
318	781
318	810
318	650
318	850
471	69
32	273
32	204
32	774
32	390
32	40
32	614
55	145
55	501
55	121
55	843
857	7
857	152
857	381
857	489
354	501
354	121
354	843
356	501
356	121
356	843
754	682
668	462
668	231
668	515
668	769
668	384
668	844
775	462
775	231
775	515
775	769
775	384
775	844
69	697
69	441
69	443
69	708
69	341
69	471
674	97
674	145
674	172
674	180
674	784
674	786
674	221
674	227
674	276
674	323
674	326
674	339
674	779
674	785
674	432
674	49
674	573
674	723
674	490
674	519
674	52
674	552
674	554
674	555
674	559
674	673
674	726
674	193
674	337
674	15
674	747
674	854
674	811
674	852
674	851
577	283
577	319
577	436
577	436
577	531
577	566
577	619
23	22
23	166
23	204
804	22
804	166
804	204
373	170
373	111
373	214
480	501
480	121
480	843
480	483
626	115
37	642
37	259
37	124
37	624
37	597
37	597
75	745
499	85
499	104
499	136
499	223
499	232
499	703
499	253
499	589
499	275
499	280
499	579
499	292
499	442
499	325
499	386
499	386
499	781
499	856
499	39
499	810
499	525
499	743
499	738
499	557
499	552
499	725
533	85
533	104
533	136
533	223
533	232
533	703
533	253
533	589
533	275
533	280
533	579
533	292
533	442
533	325
533	386
533	386
533	781
533	856
533	39
533	810
533	525
533	743
533	738
533	557
533	552
533	725
808	85
808	104
808	136
808	223
808	232
808	703
808	253
808	589
808	275
808	280
808	579
808	292
808	442
808	325
808	386
808	386
808	781
808	856
808	39
808	810
808	525
808	743
808	738
808	557
808	552
808	725
29	28
203	204
134	258
80	310
531	319
531	436
531	620
531	413
531	681
531	449
531	454
531	566
531	577
316	475
316	273
316	700
316	699
316	676
316	506
316	614
718	475
718	273
718	700
718	699
718	676
718	506
718	614
551	7
551	40
551	141
551	145
551	154
551	204
551	268
551	475
551	676
551	463
551	770
551	661
551	614
418	391
815	726
815	193
815	337
815	15
815	36
815	182
815	786
815	228
815	325
815	355
815	305
815	256
815	376
815	411
815	456
815	475
815	552
815	630
815	394
383	420
561	103
561	118
561	145
561	780
561	173
561	181
561	183
561	188
561	223
561	226
561	227
561	283
561	284
561	293
561	294
561	791
561	783
561	324
561	325
561	327
561	328
561	790
561	433
561	553
561	556
561	557
561	558
561	560
561	689
561	853
561	841
561	661
561	394
561	675
561	673
561	850
557	103
557	118
557	145
557	780
557	173
557	181
557	183
557	188
557	223
557	226
557	227
557	283
557	284
557	293
557	294
557	791
557	783
557	324
557	325
557	327
557	328
557	790
557	433
557	499
557	533
557	808
557	553
557	556
557	560
557	558
557	689
557	561
557	394
557	853
557	841
557	661
557	675
557	850
464	4
464	7
464	145
464	495
464	770
464	252
464	625
464	576
755	647
421	265
421	477
864	856
864	39
414	544
414	110
611	544
611	110
512	254
205	210
428	427
428	430
401	801
666	239
186	184
186	420
631	856
631	39
767	856
767	39
427	273
427	500
427	475
427	794
427	428
165	501
165	121
165	843
344	501
344	121
344	843
729	136
729	164
729	395
729	458
729	252
729	625
729	576
729	650
729	743
30	145
500	144
500	145
500	225
500	510
500	427
500	355
500	305
500	256
453	333
113	48
113	609
113	374
113	206
113	272
113	465
385	501
385	121
385	843
7	5
7	857
7	150
7	150
7	647
7	152
7	794
7	175
7	495
7	771
7	770
7	9
7	765
7	695
7	551
7	399
7	464
306	614
420	184
420	186
420	319
420	436
420	383
309	776
693	63
693	162
693	572
54	726
54	193
54	337
54	15
54	450
54	566
54	751
54	469
54	155
54	25
54	54
54	523
54	681
54	449
54	819
54	618
54	117
54	117
523	726
523	193
523	337
523	15
523	450
523	566
523	751
523	469
523	155
523	25
523	54
523	523
523	681
523	449
523	819
523	618
523	117
523	117
31	479
31	196
31	583
31	739
31	820
852	88
852	97
852	172
852	180
852	784
852	786
852	221
852	276
852	323
852	326
852	339
852	779
852	785
852	552
852	554
852	555
852	559
852	673
852	674
852	851
852	811
295	145
560	103
560	118
560	145
560	780
560	173
560	181
560	183
560	188
560	223
560	226
560	227
560	283
560	284
560	293
560	294
560	791
560	783
560	324
560	325
560	327
560	328
560	790
560	433
560	553
560	556
560	557
560	558
560	689
560	853
560	841
560	661
560	394
560	561
560	675
560	850
537	123
537	507
537	509
537	735
537	734
118	103
118	327
118	188
118	560
118	558
118	689
118	173
118	561
118	790
118	556
118	780
118	853
118	433
118	841
118	661
118	293
118	294
118	183
118	181
118	783
118	394
118	791
118	557
118	553
118	325
118	328
118	324
118	675
118	284
118	226
118	223
118	850
68	681
68	449
671	145
117	54
117	523
117	88
117	641
117	834
117	681
117	449
783	82
783	108
783	103
783	118
783	780
783	173
783	181
783	183
783	188
783	223
783	226
783	283
783	284
783	293
783	294
783	791
783	327
783	560
783	558
783	689
783	561
783	790
783	556
783	328
783	394
783	853
783	433
783	841
783	661
783	557
783	553
783	325
783	324
783	675
783	850
791	43
791	103
791	118
791	780
791	173
791	181
791	183
791	188
791	784
791	223
791	226
791	227
791	283
791	284
791	293
791	294
791	327
791	560
791	713
791	558
791	689
791	561
791	790
791	556
791	328
791	394
791	783
791	553
791	853
791	433
791	841
791	661
791	557
791	325
791	324
791	675
791	850
508	66
508	728
91	509
803	370
803	739
803	820
225	36
225	83
225	182
225	198
225	630
225	475
225	587
225	376
225	411
225	500
225	429
225	228
225	456
637	130
195	175
195	252
195	625
195	576
175	7
175	9
175	794
175	495
175	765
175	695
175	770
175	195
175	176
627	628
629	506
629	628
586	40
586	124
586	187
586	86
588	856
588	39
397	353
397	398
563	475
563	866
172	97
172	326
172	276
172	339
172	811
172	180
172	786
172	785
172	784
172	779
172	554
172	555
172	559
172	552
172	323
172	674
172	673
172	221
172	852
172	851
227	88
227	97
227	145
227	780
227	173
227	181
227	183
227	188
227	223
227	224
227	226
227	327
227	560
227	558
227	561
227	475
227	790
227	556
227	779
227	555
227	674
227	328
227	394
227	284
227	553
227	853
227	841
227	293
227	791
227	557
227	552
227	325
227	324
227	851
227	850
232	748
232	125
232	380
232	278
232	529
232	408
232	499
232	533
232	808
232	789
831	145
283	103
283	145
283	780
283	173
283	181
283	183
283	188
283	223
283	226
283	327
283	560
283	558
283	561
283	790
283	556
283	554
283	328
283	394
283	284
283	856
283	39
283	783
283	553
283	791
283	557
283	853
283	433
283	841
283	293
283	294
283	325
283	324
283	577
283	850
870	867
870	868
870	869
870	872
319	10
319	145
319	157
319	182
319	531
319	319
319	436
319	436
319	420
319	577
319	566
319	345
319	619
319	486
319	765
319	695
319	454
319	681
319	449
319	456
436	10
436	145
436	157
436	182
436	531
436	319
436	436
436	436
436	420
436	577
436	566
436	345
436	619
436	486
436	765
436	695
436	454
436	681
436	449
436	456
436	10
436	145
436	157
436	182
436	319
436	436
436	566
436	486
436	765
436	695
436	454
436	681
436	449
436	577
436	456
281	475
376	36
376	182
376	225
376	228
376	630
376	815
376	456
837	61
837	613
469	54
469	523
469	819
469	618
469	336
469	726
469	193
469	337
469	15
469	835
469	322
469	565
136	49
136	573
136	723
136	490
136	519
136	52
136	125
136	534
136	367
136	432
136	442
136	386
136	386
136	856
136	39
136	703
136	253
136	589
136	738
136	499
136	533
136	808
136	729
136	275
136	725
136	854
136	408
136	650
136	851
150	4
150	7
150	792
150	268
150	771
150	770
150	765
150	695
839	233
839	838
429	225
404	62
404	240
746	501
746	121
746	843
96	501
96	121
96	843
96	548
663	664
587	225
587	801
352	509
352	510
743	104
743	181
743	292
743	398
743	278
743	529
743	499
743	533
743	808
743	607
743	650
743	729
743	851
171	798
850	103
850	118
850	780
850	173
850	181
850	183
850	188
850	223
850	226
850	227
850	283
850	284
850	293
850	294
850	791
850	318
850	783
850	324
850	325
850	327
850	328
850	790
850	433
850	475
850	553
850	556
850	557
850	558
850	560
850	561
850	661
850	658
850	617
850	675
850	689
850	394
850	869
850	856
850	39
850	853
850	841
784	97
784	172
784	180
784	326
784	276
784	779
784	786
784	854
784	432
784	339
784	811
784	785
784	791
784	554
784	555
784	559
784	552
784	323
784	674
784	673
784	221
784	852
784	851
779	14
779	97
779	145
779	172
779	180
779	784
779	786
779	221
779	223
779	227
779	276
779	323
779	326
779	339
779	757
779	811
779	785
779	554
779	555
779	559
779	552
779	674
779	673
779	852
779	851
556	103
556	118
556	145
556	780
556	173
556	181
556	183
556	188
556	223
556	226
556	227
556	283
556	284
556	293
556	294
556	791
556	783
556	324
556	325
556	327
556	328
556	790
556	433
556	553
556	560
556	558
556	689
556	561
556	853
556	841
556	661
556	394
556	557
556	675
556	850
790	103
790	118
790	145
790	780
790	173
790	181
790	183
790	188
790	223
790	226
790	227
790	283
790	284
790	293
790	294
790	791
790	783
790	324
790	325
790	327
790	328
790	560
790	558
790	689
790	561
790	853
790	433
790	841
790	661
790	394
790	556
790	557
790	553
790	675
790	850
554	97
554	172
554	180
554	784
554	786
554	221
554	223
554	610
554	276
554	283
554	323
554	326
554	339
554	779
554	785
554	552
554	555
554	674
554	811
554	559
554	673
554	852
554	851
380	520
380	79
380	82
380	108
380	153
380	232
380	495
380	770
380	463
325	88
325	103
325	118
325	145
325	780
325	173
325	181
325	183
325	188
325	223
325	226
325	227
325	283
325	284
325	293
325	294
325	791
325	783
325	324
325	327
325	560
325	558
325	689
325	561
325	790
325	556
325	328
325	394
325	856
325	39
325	553
325	557
325	850
325	815
325	841
325	675
325	853
325	433
325	499
325	533
325	808
325	661
325	456
558	103
558	118
558	145
558	780
558	173
558	181
558	183
558	188
558	223
558	226
558	227
558	283
558	284
558	293
558	294
558	791
558	783
558	324
558	325
558	327
558	328
558	790
558	433
558	553
558	556
558	557
558	560
558	689
558	853
558	841
558	571
558	661
558	394
558	561
558	675
558	850
552	97
552	145
552	172
552	180
552	784
552	786
552	221
552	227
552	276
552	323
552	326
552	339
552	779
552	785
552	408
552	499
552	533
552	808
552	555
552	674
552	554
552	851
552	559
552	815
552	811
552	673
552	852
455	794
49	49
49	573
49	723
49	490
49	519
49	52
49	703
49	253
49	589
49	810
49	650
49	136
49	674
49	854
573	49
573	573
573	723
573	490
573	519
573	52
573	703
573	253
573	589
573	810
573	650
573	136
573	674
573	854
723	49
723	573
723	723
723	490
723	519
723	52
723	703
723	253
723	589
723	810
723	650
723	136
723	674
723	854
490	49
490	573
490	723
490	490
490	519
490	52
490	703
490	253
490	589
490	810
490	650
490	136
490	674
490	854
519	49
519	573
519	723
519	490
519	519
519	52
519	703
519	253
519	589
519	810
519	650
519	136
519	674
519	854
52	49
52	573
52	723
52	490
52	519
52	52
52	703
52	253
52	589
52	810
52	650
52	136
52	674
52	854
797	9
797	151
797	387
220	250
265	265
265	477
265	421
265	476
477	265
477	477
477	421
477	476
741	475
741	646
741	657
741	662
741	741
741	119
741	615
741	105
741	160
119	475
119	646
119	657
119	662
119	741
119	119
119	615
119	105
119	160
357	357
357	639
357	639
59	357
59	639
59	639
190	475
190	191
650	49
650	573
650	723
650	490
650	519
650	52
650	136
650	786
650	703
650	253
650	589
650	280
650	579
650	318
650	442
650	278
650	529
650	743
650	856
650	39
650	738
650	810
650	747
650	729
700	40
700	72
700	316
700	718
700	219
700	506
700	614
700	676
700	700
700	699
699	40
699	72
699	316
699	718
699	219
699	506
699	614
699	676
699	700
699	699
184	186
184	420
525	47
525	622
525	145
525	311
525	327
525	398
525	411
525	432
525	747
525	499
525	533
525	808
207	141
207	238
207	209
207	407
207	402
5	4
5	268
5	7
5	647
5	794
5	765
5	695
5	399
639	357
639	59
639	357
639	639
11	833
11	535
825	324
825	713
825	658
825	617
825	738
744	742
92	638
273	32
273	71
273	316
273	718
273	126
273	204
273	374
273	206
273	272
273	427
273	662
273	676
273	355
273	305
273	256
273	614
63	572
63	693
675	103
675	118
675	780
675	173
675	181
675	183
675	188
675	221
675	223
675	226
675	284
675	293
675	294
675	791
675	783
675	324
675	325
675	327
675	328
675	501
675	121
675	843
675	790
675	433
675	553
675	556
675	557
675	558
675	560
675	561
675	689
675	394
675	850
675	691
675	841
675	853
321	226
321	592
321	673
863	479
863	196
863	739
863	820
762	694
762	498
762	763
762	765
762	695
623	250
623	411
620	566
620	531
345	44
345	48
345	101
345	319
345	436
345	566
345	484
345	530
345	609
345	619
345	465
413	566
413	531
413	454
678	672
678	677
707	40
707	501
707	121
707	843
287	393
287	773
439	98
439	486
866	501
866	121
866	843
866	563
866	563
36	630
36	501
36	121
36	843
36	475
36	225
36	114
36	376
36	355
36	305
36	256
36	815
36	182
36	228
36	456
8	770
440	800
351	506
252	145
252	195
252	255
252	542
252	370
252	464
252	729
625	145
625	195
625	255
625	542
625	370
625	464
625	729
576	145
576	195
576	255
576	542
576	370
576	464
576	729
539	856
539	39
219	40
219	82
219	108
219	501
219	121
219	843
219	700
219	699
219	506
747	202
747	525
747	650
747	674
747	851
382	856
382	39
544	414
544	611
33	282
33	38
465	44
465	48
465	101
465	113
465	345
465	484
465	530
465	801
465	609
465	619
465	698
765	5
765	7
765	776
765	150
765	150
765	175
765	326
765	319
765	436
765	436
765	456
765	114
765	762
765	763
765	399
765	794
695	5
695	7
695	776
695	150
695	150
695	175
695	326
695	319
695	436
695	436
695	456
695	114
695	762
695	763
695	399
695	794
268	5
268	150
268	150
268	551
268	399
451	818
210	209
210	398
210	607
210	205
210	42
353	397
353	398
234	236
528	236
430	428
248	1
248	84
248	254
701	1
701	84
701	254
310	19
310	80
476	265
476	477
842	661
114	36
114	182
114	228
114	355
114	305
114	256
114	456
114	495
114	765
114	695
114	643
724	297
372	669
372	473
601	317
737	736
737	479
737	196
737	739
737	820
673	97
673	172
673	180
673	183
673	784
673	786
673	218
673	221
673	226
673	276
673	294
673	323
673	326
673	339
673	779
673	503
673	785
673	552
673	554
673	555
673	559
673	561
673	689
673	674
673	851
673	853
673	852
673	321
673	811
41	40
41	217
860	855
4	152
4	150
4	150
4	493
4	422
4	640
4	796
4	185
4	9
4	6
4	5
4	438
4	399
4	464
233	839
475	36
475	62
475	71
475	82
475	108
475	316
475	718
475	97
475	99
475	424
475	741
475	119
475	122
475	139
475	77
475	141
475	177
475	178
475	182
475	190
475	190
475	191
475	204
475	221
475	225
475	227
475	228
475	247
475	721
475	602
475	612
475	346
475	374
475	206
475	272
475	281
475	355
475	305
475	256
475	364
475	778
475	419
475	427
475	434
475	457
475	107
475	800
475	470
475	472
475	169
475	731
475	655
475	706
475	856
475	39
475	628
475	717
475	633
475	563
475	563
475	584
475	662
475	813
475	781
475	551
475	815
475	679
475	822
475	133
475	614
475	829
475	850
475	766
502	145
502	405
822	82
822	108
822	475
822	94
822	518
130	637
130	484
130	819
130	618
130	609
130	809
130	562
322	469
706	475
574	652
21	543
342	314
369	82
369	108
369	94
369	518
563	475
563	866
214	170
214	111
214	373
366	202
835	469
835	834
835	836
696	697
696	441
522	750
522	750
749	750
749	750
776	765
776	695
776	309
260	456
592	321
293	82
293	108
293	103
293	118
293	780
293	173
293	181
293	183
293	188
293	223
293	226
293	227
293	283
293	284
293	327
293	560
293	558
293	689
293	561
293	790
293	556
293	328
293	394
293	783
293	553
293	791
293	557
293	850
293	841
293	675
293	325
293	294
293	433
293	853
293	661
293	324
819	54
819	523
819	130
819	125
819	442
819	469
819	809
819	641
819	681
819	449
819	565
819	833
618	54
618	523
618	130
618	125
618	442
618	469
618	809
618	641
618	681
618	449
618	565
618	833
584	475
237	758
2	355
2	305
2	256
633	475
262	261
262	867
262	871
264	82
264	108
398	82
398	108
398	210
398	397
398	743
398	407
398	402
398	452
398	525
398	353
398	506
398	607
868	261
868	867
868	870
868	872
855	860
830	145
83	225
83	318
83	228
83	410
83	456
664	663
692	501
692	121
692	843
692	655
419	475
759	82
759	108
759	632
759	840
759	774
759	390
425	280
425	579
425	426
425	406
752	280
752	579
752	426
752	406
313	716
786	97
786	172
786	173
786	180
786	784
786	326
786	276
786	779
786	408
786	339
786	811
786	815
786	785
786	554
786	555
786	559
786	552
786	323
786	674
786	673
786	221
786	223
786	650
786	852
786	851
396	370
399	4
399	5
399	7
399	856
399	39
399	748
399	268
399	771
399	434
399	647
399	765
399	695
399	770
399	794
761	145
501	35
501	36
501	40
501	47
501	622
501	50
501	55
501	71
501	96
501	164
501	395
501	458
501	112
501	375
501	859
501	657
501	165
501	648
501	768
501	354
501	356
501	600
501	124
501	144
501	147
501	204
501	219
501	238
501	707
501	292
501	298
501	343
501	344
501	359
501	378
501	385
501	756
501	756
501	506
501	691
501	692
501	598
501	480
501	505
501	702
501	649
501	746
501	824
501	661
501	781
501	569
501	675
501	866
501	867
501	869
501	833
501	472
501	865
501	333
121	35
121	36
121	40
121	47
121	622
121	50
121	55
121	71
121	96
121	164
121	395
121	458
121	112
121	375
121	859
121	657
121	165
121	648
121	768
121	354
121	356
121	600
121	124
121	144
121	147
121	204
121	219
121	238
121	707
121	292
121	298
121	343
121	344
121	359
121	378
121	385
121	756
121	756
121	506
121	691
121	692
121	598
121	480
121	505
121	702
121	649
121	746
121	824
121	661
121	781
121	569
121	675
121	866
121	867
121	869
121	833
121	472
121	865
121	333
843	35
843	36
843	40
843	47
843	622
843	50
843	55
843	71
843	96
843	164
843	395
843	458
843	112
843	375
843	859
843	657
843	165
843	648
843	768
843	354
843	356
843	600
843	124
843	144
843	147
843	204
843	219
843	238
843	707
843	292
843	298
843	343
843	344
843	359
843	378
843	385
843	756
843	756
843	506
843	691
843	692
843	598
843	480
843	505
843	702
843	649
843	746
843	824
843	661
843	781
843	569
843	675
843	866
843	867
843	869
843	833
843	472
843	865
843	333
711	255
711	497
304	459
304	303
298	501
298	121
298	843
756	501
756	121
756	843
333	501
333	121
333	843
333	453
683	838
93	334
129	334
643	182
643	228
643	291
643	456
643	114
849	833
202	188
202	713
202	747
202	366
9	4
9	7
9	326
9	82
9	108
9	797
9	777
9	152
9	175
9	647
856	14
856	326
856	180
856	781
856	432
856	399
856	47
856	622
856	136
856	223
856	275
856	280
856	579
856	283
856	325
856	382
856	386
856	386
856	468
856	475
856	499
856	533
856	808
856	539
856	588
856	631
856	767
856	650
856	667
856	394
856	810
856	850
856	864
39	14
39	326
39	180
39	781
39	432
39	399
39	47
39	622
39	136
39	223
39	275
39	280
39	579
39	283
39	325
39	382
39	386
39	386
39	468
39	475
39	499
39	533
39	808
39	539
39	588
39	631
39	767
39	650
39	667
39	394
39	810
39	850
39	864
95	697
95	441
139	475
77	475
745	75
865	501
865	121
865	843
566	48
566	54
566	523
566	82
566	108
566	319
566	436
566	620
566	345
566	413
566	436
566	454
566	530
566	531
566	758
566	577
566	619
200	510
112	501
112	121
112	843
649	501
649	121
649	843
649	607
833	11
833	170
833	111
833	501
833	121
833	843
833	535
833	819
833	618
833	849
833	849
781	856
781	39
781	318
781	501
781	121
781	843
781	434
781	475
781	499
781	533
781	808
781	810
598	501
598	121
598	843
598	547
489	149
489	771
489	857
489	770
358	403
358	817
568	403
568	817
358	403
358	817
568	403
568	817
751	54
751	523
162	693
468	856
468	39
849	833
85	34
85	251
85	607
85	703
85	253
85	589
85	499
85	533
85	808
85	408
378	501
378	121
378	843
393	287
393	287
393	774
393	390
393	392
393	772
393	393
393	773
393	368
773	287
773	287
773	774
773	390
773	392
773	772
773	393
773	773
773	368
581	697
581	441
415	417
416	417
357	357
357	59
357	357
357	639
357	639
639	357
639	59
639	357
639	639
639	639
258	134
766	475
597	37
597	596
597	642
81	703
81	253
81	589
81	275
269	156
45	259
45	103
45	276
244	259
244	103
244	276
266	259
266	103
266	276
288	290
178	44
178	141
178	475
178	407
178	402
684	259
379	377
257	377
841	88
841	103
841	118
841	780
841	173
841	181
841	183
841	188
841	223
841	226
841	227
841	283
841	284
841	293
841	294
841	791
841	783
841	324
841	325
841	327
841	328
841	790
841	433
841	553
841	556
841	557
841	558
841	560
841	561
841	661
841	675
841	689
841	394
841	850
841	853
547	598
389	680
389	389
389	688
688	680
688	389
688	688
809	130
809	819
809	618
809	562
403	358
403	568
403	358
403	568
224	145
224	199
224	226
224	227
224	374
224	206
224	272
224	661
830	145
259	37
259	43
259	45
259	244
259	266
259	642
259	662
259	814
259	684
230	527
230	526
807	527
807	526
277	527
277	526
546	527
546	526
858	527
858	526
250	220
250	555
250	623
250	411
530	44
530	48
530	101
530	345
530	465
530	484
530	566
530	609
530	698
530	619
146	705
146	148
792	150
792	150
792	795
792	794
792	799
669	372
473	372
624	37
624	43
624	89
624	124
624	642
624	57
361	124
361	140
361	506
1	248
1	701
1	254
84	248
84	701
84	254
510	123
510	215
510	314
510	352
510	500
510	200
510	506
510	507
510	509
510	734
275	136
275	703
275	253
275	589
275	713
275	125
275	81
275	386
275	386
275	856
275	39
275	499
275	533
275	808
275	810
275	408
275	854
3	6
575	82
575	108
619	44
619	48
619	319
619	436
619	345
619	465
619	484
619	530
619	566
619	577
619	609
154	152
154	733
154	551
154	438
238	207
238	501
238	121
238	843
355	36
355	665
355	590
355	727
355	604
355	350
355	163
355	312
355	182
355	228
355	374
355	206
355	272
355	273
355	279
355	114
355	475
355	662
355	815
355	456
355	802
355	500
355	2
355	2
355	25
305	36
305	665
305	590
305	727
305	604
305	350
305	163
305	312
305	182
305	228
305	374
305	206
305	272
305	273
305	279
305	114
305	475
305	662
305	815
305	456
305	802
305	500
305	2
305	2
305	25
256	36
256	665
256	590
256	727
256	604
256	350
256	163
256	312
256	182
256	228
256	374
256	206
256	272
256	273
256	279
256	114
256	475
256	662
256	815
256	456
256	802
256	500
256	2
256	2
256	25
854	136
854	181
854	784
854	703
854	253
854	589
854	275
854	294
854	456
854	49
854	573
854	723
854	490
854	519
854	52
854	674
854	713
478	138
478	481
534	104
534	136
534	145
534	158
534	158
534	188
534	339
534	386
534	386
534	432
534	713
534	851
367	104
367	136
367	145
367	158
367	158
367	188
367	339
367	386
367	386
367	432
367	713
367	851
813	87
813	475
813	812
813	817
169	475
717	124
717	145
717	271
717	194
717	370
717	800
717	475
728	66
728	508
734	123
734	504
734	507
734	509
734	510
734	537
734	735
296	411
47	501
47	121
47	843
47	125
47	140
47	407
47	402
47	856
47	39
47	525
47	661
47	145
622	501
622	121
622	843
622	125
622	140
622	407
622	402
622	856
622	39
622	525
622	661
622	145
391	418
660	43
660	89
660	328
553	103
553	118
553	145
553	780
553	173
553	181
553	183
553	188
553	223
553	226
553	227
553	283
553	284
553	293
553	294
553	791
553	783
553	324
553	325
553	327
553	328
553	790
553	433
553	560
553	558
553	689
553	561
553	556
553	394
553	853
553	841
553	661
553	557
553	675
553	850
494	645
152	4
152	7
152	9
152	145
152	149
152	857
152	645
152	799
152	770
152	154
152	771
152	789
532	170
532	111
327	103
327	118
327	145
327	780
327	173
327	181
327	183
327	188
327	223
327	226
327	227
327	283
327	284
327	293
327	294
327	791
327	783
327	324
327	325
327	689
327	525
327	853
327	433
327	841
327	661
327	394
327	790
327	556
327	557
327	558
327	560
327	561
327	553
327	328
327	675
327	850
328	103
328	118
328	145
328	780
328	660
328	173
328	181
328	183
328	188
328	223
328	226
328	227
328	283
328	284
328	293
328	294
328	791
328	783
328	324
328	325
328	327
328	560
328	558
328	689
328	561
328	790
328	556
328	853
328	433
328	841
328	661
328	394
328	557
328	553
328	675
328	850
335	145
787	370
787	607
652	170
652	111
652	574
226	88
226	103
226	118
226	780
226	173
226	181
226	183
226	188
226	221
226	223
226	224
226	327
226	560
226	558
226	689
226	561
226	790
226	556
226	328
226	394
226	284
226	853
226	433
226	841
226	321
226	661
226	293
226	294
226	644
226	783
226	791
226	557
226	553
226	325
226	324
226	675
226	673
226	283
226	227
226	850
223	97
223	103
223	118
223	145
223	780
223	173
223	181
223	183
223	188
223	786
223	327
223	560
223	558
223	689
223	561
223	790
223	556
223	779
223	869
223	554
223	328
223	386
223	386
223	394
223	284
223	856
223	39
223	226
223	783
223	553
223	853
223	433
223	841
223	499
223	533
223	808
223	293
223	294
223	791
223	557
223	325
223	324
223	675
223	283
223	227
223	850
456	36
456	83
456	182
456	225
456	228
456	325
456	271
456	194
456	355
456	305
456	256
456	376
456	319
456	436
456	436
456	765
456	695
456	114
456	643
456	260
456	25
456	815
456	495
456	854
324	103
324	118
324	145
324	780
324	173
324	181
324	183
324	188
324	223
324	226
324	227
324	283
324	284
324	293
324	294
324	791
324	783
324	327
324	560
324	726
324	193
324	337
324	15
324	558
324	689
324	561
324	790
324	556
324	825
324	328
324	394
324	553
324	557
324	850
324	841
324	675
324	325
324	433
324	853
324	661
228	36
228	83
228	182
228	225
228	475
228	245
228	114
228	643
228	376
228	25
228	495
228	355
228	305
228	256
228	815
228	456
13	163
13	312
163	355
163	305
163	256
163	182
163	13
163	630
163	365
312	355
312	305
312	256
312	182
312	13
312	630
312	365
177	145
177	475
177	869
317	601
147	501
147	121
147	843
482	370
482	655
816	142
158	160
158	534
158	367
158	160
158	534
158	367
180	856
180	39
180	97
180	145
180	172
180	173
180	326
180	276
180	853
180	339
180	811
180	786
180	785
180	784
180	779
180	554
180	555
180	559
180	552
180	323
180	674
180	673
180	221
180	852
180	851
183	103
183	118
183	145
183	780
183	173
183	181
183	327
183	188
183	560
183	558
183	689
183	561
183	790
183	556
183	328
183	394
183	284
183	226
183	783
183	553
183	223
183	227
183	791
183	557
183	283
183	853
183	433
183	841
183	661
183	293
183	294
183	325
183	324
183	675
183	673
183	850
46	267
785	97
785	145
785	172
785	180
785	784
785	786
785	221
785	276
785	323
785	326
785	339
785	779
785	555
785	674
785	432
785	554
785	851
785	559
785	552
785	811
785	673
785	852
716	313
665	355
665	305
665	256
665	182
590	355
590	305
590	256
590	182
727	355
727	305
727	256
727	182
604	355
604	305
604	256
604	182
350	355
350	305
350	256
350	182
443	69
708	69
341	69
770	7
770	8
770	150
770	150
770	152
770	175
770	771
770	380
770	438
770	464
770	489
770	551
770	399
770	463
142	816
683	838
346	475
27	434
76	370
76	255
155	54
155	523
122	475
148	146
148	705
810	14
810	49
810	573
810	723
810	490
810	519
810	52
810	703
810	253
810	589
810	374
810	206
810	272
810	275
810	280
810	579
810	318
810	499
810	533
810	808
810	781
810	650
810	856
810	39
88	338
88	841
88	559
88	325
88	117
88	117
88	226
88	227
88	852
88	851
703	49
703	573
703	723
703	490
703	519
703	52
703	85
703	104
703	136
703	713
703	81
703	442
703	386
703	275
703	725
703	854
703	499
703	533
703	808
703	810
703	738
703	650
703	851
703	630
253	49
253	573
253	723
253	490
253	519
253	52
253	85
253	104
253	136
253	713
253	81
253	442
253	386
253	275
253	725
253	854
253	499
253	533
253	808
253	810
253	738
253	650
253	851
253	630
589	49
589	573
589	723
589	490
589	519
589	52
589	85
589	104
589	136
589	713
589	81
589	442
589	386
589	275
589	725
589	854
589	499
589	533
589	808
589	810
589	738
589	650
589	851
589	630
19	310
280	856
280	39
280	499
280	533
280	808
280	810
280	425
280	752
280	650
280	862
280	719
579	856
579	39
579	499
579	533
579	808
579	810
579	425
579	752
579	650
579	862
579	719
24	192
24	189
141	475
141	662
141	144
141	551
141	614
141	178
141	207
141	407
141	402
153	380
153	493
153	422
153	640
153	796
153	185
285	285
285	56
56	285
56	56
538	145
90	145
151	797
151	438
44	48
44	484
44	278
44	529
44	530
44	235
44	101
44	609
44	619
44	345
44	465
44	110
44	178
438	4
438	151
438	154
438	771
438	645
438	463
438	770
438	789
655	53
655	370
655	475
655	692
655	482
100	599
483	480
670	757
442	136
442	703
442	253
442	589
442	819
442	618
442	570
442	499
442	533
442	808
442	650
768	501
768	121
768	843
190	475
190	191
