413	72
413	88
413	147
315	251
321	241
20	72
20	454
76	120
76	458
160	352
160	5
40	183
91	147
91	288
91	173
91	402
438	57
438	147
438	173
438	436
269	77
269	364
23	157
23	186
23	290
313	358
153	7
424	262
183	40
183	427
183	338
77	269
211	178
57	193
57	239
57	147
57	398
57	292
57	453
57	338
57	438
72	20
72	45
72	109
72	201
72	349
72	413
72	184
72	85
72	88
72	147
72	226
72	436
72	173
72	249
72	250
72	446
72	143
72	346
72	255
414	50
329	301
320	93
320	119
320	170
320	176
320	56
320	412
320	386
22	243
22	39
22	416
22	116
303	444
303	37
303	429
303	59
303	165
303	135
59	8
59	184
59	228
59	88
59	452
59	144
59	147
59	133
59	394
59	303
59	118
59	436
59	229
59	173
59	115
59	402
59	250
59	107
175	361
289	73
378	7
378	184
378	240
405	235
459	349
459	449
393	99
393	240
393	386
393	458
442	58
442	387
442	83
442	61
286	354
12	366
12	16
12	229
12	380
44	374
44	266
44	255
238	109
156	336
46	199
432	251
86	233
403	88
403	29
119	170
119	320
119	56
97	256
371	419
311	171
311	102
56	119
56	170
56	320
53	204
135	303
135	461
202	262
254	138
406	428
406	149
263	84
70	261
79	339
364	262
364	269
364	304
188	47
381	145
99	4
99	34
99	180
99	312
99	154
99	372
99	458
99	428
99	120
99	393
430	17
430	18
430	384
191	425
452	59
328	209
328	285
328	217
328	382
291	209
291	285
291	217
291	382
31	8
31	420
31	133
349	72
349	115
349	147
349	162
349	459
201	72
201	446
133	8
133	31
133	59
133	420
133	107
133	394
372	99
275	109
275	400
275	147
275	173
275	436
182	109
182	232
182	248
325	13
325	423
370	75
370	101
152	75
152	101
344	75
344	101
356	192
207	17
308	134
392	368
423	13
423	14
423	244
423	268
423	325
423	217
423	382
190	293
434	173
293	245
293	190
293	425
17	207
17	430
17	384
17	454
6	352
6	5
19	268
19	217
19	382
19	209
19	450
319	108
319	134
319	176
319	234
319	309
319	402
319	161
451	109
451	400
338	57
338	183
338	427
52	232
128	151
128	276
229	12
229	59
229	228
229	366
229	420
29	403
380	12
380	16
380	48
380	214
380	265
437	355
437	177
81	197
267	124
267	458
213	458
78	121
78	104
3	278
357	168
357	282
357	435
297	295
185	278
317	458
376	336
50	414
226	72
226	88
226	140
226	162
226	239
226	334
226	250
226	446
24	65
24	450
24	217
24	382
460	109
460	184
84	54
84	263
84	402
84	134
409	89
409	433
102	311
102	447
102	164
426	411
415	36
397	71
397	428
397	458
304	364
139	109
11	122
11	212
145	381
71	34
71	180
71	397
350	347
239	57
239	147
239	173
239	226
402	59
402	84
402	91
402	231
402	234
402	319
402	330
123	193
367	242
173	352
173	5
173	16
173	30
173	59
173	72
173	88
173	91
173	96
173	147
173	162
173	434
173	239
173	228
173	275
173	210
173	394
173	436
173	446
173	166
173	438
173	342
61	442
248	398
248	182
248	208
248	388
105	206
235	405
26	47
32	292
32	453
1	101
38	458
280	141
280	51
280	431
450	19
450	65
450	268
450	217
450	382
450	209
450	285
450	418
450	24
36	415
383	55
196	300
225	341
126	93
126	428
126	458
136	306
129	49
129	384
369	109
396	339
421	354
421	377
34	333
34	458
34	34
34	180
34	71
34	60
34	327
34	99
180	333
180	458
180	34
180	180
180	71
180	60
180	327
180	99
166	173
334	147
334	226
85	72
165	303
454	17
454	20
454	58
454	108
454	332
137	337
144	8
144	59
144	138
144	277
41	103
42	151
14	423
14	150
352	216
352	184
352	389
352	172
352	141
352	433
352	173
352	237
352	6
352	89
352	339
352	352
352	5
352	160
5	216
5	184
5	389
5	172
5	141
5	433
5	173
5	237
5	6
5	89
5	339
5	352
5	5
5	160
436	30
436	59
436	72
436	88
436	96
436	109
436	147
436	173
436	228
436	250
436	275
436	342
436	438
168	357
168	260
214	48
214	265
214	380
214	316
375	404
375	375
375	100
375	150
375	167
375	279
100	404
100	375
100	100
100	150
100	167
100	279
60	21
60	34
60	180
60	300
60	234
60	441
127	33
127	109
127	400
127	148
48	240
48	288
48	203
48	380
48	214
48	316
48	331
171	311
8	144
8	133
8	59
8	31
8	138
363	109
256	410
256	97
142	142
142	440
440	142
440	440
394	59
394	88
394	133
394	147
394	173
159	98
159	384
302	278
2	339
2	89
194	117
194	224
58	442
58	454
241	321
228	59
228	147
228	173
228	189
228	436
228	229
228	420
206	105
296	439
288	351
288	48
288	91
125	379
125	457
13	325
13	113
13	244
13	423
181	109
217	19
217	65
217	450
217	24
217	209
217	328
217	291
217	423
382	19
382	65
382	450
382	24
382	209
382	328
382	291
382	423
355	437
341	225
447	113
447	102
447	441
447	164
354	421
354	286
157	23
157	290
316	48
316	214
316	203
154	99
395	391
400	62
400	109
400	275
400	451
400	127
400	195
448	169
448	335
448	348
404	375
404	100
404	150
404	244
404	167
62	109
62	400
323	67
323	146
323	323
323	111
111	67
111	146
111	323
111	111
64	64
64	270
270	64
270	270
284	223
284	305
412	312
412	93
412	458
412	320
412	386
387	442
216	352
216	5
30	147
30	436
30	173
204	53
88	25
88	59
88	72
88	413
88	403
88	436
88	226
88	173
88	360
88	394
88	147
259	300
232	182
232	52
130	246
187	28
249	72
249	147
279	375
279	100
330	402
80	359
264	178
425	191
425	245
425	293
449	459
358	184
358	313
358	379
358	457
233	86
244	13
244	404
244	423
161	319
92	258
63	227
63	148
164	113
164	102
164	441
164	447
120	76
120	312
120	99
120	90
120	318
274	66
67	323
67	111
67	146
433	352
433	5
433	89
433	237
433	409
407	87
219	458
179	322
236	15
236	236
236	155
155	15
155	236
155	155
278	3
278	185
278	302
148	127
148	131
148	63
148	443
148	132
110	307
294	112
294	324
359	80
359	35
359	458
299	230
200	458
208	248
339	352
339	5
339	2
339	79
339	172
339	396
361	175
386	312
386	93
386	412
386	320
386	458
386	393
389	352
389	5
230	299
253	10
205	290
205	444
205	37
205	429
205	379
205	457
360	351
360	88
360	237
246	130
441	21
441	60
441	447
441	164
25	88
25	250
337	49
337	137
295	327
295	297
391	395
240	48
240	176
240	378
240	458
240	393
93	412
93	320
93	126
93	386
93	398
301	329
218	109
218	147
184	352
184	5
184	7
184	351
184	59
184	72
184	109
184	197
184	378
184	460
184	358
69	307
298	307
390	343
28	187
163	422
118	59
257	373
223	223
223	305
223	284
305	223
305	305
305	284
147	16
147	27
147	30
147	444
147	37
147	429
147	57
147	59
147	72
147	88
147	91
147	96
147	109
147	115
147	349
147	413
147	239
147	228
147	275
147	334
147	210
147	300
147	292
147	453
147	436
147	162
147	173
147	438
147	249
147	250
147	446
147	342
147	218
147	394
461	135
10	253
18	430
75	370
75	152
75	344
55	383
322	179
322	427
121	78
198	16
113	13
113	447
113	164
220	247
220	306
343	390
199	46
199	109
199	193
260	168
260	443
260	132
443	443
443	132
443	148
443	260
132	443
132	132
132	148
132	260
27	147
27	115
115	27
115	59
115	349
115	147
309	176
309	234
309	319
107	59
107	133
107	277
107	420
107	138
140	226
140	250
310	109
310	300
310	418
411	426
172	352
172	5
172	339
94	366
94	377
73	289
368	392
83	442
336	156
336	276
336	376
234	60
234	309
234	402
234	319
209	19
209	450
209	328
209	291
209	268
209	217
209	382
209	285
209	418
283	221
283	362
150	14
150	375
150	100
150	404
332	454
174	89
174	237
141	352
141	5
141	117
141	431
141	280
245	425
245	293
416	22
189	228
109	62
109	72
109	182
109	238
109	181
109	197
109	184
109	436
109	265
109	418
109	369
109	460
109	314
109	400
109	117
109	310
109	451
109	127
109	446
109	363
109	215
109	139
109	218
109	275
109	199
109	147
109	252
109	195
326	158
98	159
265	109
265	214
265	401
265	380
456	431
177	437
290	23
290	157
290	205
224	106
224	194
379	125
379	358
379	205
457	125
457	358
457	205
33	365
33	127
312	412
312	99
312	458
312	120
312	386
143	72
143	446
114	251
114	114
114	455
114	151
114	101
455	251
455	114
455	455
455	151
455	101
39	22
420	31
420	133
420	107
420	228
420	229
258	92
428	99
428	406
428	397
428	149
428	327
428	126
21	60
21	441
65	217
65	382
65	24
65	450
292	9
292	32
292	57
292	147
292	176
292	384
453	9
453	32
453	57
453	147
453	176
453	384
158	326
335	96
335	458
335	448
398	57
398	93
398	248
106	224
49	9
49	129
49	337
362	283
348	169
348	448
342	147
342	173
342	436
250	16
250	25
250	59
250	72
250	140
250	147
250	226
250	436
271	276
300	60
300	259
300	147
300	196
300	310
195	109
195	400
68	242
353	74
365	33
51	280
373	257
66	274
237	352
237	5
237	433
237	87
237	174
237	360
306	136
306	220
384	17
384	129
384	159
384	292
384	453
384	430
384	422
385	287
444	147
444	303
444	333
444	205
444	193
444	444
444	37
444	429
37	147
37	303
37	333
37	205
37	193
37	444
37	37
37	429
429	147
429	303
429	333
429	205
429	193
429	444
429	37
429	429
89	352
89	5
89	2
89	433
89	87
89	409
89	174
439	296
212	11
212	122
4	99
458	34
458	180
458	76
458	312
458	99
458	126
458	397
458	200
458	219
458	240
458	267
458	38
458	412
458	317
458	327
458	335
458	359
458	213
458	386
458	393
95	222
307	69
307	298
307	110
401	265
162	147
162	349
162	226
162	173
149	428
149	406
417	227
146	67
146	323
146	111
215	109
82	134
251	432
251	315
251	151
251	114
251	455
377	94
377	421
252	109
282	272
282	357
282	435
96	436
96	173
96	335
96	147
178	264
178	211
408	445
45	72
422	163
422	384
134	84
134	308
134	319
134	82
116	22
116	243
117	109
117	141
117	194
47	26
47	188
112	294
346	72
346	151
346	276
272	282
277	107
277	138
277	144
318	120
262	202
262	424
262	364
418	109
418	450
418	209
418	268
418	310
331	48
255	44
255	72
193	57
193	123
193	199
193	444
193	37
193	429
410	256
261	70
227	63
227	417
435	282
435	357
122	11
122	212
16	12
16	147
16	173
16	250
16	380
16	198
388	248
327	34
327	180
327	428
327	295
327	458
103	41
285	450
285	209
285	328
285	291
203	48
203	316
221	283
167	404
167	268
167	375
167	100
276	128
276	151
276	271
276	346
276	336
9	292
9	453
9	49
281	273
445	408
347	350
176	240
176	292
176	453
176	309
176	320
176	319
35	359
399	43
243	22
243	116
43	399
138	8
138	107
138	277
138	254
138	144
340	170
374	44
374	374
374	266
266	44
266	374
266	266
231	402
54	84
169	348
169	448
131	148
333	34
333	180
333	444
333	37
333	429
431	141
431	280
431	456
268	19
268	167
268	450
268	209
268	423
268	418
15	236
15	155
314	109
427	183
427	322
427	338
287	385
7	184
7	153
7	378
108	454
108	319
90	120
222	95
186	23
273	281
87	89
87	237
87	407
192	356
324	294
101	1
101	370
101	152
101	344
101	114
101	455
242	68
242	367
210	147
210	173
74	353
197	81
197	109
197	184
124	267
351	184
351	288
351	360
170	119
170	340
170	56
170	320
151	42
151	251
151	128
151	276
151	346
151	114
151	455
446	72
446	109
446	147
446	173
446	201
446	226
446	143
366	12
366	94
366	229
419	371
104	78
247	220
