(1	,2)
(2	,176)
(2	,954)
(3	,4)
(3	,5)
(3	,26)
(4	,5)
(4	,26)
(5	,26)
(5	,46)
(5	,111)
(5	,121)
(5	,837)
(5	,1639)
(6	,7)
(6	,36)
(6	,137)
(6	,140)
(6	,151)
(8	,9)
(8	,40)
(8	,41)
(9	,39)
(9	,61)
(9	,90)
(9	,93)
(9	,121)
(10	,112)
(10	,146)
(10	,147)
(11	,12)
(12	,31)
(12	,35)
(12	,103)
(12	,112)
(13	,14)
(13	,1992)
(13	,2419)
(14	,58)
(14	,59)
(14	,60)
(14	,238)
(14	,379)
(14	,480)
(14	,554)
(14	,663)
(14	,737)
(14	,1058)
(14	,1059)
(14	,1230)
(14	,1392)
(14	,1895)
(14	,1983)
(14	,1992)
(14	,2419)
(15	,98)
(15	,811)
(15	,1374)
(15	,1375)
(16	,17)
(16	,18)
(16	,19)
(17	,18)
(17	,19)
(18	,19)
(18	,53)
(18	,1201)
(19	,49)
(19	,50)
(19	,51)
(19	,52)
(19	,53)
(19	,76)
(19	,77)
(19	,78)
(19	,88)
(19	,109)
(19	,116)
(19	,118)
(19	,119)
(19	,120)
(19	,124)
(19	,155)
(19	,200)
(19	,245)
(19	,420)
(19	,421)
(19	,749)
(19	,1201)
(19	,1511)
(19	,1741)
(19	,1943)
(19	,2028)
(19	,2208)
(19	,2507)
(20	,21)
(20	,22)
(20	,23)
(20	,24)
(20	,25)
(21	,23)
(21	,24)
(21	,25)
(22	,23)
(22	,24)
(22	,25)
(23	,24)
(23	,25)
(24	,25)
(24	,520)
(24	,638)
(24	,640)
(24	,931)
(24	,1650)
(26	,111)
(26	,158)
(26	,162)
(26	,163)
(26	,164)
(26	,165)
(26	,837)
(26	,1639)
(27	,28)
(27	,30)
(27	,322)
(27	,323)
(27	,324)
(27	,326)
(27	,1785)
(28	,30)
(29	,41)
(29	,61)
(29	,80)
(29	,121)
(29	,144)
(29	,145)
(30	,322)
(30	,323)
(30	,324)
(30	,326)
(31	,896)
(32	,255)
(32	,2326)
(33	,34)
(33	,35)
(33	,82)
(33	,103)
(34	,35)
(35	,82)
(35	,103)
(36	,45)
(36	,70)
(37	,38)
(38	,94)
(38	,1536)
(38	,1951)
(39	,47)
(39	,61)
(39	,71)
(39	,90)
(39	,122)
(39	,123)
(39	,126)
(39	,130)
(40	,41)
(41	,80)
(42	,126)
(43	,48)
(44	,45)
(45	,70)
(45	,79)
(45	,986)
(47	,71)
(47	,130)
(48	,96)
(48	,565)
(48	,1822)
(49	,154)
(49	,155)
(49	,749)
(50	,53)
(50	,1468)
(51	,52)
(51	,53)
(53	,200)
(53	,245)
(53	,420)
(53	,421)
(53	,533)
(53	,617)
(53	,1004)
(53	,1006)
(53	,1201)
(53	,1468)
(53	,1736)
(53	,1741)
(53	,1943)
(53	,2028)
(53	,2644)
(53	,2693)
(54	,72)
(54	,73)
(54	,74)
(54	,75)
(55	,142)
(55	,143)
(55	,160)
(55	,161)
(55	,1172)
(56	,57)
(56	,60)
(57	,58)
(57	,60)
(58	,59)
(58	,60)
(58	,112)
(58	,146)
(58	,147)
(58	,1413)
(58	,1984)
(59	,60)
(60	,112)
(60	,146)
(60	,147)
(60	,238)
(60	,437)
(60	,1392)
(60	,1413)
(60	,1984)
(61	,90)
(61	,93)
(61	,121)
(62	,89)
(63	,64)
(64	,115)
(64	,165)
(64	,1853)
(65	,66)
(65	,67)
(65	,68)
(65	,69)
(66	,67)
(66	,68)
(66	,69)
(67	,68)
(67	,69)
(67	,595)
(67	,599)
(68	,69)
(70	,104)
(70	,113)
(71	,122)
(72	,73)
(72	,74)
(72	,75)
(72	,110)
(72	,258)
(72	,259)
(72	,260)
(72	,261)
(72	,305)
(72	,1477)
(73	,74)
(73	,75)
(74	,75)
(75	,500)
(75	,503)
(75	,598)
(75	,1021)
(75	,1024)
(75	,1025)
(75	,1026)
(75	,2352)
(76	,77)
(76	,78)
(77	,78)
(81	,448)
(82	,103)
(83	,381)
(84	,174)
(84	,175)
(84	,176)
(84	,1452)
(85	,86)
(85	,87)
(85	,233)
(85	,592)
(85	,1311)
(85	,1322)
(85	,1331)
(86	,87)
(86	,233)
(86	,592)
(86	,1311)
(86	,1322)
(86	,1331)
(86	,2246)
(87	,233)
(87	,592)
(87	,1311)
(87	,1322)
(87	,1331)
(87	,2246)
(89	,141)
(91	,96)
(92	,837)
(92	,1252)
(94	,271)
(94	,272)
(94	,584)
(94	,2192)
(95	,96)
(96	,104)
(96	,107)
(96	,1515)
(97	,98)
(99	,101)
(99	,102)
(100	,101)
(100	,102)
(101	,102)
(101	,1801)
(101	,1803)
(101	,1848)
(101	,2003)
(101	,2369)
(101	,2370)
(101	,2371)
(105	,106)
(106	,1853)
(106	,1968)
(108	,109)
(108	,134)
(108	,181)
(109	,118)
(109	,119)
(109	,120)
(109	,1511)
(112	,114)
(112	,136)
(112	,137)
(112	,146)
(112	,147)
(112	,148)
(112	,149)
(112	,1413)
(112	,2141)
(112	,2393)
(112	,2493)
(114	,115)
(115	,171)
(117	,210)
(117	,2064)
(118	,119)
(118	,120)
(118	,1511)
(119	,120)
(119	,1511)
(120	,1511)
(125	,868)
(125	,2380)
(127	,128)
(127	,129)
(127	,152)
(127	,153)
(128	,129)
(128	,152)
(128	,153)
(129	,152)
(129	,153)
(129	,177)
(129	,183)
(129	,184)
(129	,603)
(129	,998)
(129	,1329)
(129	,1509)
(129	,1830)
(129	,1831)
(131	,132)
(131	,182)
(132	,446)
(133	,678)
(133	,1948)
(133	,2593)
(133	,2673)
(134	,135)
(134	,172)
(134	,180)
(134	,181)
(135	,178)
(136	,137)
(136	,1729)
(136	,1730)
(136	,1731)
(136	,1732)
(136	,1733)
(136	,1734)
(138	,139)
(139	,358)
(139	,736)
(141	,358)
(141	,770)
(141	,1699)
(142	,143)
(142	,160)
(142	,161)
(142	,1222)
(142	,2238)
(142	,2239)
(142	,2240)
(142	,2241)
(143	,160)
(143	,161)
(143	,1172)
(144	,145)
(146	,147)
(146	,1413)
(147	,1413)
(150	,165)
(150	,1201)
(150	,1321)
(150	,1766)
(152	,153)
(152	,1509)
(155	,749)
(156	,199)
(156	,2097)
(156	,2372)
(156	,2386)
(157	,373)
(157	,1623)
(159	,353)
(159	,354)
(159	,355)
(160	,161)
(160	,1172)
(162	,163)
(162	,164)
(162	,165)
(163	,164)
(163	,165)
(164	,165)
(165	,194)
(165	,330)
(165	,1201)
(165	,1321)
(165	,1766)
(166	,167)
(167	,168)
(167	,169)
(167	,696)
(168	,169)
(169	,866)
(170	,358)
(170	,1120)
(170	,1121)
(170	,1122)
(170	,1123)
(173	,287)
(173	,288)
(173	,1050)
(174	,175)
(174	,176)
(174	,1452)
(175	,176)
(175	,1452)
(176	,188)
(176	,443)
(176	,453)
(176	,454)
(176	,464)
(176	,590)
(176	,743)
(176	,822)
(176	,954)
(176	,979)
(176	,1395)
(176	,1452)
(176	,1486)
(176	,1698)
(176	,1806)
(176	,1807)
(176	,2250)
(176	,2346)
(176	,2421)
(179	,1100)
(180	,1752)
(183	,184)
(185	,209)
(185	,210)
(185	,306)
(185	,540)
(185	,541)
(185	,850)
(185	,943)
(185	,944)
(185	,945)
(185	,946)
(185	,954)
(185	,955)
(185	,977)
(185	,1463)
(185	,1662)
(185	,1663)
(185	,1664)
(185	,2271)
(185	,2424)
(185	,2522)
(186	,331)
(186	,397)
(186	,1162)
(186	,1269)
(186	,1773)
(186	,1817)
(186	,1856)
(186	,1857)
(186	,2076)
(186	,2516)
(187	,188)
(188	,1020)
(188	,1045)
(188	,1339)
(189	,190)
(189	,191)
(189	,192)
(190	,191)
(190	,192)
(190	,401)
(190	,404)
(190	,2122)
(191	,192)
(191	,1673)
(191	,1674)
(191	,1675)
(191	,1676)
(191	,1677)
(191	,1678)
(191	,1679)
(191	,1680)
(191	,1681)
(191	,1682)
(191	,1683)
(191	,1684)
(191	,1685)
(191	,1686)
(191	,1687)
(191	,1688)
(191	,1937)
(191	,2215)
(191	,2216)
(191	,2218)
(191	,2219)
(191	,2222)
(191	,2223)
(191	,2272)
(191	,2435)
(193	,194)
(193	,1065)
(193	,1066)
(193	,1067)
(193	,1267)
(193	,1512)
(193	,2137)
(193	,2138)
(194	,330)
(194	,1512)
(194	,1865)
(194	,1866)
(195	,200)
(196	,198)
(196	,200)
(197	,199)
(198	,200)
(198	,453)
(198	,954)
(198	,955)
(198	,990)
(198	,1001)
(198	,1034)
(198	,1306)
(198	,1307)
(198	,1645)
(198	,2336)
(198	,2552)
(198	,2695)
(198	,2696)
(199	,431)
(199	,1175)
(199	,1318)
(199	,1319)
(199	,1350)
(199	,1351)
(199	,1352)
(199	,1353)
(199	,1387)
(199	,1388)
(199	,1485)
(199	,1800)
(199	,1862)
(199	,2097)
(199	,2110)
(199	,2356)
(199	,2357)
(199	,2372)
(199	,2386)
(199	,2400)
(200	,245)
(200	,420)
(200	,421)
(200	,818)
(200	,1006)
(200	,1859)
(201	,202)
(201	,204)
(202	,204)
(203	,204)
(203	,1204)
(204	,236)
(204	,818)
(204	,827)
(204	,1204)
(204	,1205)
(204	,1206)
(204	,1342)
(204	,1581)
(205	,206)
(205	,207)
(205	,1001)
(205	,1541)
(205	,1542)
(206	,207)
(206	,770)
(206	,1082)
(206	,1193)
(206	,1541)
(206	,1542)
(207	,1082)
(207	,1541)
(207	,1542)
(207	,2296)
(207	,2297)
(207	,2298)
(207	,2299)
(208	,1513)
(208	,1514)
(208	,2111)
(208	,2112)
(209	,210)
(209	,319)
(209	,954)
(209	,955)
(209	,1152)
(209	,2201)
(209	,2271)
(210	,319)
(210	,374)
(210	,941)
(210	,954)
(210	,955)
(210	,989)
(210	,1152)
(210	,1473)
(210	,2064)
(210	,2201)
(210	,2271)
(211	,212)
(211	,213)
(212	,213)
(212	,238)
(212	,332)
(213	,238)
(213	,273)
(213	,309)
(213	,332)
(213	,338)
(213	,374)
(213	,721)
(213	,722)
(213	,835)
(213	,952)
(213	,1464)
(214	,682)
(215	,216)
(215	,351)
(215	,639)
(215	,1011)
(217	,218)
(217	,219)
(217	,220)
(217	,222)
(218	,219)
(218	,220)
(218	,222)
(218	,1358)
(218	,1359)
(218	,1360)
(219	,220)
(219	,222)
(219	,1358)
(219	,1359)
(219	,1360)
(220	,222)
(220	,1358)
(220	,1359)
(220	,1360)
(221	,377)
(221	,2638)
(222	,373)
(222	,729)
(222	,731)
(222	,732)
(222	,733)
(222	,746)
(222	,750)
(222	,1358)
(222	,1359)
(222	,1360)
(222	,1529)
(222	,2494)
(223	,224)
(223	,233)
(223	,592)
(223	,755)
(223	,1214)
(224	,233)
(224	,592)
(224	,755)
(224	,1214)
(225	,226)
(225	,227)
(225	,1418)
(226	,227)
(226	,256)
(226	,289)
(226	,430)
(226	,449)
(226	,556)
(226	,577)
(226	,578)
(226	,714)
(226	,715)
(226	,884)
(226	,1130)
(226	,1148)
(226	,1304)
(226	,1348)
(226	,1701)
(226	,1739)
(226	,1799)
(226	,1814)
(226	,2143)
(226	,2722)
(227	,229)
(227	,428)
(227	,442)
(227	,725)
(227	,1253)
(227	,1254)
(227	,1255)
(227	,1418)
(227	,1578)
(228	,229)
(229	,359)
(229	,428)
(229	,441)
(229	,808)
(229	,809)
(229	,996)
(229	,1297)
(229	,1298)
(229	,1312)
(230	,698)
(230	,2721)
(231	,232)
(231	,233)
(231	,2020)
(231	,2430)
(232	,233)
(232	,2020)
(232	,2430)
(233	,592)
(233	,664)
(233	,689)
(233	,690)
(233	,755)
(233	,810)
(233	,962)
(233	,1214)
(233	,1726)
(233	,2020)
(233	,2430)
(234	,235)
(235	,2469)
(237	,238)
(237	,368)
(237	,767)
(237	,1459)
(238	,273)
(238	,331)
(238	,332)
(238	,338)
(238	,340)
(238	,354)
(238	,368)
(238	,451)
(238	,452)
(238	,505)
(238	,554)
(238	,662)
(238	,663)
(238	,690)
(238	,741)
(238	,742)
(238	,757)
(238	,758)
(238	,759)
(238	,760)
(238	,767)
(238	,800)
(238	,857)
(238	,1140)
(238	,1392)
(238	,1439)
(238	,1459)
(238	,1508)
(239	,240)
(239	,241)
(239	,242)
(240	,241)
(240	,242)
(240	,257)
(240	,335)
(240	,1278)
(240	,1279)
(240	,1455)
(241	,242)
(241	,335)
(242	,482)
(242	,483)
(242	,484)
(242	,485)
(242	,661)
(242	,728)
(242	,1238)
(242	,1580)
(243	,244)
(243	,1190)
(244	,541)
(244	,674)
(244	,675)
(244	,676)
(244	,887)
(244	,1190)
(244	,1431)
(244	,1652)
(244	,2113)
(244	,2114)
(244	,2115)
(245	,420)
(245	,421)
(245	,1093)
(245	,1094)
(245	,1095)
(245	,1744)
(245	,1745)
(246	,247)
(246	,248)
(246	,249)
(247	,248)
(247	,249)
(248	,249)
(248	,951)
(248	,1266)
(250	,251)
(250	,252)
(250	,253)
(250	,255)
(250	,318)
(250	,936)
(250	,939)
(250	,1173)
(250	,1222)
(250	,1618)
(250	,2163)
(250	,2295)
(251	,252)
(252	,253)
(252	,254)
(252	,255)
(252	,262)
(252	,936)
(252	,939)
(252	,1173)
(252	,1220)
(252	,1221)
(252	,1222)
(252	,1560)
(252	,1618)
(252	,1668)
(252	,1923)
(252	,1955)
(252	,1969)
(252	,2300)
(252	,2670)
(253	,254)
(253	,255)
(253	,478)
(253	,936)
(253	,937)
(253	,939)
(253	,1173)
(253	,1179)
(253	,1180)
(253	,1222)
(253	,1294)
(253	,2163)
(253	,2164)
(253	,2258)
(253	,2259)
(253	,2260)
(253	,2423)
(253	,2477)
(253	,2478)
(253	,2536)
(253	,2691)
(254	,255)
(254	,2691)
(255	,936)
(255	,937)
(255	,939)
(255	,1179)
(255	,1180)
(255	,1294)
(255	,2163)
(255	,2164)
(255	,2258)
(255	,2259)
(255	,2260)
(255	,2423)
(255	,2536)
(255	,2691)
(256	,289)
(256	,1148)
(256	,1548)
(256	,1858)
(258	,259)
(258	,260)
(258	,261)
(258	,1477)
(258	,2308)
(258	,2365)
(259	,260)
(259	,261)
(259	,1477)
(259	,1950)
(259	,2029)
(260	,261)
(260	,616)
(260	,1477)
(260	,2489)
(260	,2739)
(261	,615)
(261	,1445)
(261	,1477)
(261	,1950)
(261	,2431)
(261	,2489)
(261	,2547)
(261	,2598)
(261	,2654)
(262	,344)
(262	,345)
(262	,346)
(262	,347)
(262	,348)
(262	,349)
(262	,350)
(262	,351)
(262	,352)
(262	,414)
(262	,761)
(262	,762)
(262	,763)
(262	,764)
(262	,1097)
(262	,1220)
(262	,1221)
(262	,1555)
(262	,1556)
(262	,1557)
(262	,1587)
(262	,1811)
(262	,2046)
(263	,264)
(263	,1904)
(264	,428)
(264	,495)
(264	,496)
(264	,596)
(264	,645)
(264	,684)
(264	,932)
(264	,938)
(264	,964)
(264	,1055)
(264	,1175)
(264	,1184)
(264	,1559)
(264	,1651)
(264	,1754)
(264	,1755)
(264	,1868)
(264	,1904)
(264	,2118)
(264	,2199)
(264	,2646)
(265	,266)
(265	,408)
(265	,624)
(265	,625)
(265	,627)
(266	,407)
(266	,408)
(266	,409)
(266	,438)
(266	,474)
(266	,563)
(266	,624)
(266	,625)
(266	,626)
(266	,627)
(266	,928)
(266	,1624)
(266	,1625)
(266	,1631)
(266	,1727)
(266	,2162)
(266	,2503)
(266	,2724)
(267	,268)
(267	,269)
(267	,270)
(267	,271)
(267	,272)
(267	,446)
(267	,1110)
(267	,1138)
(267	,1415)
(268	,269)
(268	,270)
(268	,271)
(268	,272)
(268	,2581)
(268	,2582)
(269	,270)
(269	,271)
(269	,272)
(270	,271)
(270	,272)
(271	,272)
(273	,274)
(273	,332)
(273	,338)
(273	,368)
(273	,758)
(273	,759)
(273	,875)
(273	,1062)
(273	,1140)
(274	,2196)
(274	,2620)
(275	,277)
(275	,378)
(275	,379)
(275	,380)
(275	,381)
(276	,278)
(276	,1552)
(276	,1914)
(277	,378)
(277	,379)
(277	,380)
(277	,381)
(278	,827)
(278	,1332)
(278	,1552)
(278	,1553)
(278	,1914)
(279	,280)
(279	,281)
(279	,1277)
(279	,1411)
(279	,1453)
(279	,1454)
(280	,281)
(280	,1277)
(280	,1411)
(280	,1453)
(280	,1454)
(280	,2573)
(281	,1277)
(281	,1411)
(281	,1453)
(281	,1454)
(281	,2573)
(282	,283)
(282	,284)
(283	,284)
(284	,446)
(284	,473)
(284	,1081)
(284	,1617)
(284	,2121)
(285	,286)
(286	,803)
(286	,947)
(286	,948)
(286	,1064)
(287	,288)
(287	,1050)
(287	,1412)
(289	,1548)
(289	,1858)
(290	,1064)
(291	,292)
(291	,293)
(291	,1354)
(291	,1776)
(291	,1777)
(292	,293)
(293	,294)
(293	,1354)
(295	,296)
(295	,297)
(295	,298)
(295	,299)
(295	,300)
(295	,301)
(295	,302)
(296	,297)
(296	,298)
(296	,299)
(296	,300)
(296	,301)
(296	,302)
(296	,596)
(296	,853)
(296	,859)
(296	,861)
(296	,1023)
(296	,1436)
(296	,1438)
(296	,1448)
(296	,1449)
(296	,1450)
(296	,1451)
(296	,1490)
(296	,1519)
(296	,1665)
(296	,1922)
(296	,2202)
(297	,298)
(297	,299)
(297	,300)
(297	,301)
(297	,302)
(297	,859)
(297	,861)
(297	,1436)
(297	,1449)
(297	,2254)
(297	,2255)
(297	,2717)
(298	,299)
(298	,300)
(298	,301)
(298	,302)
(298	,328)
(298	,1149)
(298	,1519)
(298	,1844)
(298	,2301)
(299	,300)
(299	,301)
(299	,302)
(299	,503)
(299	,1150)
(299	,1491)
(299	,1493)
(299	,1742)
(299	,1743)
(300	,301)
(300	,302)
(301	,302)
(301	,1151)
(301	,1437)
(301	,1438)
(301	,1665)
(301	,1898)
(302	,853)
(302	,859)
(302	,861)
(302	,1023)
(302	,1151)
(302	,1161)
(302	,1436)
(302	,1438)
(302	,1448)
(302	,1449)
(302	,1450)
(302	,1451)
(302	,1490)
(302	,1519)
(302	,1665)
(302	,1898)
(302	,1922)
(302	,2202)
(302	,2334)
(303	,304)
(303	,305)
(303	,2075)
(303	,2518)
(303	,2579)
(303	,2603)
(304	,305)
(305	,2075)
(305	,2518)
(305	,2579)
(305	,2603)
(307	,308)
(308	,338)
(308	,340)
(308	,358)
(308	,410)
(308	,411)
(308	,580)
(308	,581)
(308	,582)
(308	,583)
(308	,638)
(308	,660)
(308	,677)
(308	,767)
(308	,804)
(308	,823)
(308	,971)
(308	,1116)
(308	,1117)
(308	,1214)
(308	,1276)
(308	,1277)
(308	,1396)
(308	,1494)
(308	,1671)
(308	,1672)
(308	,2285)
(308	,2286)
(308	,2309)
(308	,2409)
(308	,2624)
(308	,2625)
(308	,2626)
(309	,310)
(309	,311)
(309	,374)
(309	,422)
(309	,423)
(309	,600)
(309	,601)
(309	,602)
(309	,735)
(309	,927)
(309	,952)
(309	,1101)
(309	,1163)
(309	,1479)
(309	,1588)
(309	,1589)
(310	,1987)
(310	,1988)
(310	,1989)
(310	,1990)
(310	,1991)
(312	,313)
(313	,360)
(313	,361)
(313	,362)
(313	,363)
(313	,364)
(313	,365)
(313	,553)
(313	,1708)
(313	,1709)
(313	,1710)
(313	,2065)
(314	,315)
(314	,316)
(315	,316)
(316	,790)
(317	,318)
(317	,509)
(318	,509)
(318	,2147)
(318	,2257)
(319	,320)
(319	,818)
(319	,941)
(319	,942)
(319	,1692)
(319	,1693)
(319	,1694)
(319	,1695)
(319	,1696)
(319	,1697)
(319	,2314)
(319	,2682)
(319	,2683)
(321	,354)
(322	,323)
(322	,324)
(322	,326)
(322	,1785)
(323	,324)
(323	,326)
(323	,1785)
(324	,325)
(324	,326)
(324	,934)
(324	,935)
(324	,1394)
(324	,1785)
(325	,326)
(326	,358)
(326	,768)
(326	,769)
(326	,770)
(326	,934)
(326	,935)
(326	,1394)
(326	,1785)
(327	,328)
(327	,329)
(327	,2131)
(327	,2604)
(327	,2656)
(327	,2657)
(328	,329)
(328	,2131)
(328	,2301)
(328	,2604)
(328	,2631)
(328	,2656)
(328	,2657)
(329	,414)
(329	,853)
(329	,1053)
(329	,1803)
(329	,2123)
(329	,2124)
(329	,2125)
(329	,2126)
(329	,2127)
(329	,2128)
(329	,2129)
(329	,2130)
(329	,2131)
(329	,2132)
(329	,2371)
(329	,2456)
(329	,2604)
(329	,2608)
(329	,2609)
(329	,2614)
(329	,2615)
(329	,2656)
(329	,2657)
(331	,332)
(331	,334)
(332	,338)
(332	,680)
(332	,1248)
(333	,334)
(334	,489)
(334	,716)
(334	,717)
(334	,1002)
(334	,1008)
(334	,1414)
(334	,1516)
(335	,1279)
(336	,337)
(336	,374)
(336	,1838)
(336	,2277)
(336	,2465)
(336	,2466)
(337	,359)
(337	,374)
(337	,1135)
(337	,2277)
(337	,2465)
(337	,2466)
(338	,446)
(338	,504)
(338	,505)
(338	,521)
(338	,593)
(339	,340)
(339	,591)
(339	,971)
(339	,1071)
(340	,368)
(340	,591)
(340	,758)
(340	,971)
(340	,1071)
(341	,401)
(341	,403)
(341	,404)
(341	,492)
(341	,1033)
(341	,1393)
(342	,343)
(343	,396)
(343	,645)
(343	,964)
(343	,965)
(343	,1284)
(343	,1285)
(343	,1572)
(343	,1881)
(343	,1959)
(343	,2590)
(344	,345)
(344	,346)
(344	,347)
(344	,348)
(344	,349)
(344	,350)
(344	,351)
(344	,352)
(344	,395)
(344	,414)
(344	,417)
(344	,761)
(344	,762)
(344	,763)
(344	,764)
(344	,846)
(344	,847)
(344	,1097)
(344	,1355)
(344	,1356)
(344	,1357)
(344	,1372)
(344	,1475)
(344	,1476)
(344	,1658)
(344	,2045)
(344	,2046)
(344	,2555)
(344	,2727)
(344	,2728)
(344	,2729)
(344	,2742)
(345	,346)
(345	,348)
(345	,349)
(345	,350)
(345	,351)
(345	,352)
(345	,2046)
(346	,347)
(346	,348)
(346	,349)
(346	,350)
(346	,352)
(346	,2742)
(347	,352)
(348	,349)
(348	,350)
(348	,351)
(348	,352)
(348	,414)
(348	,761)
(348	,762)
(348	,763)
(348	,764)
(348	,2046)
(348	,2727)
(348	,2728)
(348	,2729)
(349	,350)
(349	,351)
(349	,352)
(349	,413)
(349	,414)
(349	,416)
(349	,494)
(349	,495)
(349	,496)
(349	,665)
(349	,761)
(349	,762)
(349	,763)
(349	,764)
(349	,853)
(349	,1053)
(349	,1372)
(349	,1518)
(349	,1520)
(349	,2046)
(349	,2727)
(349	,2728)
(349	,2729)
(350	,351)
(350	,352)
(350	,413)
(350	,414)
(350	,494)
(350	,495)
(350	,496)
(350	,633)
(350	,635)
(350	,665)
(350	,666)
(350	,761)
(350	,762)
(350	,763)
(350	,764)
(350	,853)
(350	,1751)
(350	,2046)
(350	,2363)
(350	,2727)
(350	,2728)
(350	,2729)
(351	,352)
(351	,639)
(351	,816)
(351	,1011)
(351	,1147)
(351	,1376)
(351	,1377)
(352	,395)
(352	,414)
(352	,417)
(352	,761)
(352	,762)
(352	,763)
(352	,764)
(352	,846)
(352	,847)
(352	,1097)
(352	,1355)
(352	,1356)
(352	,1357)
(352	,1372)
(352	,1475)
(352	,1476)
(352	,1658)
(352	,2045)
(352	,2046)
(352	,2555)
(352	,2727)
(352	,2728)
(352	,2729)
(352	,2742)
(353	,354)
(353	,355)
(354	,355)
(354	,418)
(354	,727)
(354	,758)
(354	,759)
(354	,792)
(354	,1155)
(356	,373)
(357	,358)
(358	,374)
(358	,434)
(358	,545)
(358	,546)
(358	,736)
(358	,768)
(358	,769)
(358	,770)
(358	,1034)
(358	,1082)
(358	,1120)
(358	,1121)
(358	,1122)
(358	,1123)
(358	,1207)
(358	,1280)
(358	,1348)
(358	,1349)
(358	,1397)
(358	,1699)
(358	,1746)
(358	,1847)
(360	,362)
(360	,363)
(360	,364)
(360	,365)
(360	,1708)
(360	,1709)
(360	,1710)
(361	,363)
(361	,365)
(362	,363)
(362	,364)
(362	,365)
(362	,1232)
(362	,1233)
(362	,1234)
(362	,1235)
(362	,1236)
(362	,1237)
(362	,1238)
(362	,2198)
(363	,364)
(363	,365)
(364	,365)
(364	,1708)
(364	,1709)
(364	,1710)
(365	,553)
(365	,1708)
(365	,1709)
(365	,1710)
(366	,367)
(366	,368)
(366	,369)
(367	,369)
(368	,518)
(368	,757)
(368	,758)
(368	,759)
(368	,905)
(369	,1961)
(370	,371)
(370	,373)
(370	,374)
(370	,375)
(370	,376)
(370	,377)
(371	,373)
(371	,374)
(371	,375)
(371	,376)
(371	,377)
(372	,373)
(372	,374)
(372	,375)
(372	,376)
(372	,377)
(372	,568)
(372	,569)
(372	,591)
(372	,1069)
(372	,1070)
(372	,1071)
(372	,1072)
(372	,1074)
(372	,2104)
(373	,374)
(373	,375)
(373	,376)
(373	,377)
(373	,729)
(373	,730)
(373	,731)
(373	,732)
(373	,733)
(373	,746)
(373	,750)
(373	,1083)
(373	,1529)
(373	,1530)
(373	,1797)
(373	,2494)
(374	,375)
(374	,376)
(374	,377)
(374	,446)
(374	,517)
(374	,545)
(374	,546)
(374	,596)
(374	,721)
(374	,722)
(374	,734)
(374	,735)
(374	,926)
(374	,927)
(374	,952)
(374	,989)
(374	,1479)
(374	,1582)
(374	,1758)
(374	,2465)
(374	,2466)
(375	,376)
(375	,377)
(376	,377)
(376	,427)
(376	,2703)
(377	,427)
(377	,628)
(377	,1411)
(377	,2638)
(377	,2703)
(378	,379)
(378	,380)
(378	,381)
(379	,380)
(379	,381)
(380	,381)
(381	,548)
(382	,515)
(382	,537)
(382	,538)
(382	,851)
(382	,1212)
(382	,1213)
(382	,1270)
(383	,384)
(383	,385)
(383	,386)
(383	,1018)
(383	,1536)
(384	,385)
(384	,386)
(384	,1018)
(385	,386)
(385	,1018)
(387	,388)
(387	,389)
(387	,390)
(387	,391)
(387	,392)
(387	,393)
(387	,443)
(387	,572)
(387	,573)
(387	,681)
(387	,1260)
(387	,1261)
(387	,1263)
(387	,1504)
(387	,1925)
(387	,2517)
(388	,393)
(388	,443)
(389	,392)
(389	,572)
(389	,681)
(390	,391)
(390	,1261)
(390	,1263)
(390	,1504)
(391	,1261)
(391	,1263)
(391	,1504)
(392	,571)
(392	,572)
(392	,573)
(392	,574)
(392	,681)
(392	,1354)
(392	,2011)
(392	,2174)
(392	,2175)
(392	,2176)
(394	,395)
(394	,396)
(395	,396)
(396	,1284)
(396	,1285)
(397	,460)
(397	,1031)
(397	,1032)
(397	,1075)
(397	,1076)
(397	,1077)
(397	,1162)
(397	,1269)
(397	,1345)
(397	,1407)
(397	,1628)
(397	,1629)
(397	,1856)
(397	,1857)
(397	,2009)
(397	,2076)
(397	,2516)
(398	,399)
(399	,473)
(399	,896)
(399	,1134)
(400	,403)
(400	,404)
(401	,403)
(401	,404)
(401	,492)
(401	,881)
(401	,1033)
(401	,1320)
(401	,2122)
(401	,2469)
(402	,826)
(403	,404)
(403	,410)
(403	,492)
(403	,499)
(403	,1056)
(403	,1057)
(403	,1192)
(403	,1522)
(403	,1700)
(403	,1707)
(404	,410)
(404	,491)
(404	,492)
(404	,493)
(404	,499)
(404	,575)
(404	,576)
(404	,816)
(404	,1056)
(404	,1057)
(404	,1184)
(404	,1192)
(404	,1522)
(404	,1533)
(404	,1570)
(404	,1700)
(404	,1707)
(404	,2122)
(405	,406)
(405	,797)
(405	,1551)
(405	,2569)
(406	,2119)
(406	,2569)
(407	,408)
(407	,409)
(408	,409)
(408	,438)
(408	,474)
(408	,563)
(408	,928)
(408	,1631)
(408	,1632)
(408	,1727)
(408	,1728)
(408	,2503)
(408	,2724)
(409	,697)
(409	,988)
(409	,1564)
(410	,411)
(410	,492)
(411	,582)
(411	,677)
(411	,971)
(411	,2624)
(411	,2625)
(411	,2626)
(412	,442)
(412	,893)
(412	,1070)
(412	,1103)
(412	,1366)
(412	,1367)
(412	,1368)
(412	,1369)
(412	,1478)
(412	,1480)
(412	,1481)
(412	,1482)
(412	,1483)
(412	,1525)
(412	,1526)
(412	,1527)
(412	,1656)
(412	,1714)
(412	,1715)
(412	,1888)
(412	,1931)
(412	,1962)
(412	,2145)
(412	,2183)
(412	,2195)
(412	,2539)
(412	,2540)
(412	,2541)
(413	,665)
(413	,666)
(413	,1751)
(413	,2363)
(414	,415)
(414	,478)
(414	,503)
(414	,648)
(414	,761)
(414	,853)
(414	,854)
(414	,855)
(414	,856)
(414	,1050)
(414	,1051)
(414	,1052)
(414	,1053)
(414	,1489)
(414	,1490)
(414	,1518)
(414	,1520)
(414	,1742)
(414	,1793)
(414	,1860)
(414	,1861)
(414	,2197)
(414	,2225)
(414	,2226)
(415	,853)
(415	,1489)
(415	,1490)
(419	,446)
(420	,421)
(421	,1741)
(421	,1943)
(421	,2028)
(421	,2208)
(423	,2089)
(423	,2313)
(423	,2398)
(423	,2659)
(424	,425)
(424	,426)
(424	,427)
(424	,1804)
(425	,426)
(425	,427)
(425	,1804)
(426	,427)
(426	,1804)
(427	,1071)
(427	,1712)
(427	,1804)
(427	,2010)
(427	,2703)
(428	,1297)
(428	,1298)
(429	,466)
(429	,667)
(429	,668)
(429	,669)
(429	,670)
(429	,694)
(429	,696)
(429	,873)
(429	,1044)
(429	,1268)
(429	,1497)
(429	,1498)
(429	,1500)
(429	,1501)
(430	,680)
(431	,790)
(431	,831)
(431	,892)
(431	,893)
(431	,1318)
(431	,1472)
(431	,2287)
(431	,2563)
(432	,433)
(432	,806)
(432	,1215)
(432	,1216)
(432	,1217)
(432	,1219)
(432	,2070)
(432	,2073)
(432	,2074)
(433	,518)
(433	,751)
(433	,752)
(433	,753)
(433	,804)
(433	,805)
(433	,806)
(433	,807)
(433	,858)
(433	,905)
(433	,1215)
(433	,1216)
(433	,1217)
(433	,1218)
(433	,1219)
(433	,1244)
(433	,1789)
(433	,1790)
(433	,1791)
(433	,1960)
(433	,2070)
(433	,2073)
(433	,2074)
(433	,2079)
(433	,2220)
(433	,2221)
(433	,2542)
(435	,436)
(435	,638)
(436	,638)
(437	,1803)
(437	,2369)
(437	,2589)
(437	,2744)
(439	,440)
(439	,442)
(439	,894)
(439	,1655)
(439	,1656)
(440	,442)
(440	,478)
(440	,727)
(440	,816)
(440	,894)
(440	,1143)
(440	,1184)
(440	,1185)
(440	,1186)
(440	,1187)
(440	,1188)
(440	,1189)
(440	,1470)
(440	,1471)
(440	,1523)
(440	,1524)
(440	,1533)
(440	,1656)
(442	,894)
(442	,906)
(442	,1070)
(442	,1253)
(442	,1254)
(442	,1255)
(442	,1478)
(442	,1482)
(442	,1655)
(442	,1656)
(442	,1714)
(442	,1928)
(442	,1929)
(442	,2038)
(442	,2364)
(442	,2627)
(443	,672)
(443	,673)
(443	,1260)
(443	,1261)
(443	,1263)
(443	,1461)
(443	,1504)
(443	,1925)
(443	,2517)
(444	,445)
(444	,446)
(444	,504)
(444	,505)
(444	,521)
(445	,446)
(446	,505)
(446	,506)
(446	,521)
(446	,645)
(446	,1138)
(446	,1415)
(447	,448)
(447	,701)
(447	,1796)
(447	,2151)
(448	,700)
(448	,701)
(448	,1796)
(448	,2151)
(449	,450)
(450	,907)
(450	,2140)
(451	,452)
(453	,454)
(453	,816)
(453	,955)
(453	,1187)
(453	,2362)
(453	,2420)
(453	,2459)
(454	,743)
(454	,744)
(454	,822)
(454	,867)
(454	,1573)
(454	,1711)
(454	,2580)
(455	,456)
(456	,504)
(456	,1386)
(456	,2361)
(456	,2701)
(457	,459)
(458	,459)
(458	,460)
(458	,1771)
(459	,460)
(459	,940)
(459	,1400)
(459	,1401)
(459	,1402)
(459	,1403)
(459	,1404)
(459	,1474)
(459	,1771)
(459	,1882)
(459	,1890)
(460	,487)
(460	,488)
(460	,515)
(460	,829)
(460	,830)
(460	,940)
(460	,967)
(460	,1032)
(460	,1111)
(460	,1112)
(460	,1466)
(460	,1532)
(460	,1760)
(460	,1771)
(460	,2408)
(460	,2441)
(461	,462)
(461	,463)
(461	,464)
(462	,463)
(462	,464)
(462	,1597)
(462	,2033)
(463	,464)
(464	,2346)
(464	,2454)
(465	,466)
(465	,467)
(466	,467)
(466	,619)
(466	,667)
(466	,668)
(466	,669)
(466	,670)
(466	,956)
(466	,957)
(468	,469)
(468	,975)
(468	,1363)
(468	,1544)
(468	,2274)
(469	,975)
(469	,1334)
(469	,1363)
(469	,1544)
(469	,2274)
(470	,471)
(470	,472)
(470	,987)
(470	,1086)
(470	,1130)
(471	,472)
(472	,754)
(472	,1164)
(474	,475)
(474	,476)
(474	,499)
(474	,500)
(474	,501)
(474	,502)
(474	,503)
(474	,555)
(474	,574)
(474	,655)
(474	,870)
(474	,871)
(474	,872)
(474	,1375)
(474	,1727)
(474	,2724)
(475	,655)
(476	,499)
(476	,503)
(476	,555)
(476	,574)
(476	,681)
(476	,682)
(476	,1370)
(476	,1371)
(476	,1375)
(477	,520)
(477	,637)
(477	,638)
(477	,639)
(477	,640)
(478	,479)
(478	,503)
(478	,507)
(478	,559)
(478	,727)
(478	,816)
(478	,820)
(478	,833)
(478	,937)
(478	,1143)
(478	,1184)
(478	,1222)
(478	,1470)
(478	,1471)
(478	,1523)
(478	,1524)
(478	,1533)
(478	,1742)
(478	,1860)
(478	,1861)
(478	,2012)
(478	,2197)
(478	,2307)
(478	,2376)
(478	,2377)
(478	,2425)
(478	,2433)
(478	,2434)
(478	,2477)
(478	,2478)
(478	,2485)
(478	,2486)
(479	,507)
(479	,508)
(479	,559)
(479	,562)
(479	,607)
(479	,820)
(479	,833)
(479	,834)
(479	,2488)
(481	,653)
(481	,654)
(481	,655)
(481	,656)
(481	,657)
(481	,658)
(481	,659)
(481	,705)
(481	,706)
(481	,780)
(481	,812)
(481	,971)
(481	,1302)
(481	,1303)
(481	,1366)
(481	,1742)
(481	,1836)
(481	,1839)
(481	,1840)
(481	,1841)
(481	,1842)
(481	,1919)
(481	,1920)
(481	,1953)
(481	,1954)
(481	,1973)
(481	,2187)
(481	,2251)
(481	,2278)
(481	,2322)
(481	,2324)
(482	,483)
(482	,484)
(482	,485)
(483	,484)
(483	,485)
(484	,485)
(486	,1672)
(486	,2226)
(486	,2705)
(487	,488)
(487	,515)
(487	,829)
(487	,2408)
(490	,816)
(490	,1187)
(490	,1305)
(490	,1769)
(490	,2272)
(490	,2273)
(490	,2349)
(490	,2350)
(490	,2354)
(490	,2363)
(491	,492)
(491	,493)
(492	,493)
(492	,499)
(492	,816)
(492	,1056)
(492	,1057)
(492	,1184)
(492	,1192)
(492	,1522)
(492	,1533)
(492	,1570)
(492	,1700)
(492	,1707)
(493	,1570)
(494	,495)
(494	,496)
(494	,684)
(494	,816)
(494	,1184)
(494	,1470)
(494	,1754)
(494	,1755)
(495	,496)
(495	,596)
(495	,1055)
(495	,1175)
(495	,1184)
(496	,596)
(496	,684)
(496	,761)
(496	,1055)
(496	,1175)
(496	,1184)
(496	,1549)
(496	,1754)
(496	,1755)
(496	,1756)
(496	,1757)
(496	,2360)
(497	,498)
(498	,544)
(498	,579)
(498	,652)
(498	,1027)
(498	,1196)
(498	,1208)
(498	,1223)
(498	,1336)
(498	,1626)
(498	,1627)
(498	,1883)
(498	,1884)
(498	,2455)
(498	,2480)
(499	,500)
(499	,501)
(499	,502)
(499	,503)
(499	,555)
(499	,574)
(499	,681)
(499	,682)
(499	,870)
(499	,1209)
(499	,1375)
(500	,501)
(500	,502)
(500	,503)
(500	,598)
(500	,1021)
(500	,1024)
(500	,1025)
(500	,1026)
(500	,2641)
(500	,2675)
(500	,2676)
(500	,2702)
(501	,502)
(501	,503)
(502	,503)
(503	,555)
(503	,574)
(503	,598)
(503	,681)
(503	,682)
(503	,870)
(503	,871)
(503	,872)
(503	,1021)
(503	,1023)
(503	,1024)
(503	,1025)
(503	,1026)
(503	,1209)
(503	,1343)
(503	,1344)
(503	,1375)
(503	,1491)
(503	,1492)
(503	,1493)
(503	,1737)
(503	,1742)
(503	,1743)
(503	,1860)
(503	,1861)
(503	,2197)
(503	,2252)
(503	,2458)
(503	,2641)
(503	,2675)
(503	,2676)
(503	,2694)
(503	,2702)
(503	,2707)
(504	,505)
(504	,521)
(504	,547)
(504	,685)
(504	,1160)
(504	,1636)
(504	,1646)
(505	,506)
(505	,521)
(505	,593)
(505	,685)
(505	,857)
(505	,1160)
(505	,1200)
(505	,1338)
(505	,1339)
(505	,1636)
(505	,1646)
(506	,521)
(506	,1002)
(506	,1008)
(506	,2720)
(507	,508)
(507	,834)
(510	,511)
(510	,512)
(510	,554)
(511	,512)
(512	,1465)
(513	,515)
(513	,534)
(514	,515)
(514	,1212)
(515	,534)
(515	,537)
(515	,538)
(515	,829)
(515	,830)
(515	,851)
(515	,967)
(515	,1210)
(515	,1211)
(515	,1212)
(515	,1213)
(515	,1270)
(515	,1532)
(515	,2408)
(515	,2441)
(516	,517)
(516	,518)
(516	,901)
(516	,902)
(516	,903)
(517	,518)
(517	,901)
(517	,902)
(517	,903)
(517	,1582)
(517	,1758)
(518	,752)
(518	,901)
(518	,902)
(518	,903)
(518	,904)
(518	,905)
(518	,2079)
(519	,520)
(520	,637)
(520	,638)
(520	,639)
(520	,640)
(520	,677)
(520	,691)
(520	,692)
(520	,693)
(520	,703)
(520	,704)
(520	,1089)
(520	,1090)
(520	,1649)
(521	,685)
(522	,523)
(522	,524)
(522	,525)
(522	,526)
(522	,527)
(522	,528)
(522	,529)
(522	,530)
(522	,531)
(522	,532)
(523	,524)
(523	,525)
(523	,526)
(523	,527)
(523	,528)
(523	,529)
(523	,530)
(523	,531)
(523	,532)
(524	,525)
(524	,526)
(524	,527)
(524	,528)
(524	,529)
(524	,530)
(524	,531)
(524	,532)
(525	,526)
(525	,527)
(525	,528)
(525	,529)
(525	,530)
(525	,531)
(525	,532)
(525	,733)
(525	,1373)
(525	,1653)
(526	,527)
(526	,528)
(526	,529)
(526	,530)
(526	,531)
(526	,532)
(527	,528)
(527	,529)
(527	,530)
(527	,531)
(527	,532)
(528	,529)
(528	,530)
(528	,531)
(528	,532)
(529	,530)
(529	,531)
(529	,532)
(529	,922)
(529	,1257)
(529	,1365)
(529	,1583)
(530	,531)
(530	,532)
(531	,532)
(532	,981)
(532	,982)
(532	,983)
(532	,1584)
(532	,1585)
(535	,536)
(535	,849)
(536	,742)
(536	,849)
(536	,852)
(536	,974)
(536	,975)
(537	,851)
(539	,541)
(540	,541)
(541	,700)
(541	,782)
(541	,850)
(541	,943)
(541	,944)
(541	,945)
(541	,946)
(541	,977)
(541	,1038)
(541	,1039)
(541	,1040)
(541	,1041)
(541	,1042)
(541	,1463)
(541	,1592)
(541	,1662)
(541	,1663)
(541	,1664)
(541	,1906)
(541	,2058)
(541	,2181)
(541	,2424)
(541	,2522)
(541	,2621)
(541	,2622)
(542	,543)
(542	,1060)
(542	,1526)
(542	,1527)
(542	,2543)
(542	,2738)
(543	,886)
(543	,1526)
(543	,1985)
(543	,1986)
(543	,2397)
(545	,546)
(547	,818)
(547	,864)
(547	,888)
(547	,985)
(547	,1586)
(548	,1885)
(548	,1886)
(549	,550)
(549	,551)
(549	,553)
(550	,551)
(550	,553)
(550	,1177)
(550	,1178)
(552	,553)
(553	,818)
(553	,819)
(553	,824)
(553	,1638)
(553	,2065)
(553	,2690)
(554	,662)
(554	,663)
(554	,741)
(554	,742)
(554	,896)
(554	,977)
(555	,573)
(555	,574)
(555	,681)
(555	,682)
(555	,1375)
(557	,1111)
(557	,1112)
(558	,559)
(558	,562)
(559	,560)
(559	,561)
(559	,562)
(559	,607)
(559	,825)
(559	,834)
(559	,976)
(559	,2052)
(559	,2053)
(559	,2054)
(559	,2059)
(559	,2142)
(559	,2433)
(559	,2434)
(559	,2488)
(559	,2655)
(560	,561)
(560	,562)
(561	,562)
(561	,914)
(561	,1055)
(561	,1146)
(561	,1435)
(561	,2023)
(561	,2244)
(561	,2245)
(561	,2353)
(561	,2463)
(561	,2464)
(561	,2538)
(561	,2639)
(561	,2718)
(562	,607)
(562	,834)
(562	,2488)
(564	,1751)
(564	,2272)
(564	,2363)
(564	,2570)
(564	,2686)
(564	,2688)
(564	,2705)
(564	,2706)
(565	,1822)
(566	,567)
(566	,568)
(566	,569)
(567	,568)
(567	,569)
(568	,569)
(568	,1074)
(568	,2104)
(569	,1009)
(569	,1074)
(569	,1434)
(569	,2001)
(569	,2104)
(569	,2577)
(569	,2652)
(569	,2653)
(570	,682)
(570	,742)
(570	,1942)
(570	,2209)
(570	,2210)
(570	,2211)
(571	,573)
(571	,2176)
(572	,573)
(572	,574)
(572	,681)
(572	,971)
(572	,1354)
(573	,574)
(573	,681)
(573	,993)
(573	,995)
(573	,1375)
(573	,1385)
(573	,2663)
(573	,2664)
(574	,681)
(574	,682)
(574	,1375)
(579	,652)
(579	,1626)
(579	,1627)
(580	,581)
(580	,582)
(580	,583)
(580	,1671)
(580	,1672)
(580	,1979)
(580	,1981)
(580	,2022)
(581	,582)
(581	,583)
(582	,583)
(582	,677)
(582	,1671)
(582	,1672)
(582	,2286)
(583	,1671)
(583	,1672)
(585	,586)
(585	,1964)
(585	,1965)
(585	,1966)
(585	,1967)
(586	,1536)
(586	,1965)
(586	,1966)
(586	,1967)
(587	,588)
(587	,589)
(587	,590)
(587	,591)
(587	,592)
(588	,589)
(588	,590)
(588	,591)
(588	,592)
(589	,590)
(589	,591)
(589	,592)
(589	,664)
(589	,724)
(589	,810)
(589	,882)
(589	,1044)
(589	,1296)
(589	,1637)
(589	,1647)
(589	,1648)
(589	,1725)
(590	,591)
(590	,592)
(591	,592)
(591	,971)
(591	,1069)
(591	,1070)
(591	,1071)
(591	,1072)
(591	,1073)
(591	,1074)
(591	,2031)
(591	,2032)
(591	,2041)
(591	,2042)
(591	,2043)
(591	,2066)
(591	,2067)
(592	,641)
(592	,664)
(592	,695)
(592	,696)
(592	,723)
(592	,724)
(592	,810)
(592	,826)
(592	,882)
(592	,883)
(592	,929)
(592	,930)
(592	,962)
(592	,1019)
(592	,1043)
(592	,1044)
(592	,1168)
(592	,1214)
(592	,1272)
(592	,1296)
(592	,1308)
(592	,1309)
(592	,1310)
(592	,1311)
(592	,1322)
(592	,1409)
(592	,1637)
(592	,1647)
(592	,1648)
(592	,1750)
(592	,1808)
(592	,1819)
(592	,1820)
(592	,1821)
(592	,2072)
(592	,2160)
(592	,2161)
(592	,2264)
(592	,2347)
(592	,2348)
(592	,2520)
(592	,2549)
(592	,2712)
(593	,793)
(594	,599)
(595	,598)
(595	,599)
(595	,945)
(595	,1038)
(595	,1905)
(595	,1963)
(595	,2491)
(596	,676)
(596	,815)
(596	,816)
(596	,818)
(596	,1055)
(596	,1175)
(596	,1184)
(596	,1228)
(596	,1533)
(596	,1810)
(596	,2105)
(596	,2698)
(596	,2732)
(597	,598)
(597	,599)
(597	,779)
(597	,780)
(597	,781)
(597	,782)
(597	,783)
(598	,599)
(598	,779)
(598	,780)
(598	,781)
(598	,782)
(598	,783)
(598	,945)
(598	,1021)
(598	,1023)
(598	,1024)
(598	,1025)
(598	,1026)
(598	,1492)
(598	,1592)
(598	,1905)
(598	,2290)
(598	,2436)
(598	,2437)
(598	,2438)
(598	,2491)
(598	,2694)
(599	,636)
(599	,779)
(599	,780)
(599	,781)
(599	,782)
(599	,783)
(599	,945)
(599	,1038)
(599	,1894)
(599	,1905)
(599	,1963)
(599	,2438)
(599	,2439)
(599	,2490)
(599	,2491)
(599	,2546)
(600	,601)
(600	,602)
(601	,602)
(601	,1101)
(601	,1589)
(601	,2628)
(602	,1101)
(602	,1589)
(602	,2628)
(603	,604)
(603	,605)
(603	,606)
(603	,998)
(603	,1299)
(603	,1329)
(603	,2669)
(604	,605)
(604	,606)
(604	,2669)
(605	,606)
(606	,2669)
(607	,608)
(607	,609)
(607	,610)
(607	,611)
(607	,612)
(607	,613)
(607	,614)
(607	,834)
(607	,2191)
(607	,2224)
(607	,2488)
(608	,609)
(608	,610)
(608	,611)
(608	,612)
(608	,613)
(608	,614)
(608	,1765)
(608	,2191)
(608	,2224)
(609	,610)
(609	,611)
(609	,612)
(609	,613)
(609	,614)
(609	,2191)
(609	,2224)
(610	,611)
(610	,612)
(610	,613)
(610	,614)
(611	,612)
(611	,613)
(611	,614)
(612	,613)
(612	,614)
(613	,614)
(613	,2224)
(613	,2321)
(614	,1764)
(614	,1765)
(614	,2224)
(614	,2612)
(615	,1445)
(615	,1950)
(615	,2431)
(615	,2598)
(615	,2654)
(616	,2177)
(616	,2489)
(616	,2739)
(618	,619)
(618	,620)
(618	,621)
(618	,670)
(618	,702)
(618	,786)
(618	,787)
(618	,788)
(618	,876)
(618	,877)
(618	,878)
(618	,879)
(618	,880)
(619	,620)
(619	,621)
(619	,876)
(619	,879)
(619	,880)
(619	,956)
(619	,957)
(620	,621)
(620	,670)
(620	,702)
(621	,670)
(621	,702)
(622	,834)
(622	,869)
(622	,1241)
(623	,835)
(623	,2395)
(624	,625)
(624	,626)
(624	,627)
(624	,1624)
(624	,1625)
(624	,2162)
(625	,626)
(625	,627)
(625	,2162)
(626	,627)
(627	,2162)
(628	,1411)
(629	,630)
(629	,631)
(629	,632)
(629	,650)
(629	,651)
(629	,698)
(629	,707)
(629	,1301)
(629	,1735)
(629	,2471)
(629	,2476)
(630	,631)
(630	,632)
(630	,698)
(630	,707)
(630	,1864)
(631	,632)
(632	,707)
(633	,634)
(633	,635)
(633	,949)
(633	,1630)
(634	,635)
(635	,949)
(635	,1630)
(637	,638)
(637	,639)
(637	,640)
(638	,639)
(638	,640)
(638	,677)
(638	,691)
(638	,703)
(638	,704)
(638	,1649)
(638	,2409)
(638	,2692)
(639	,640)
(639	,691)
(639	,1011)
(640	,677)
(640	,691)
(640	,703)
(640	,704)
(640	,1649)
(640	,2692)
(641	,1185)
(641	,1362)
(641	,1409)
(641	,1410)
(642	,643)
(642	,644)
(642	,1719)
(642	,1720)
(642	,1721)
(642	,1722)
(642	,1723)
(642	,1724)
(643	,644)
(643	,1571)
(643	,1590)
(643	,1719)
(643	,1720)
(643	,1721)
(643	,1722)
(643	,1723)
(643	,1724)
(643	,2680)
(644	,1590)
(644	,1719)
(644	,1720)
(644	,1721)
(644	,1722)
(644	,1723)
(644	,1724)
(645	,965)
(645	,2646)
(646	,647)
(646	,992)
(646	,1571)
(647	,1571)
(648	,649)
(648	,1050)
(648	,1051)
(648	,1052)
(648	,1780)
(648	,2340)
(648	,2341)
(648	,2342)
(648	,2343)
(650	,651)
(651	,698)
(651	,708)
(651	,709)
(651	,746)
(651	,843)
(651	,844)
(651	,845)
(651	,984)
(651	,1337)
(651	,1338)
(651	,1339)
(651	,1735)
(651	,2467)
(651	,2468)
(651	,2515)
(651	,2740)
(652	,713)
(652	,1027)
(652	,1208)
(652	,1223)
(652	,1626)
(652	,1627)
(653	,654)
(653	,655)
(653	,656)
(653	,657)
(653	,658)
(653	,659)
(653	,705)
(654	,655)
(654	,656)
(654	,657)
(654	,658)
(654	,659)
(654	,705)
(654	,706)
(654	,1028)
(654	,1029)
(654	,1030)
(654	,1361)
(654	,1362)
(655	,656)
(655	,658)
(655	,659)
(656	,657)
(656	,658)
(656	,659)
(656	,705)
(656	,706)
(656	,971)
(656	,1302)
(656	,1303)
(656	,2251)
(657	,658)
(657	,659)
(657	,705)
(658	,659)
(658	,705)
(658	,706)
(659	,684)
(659	,705)
(659	,706)
(659	,780)
(659	,971)
(659	,1010)
(659	,1302)
(659	,1303)
(659	,1366)
(659	,1391)
(659	,1742)
(659	,1836)
(659	,2000)
(659	,2136)
(659	,2187)
(659	,2251)
(659	,2278)
(659	,2324)
(659	,2432)
(660	,991)
(661	,1061)
(662	,663)
(665	,666)
(667	,668)
(667	,669)
(667	,670)
(668	,669)
(668	,670)
(669	,670)
(670	,702)
(671	,1514)
(671	,2085)
(672	,673)
(672	,1461)
(674	,675)
(674	,676)
(674	,1342)
(674	,1652)
(675	,676)
(675	,887)
(675	,1460)
(675	,1652)
(675	,1863)
(676	,887)
(676	,978)
(676	,1038)
(676	,1175)
(676	,1228)
(676	,1263)
(676	,1431)
(676	,1575)
(676	,1576)
(676	,1640)
(676	,1652)
(676	,1863)
(676	,2685)
(676	,2698)
(677	,1649)
(677	,2692)
(678	,1948)
(678	,2593)
(678	,2673)
(679	,680)
(679	,1247)
(681	,682)
(681	,971)
(681	,1375)
(682	,1932)
(682	,1933)
(682	,1934)
(682	,1935)
(683	,684)
(684	,838)
(684	,839)
(684	,840)
(684	,1391)
(684	,1489)
(684	,1754)
(684	,1755)
(684	,1756)
(684	,1757)
(684	,2182)
(685	,686)
(685	,687)
(685	,688)
(685	,1521)
(685	,1962)
(685	,2311)
(686	,687)
(686	,688)
(688	,1364)
(688	,2165)
(688	,2166)
(689	,690)
(689	,1726)
(690	,758)
(690	,759)
(690	,760)
(690	,963)
(690	,980)
(690	,1508)
(690	,1726)
(691	,692)
(691	,693)
(692	,693)
(692	,996)
(692	,997)
(692	,1005)
(692	,1006)
(692	,1236)
(692	,1315)
(692	,2668)
(693	,1315)
(693	,2668)
(694	,695)
(694	,696)
(694	,873)
(694	,1044)
(694	,1268)
(694	,1295)
(694	,1497)
(694	,1498)
(694	,1500)
(694	,1501)
(695	,696)
(695	,1295)
(695	,2158)
(695	,2159)
(696	,873)
(696	,1007)
(696	,1044)
(696	,1268)
(696	,1295)
(696	,1497)
(696	,1498)
(696	,1500)
(696	,1501)
(696	,2158)
(696	,2159)
(696	,2384)
(696	,2385)
(698	,984)
(698	,1194)
(698	,1251)
(698	,1301)
(698	,1337)
(698	,1338)
(698	,1339)
(698	,1657)
(698	,1864)
(698	,1912)
(699	,700)
(699	,701)
(700	,701)
(700	,739)
(700	,740)
(700	,804)
(700	,945)
(700	,1038)
(700	,1039)
(700	,1040)
(700	,1041)
(700	,1042)
(700	,1291)
(700	,1292)
(700	,1462)
(700	,1491)
(700	,1716)
(700	,1862)
(700	,1979)
(700	,2528)
(700	,2529)
(700	,2530)
(700	,2531)
(700	,2532)
(701	,804)
(701	,1491)
(703	,704)
(705	,706)
(705	,971)
(705	,1302)
(705	,1303)
(708	,709)
(710	,711)
(710	,712)
(710	,2566)
(711	,712)
(712	,1054)
(712	,1928)
(712	,1971)
(712	,2411)
(712	,2566)
(714	,715)
(714	,745)
(714	,2256)
(716	,717)
(718	,719)
(718	,720)
(718	,726)
(718	,1300)
(718	,1316)
(718	,1317)
(718	,1409)
(718	,1845)
(718	,1846)
(718	,1915)
(718	,2405)
(719	,2405)
(721	,722)
(723	,724)
(724	,1044)
(724	,1296)
(726	,1128)
(726	,1129)
(726	,1195)
(726	,1316)
(726	,1317)
(726	,1540)
(726	,1558)
(727	,791)
(727	,792)
(727	,862)
(727	,1143)
(727	,1153)
(727	,1154)
(727	,1181)
(727	,1184)
(727	,1202)
(727	,1203)
(727	,1470)
(727	,1471)
(727	,1523)
(727	,1524)
(727	,1533)
(727	,2120)
(727	,2367)
(728	,748)
(728	,841)
(728	,842)
(729	,730)
(729	,731)
(729	,750)
(730	,731)
(731	,2417)
(732	,733)
(733	,1198)
(733	,1199)
(733	,1373)
(733	,1653)
(737	,738)
(737	,998)
(737	,999)
(737	,1230)
(737	,1231)
(737	,1534)
(737	,1563)
(737	,1895)
(737	,2373)
(737	,2482)
(737	,2545)
(739	,740)
(740	,777)
(740	,1291)
(740	,1292)
(740	,1432)
(740	,1433)
(740	,1716)
(740	,1764)
(740	,2528)
(740	,2529)
(740	,2530)
(740	,2531)
(740	,2532)
(741	,742)
(741	,801)
(741	,802)
(741	,1102)
(742	,852)
(742	,889)
(742	,890)
(742	,974)
(742	,975)
(742	,1158)
(742	,1378)
(742	,1379)
(742	,1942)
(742	,2209)
(742	,2210)
(742	,2211)
(742	,2392)
(742	,2737)
(743	,744)
(743	,822)
(743	,1573)
(744	,822)
(744	,1324)
(744	,1325)
(744	,1573)
(746	,1529)
(746	,2494)
(747	,748)
(748	,841)
(748	,1577)
(751	,752)
(751	,753)
(751	,1789)
(751	,1790)
(751	,1791)
(752	,753)
(752	,858)
(752	,905)
(752	,1789)
(752	,1790)
(752	,1791)
(752	,2079)
(753	,858)
(753	,1789)
(753	,1790)
(753	,1791)
(753	,1960)
(753	,2220)
(753	,2221)
(754	,1164)
(755	,1214)
(756	,827)
(757	,758)
(758	,759)
(758	,760)
(758	,773)
(758	,794)
(758	,800)
(758	,874)
(758	,1224)
(758	,1225)
(758	,1226)
(758	,1508)
(759	,760)
(759	,800)
(759	,1508)
(760	,1508)
(761	,762)
(761	,763)
(761	,764)
(761	,1549)
(761	,2046)
(761	,2360)
(761	,2727)
(761	,2728)
(761	,2729)
(762	,763)
(762	,764)
(763	,764)
(765	,853)
(765	,1519)
(766	,1106)
(766	,2470)
(766	,2471)
(766	,2472)
(768	,769)
(768	,770)
(769	,770)
(770	,897)
(770	,1068)
(770	,1082)
(770	,1398)
(770	,1399)
(770	,1699)
(770	,1805)
(770	,2148)
(771	,772)
(771	,773)
(772	,773)
(773	,794)
(773	,1136)
(773	,1224)
(773	,1225)
(773	,1226)
(774	,777)
(774	,778)
(775	,1426)
(775	,1427)
(775	,1428)
(775	,1429)
(775	,1430)
(775	,1670)
(776	,891)
(776	,892)
(776	,893)
(776	,894)
(776	,1815)
(776	,1816)
(777	,778)
(777	,924)
(777	,1850)
(777	,1869)
(777	,1870)
(777	,1871)
(778	,924)
(778	,1263)
(779	,780)
(779	,781)
(779	,782)
(779	,783)
(779	,945)
(779	,1107)
(779	,1191)
(779	,1592)
(779	,1811)
(779	,1849)
(779	,1905)
(779	,1996)
(779	,2229)
(779	,2230)
(779	,2231)
(779	,2232)
(779	,2233)
(779	,2234)
(779	,2319)
(779	,2436)
(779	,2437)
(779	,2438)
(780	,781)
(780	,782)
(780	,783)
(780	,1302)
(780	,1742)
(780	,2187)
(780	,2324)
(781	,782)
(781	,783)
(782	,783)
(782	,945)
(782	,1040)
(782	,1591)
(782	,1592)
(782	,1593)
(782	,1594)
(782	,2290)
(783	,1591)
(783	,1592)
(783	,1593)
(783	,1594)
(784	,785)
(784	,860)
(784	,1778)
(784	,1957)
(785	,860)
(786	,787)
(786	,788)
(787	,788)
(787	,895)
(787	,2487)
(787	,2492)
(788	,895)
(788	,2487)
(789	,790)
(791	,792)
(791	,2367)
(792	,1606)
(792	,1607)
(792	,1608)
(792	,1609)
(792	,1610)
(792	,1611)
(792	,1612)
(792	,1613)
(792	,2645)
(793	,794)
(793	,868)
(794	,1171)
(794	,1224)
(794	,1225)
(794	,1226)
(795	,796)
(795	,797)
(795	,798)
(795	,799)
(795	,1798)
(795	,1854)
(795	,2170)
(795	,2171)
(795	,2172)
(795	,2173)
(795	,2262)
(795	,2263)
(796	,799)
(797	,798)
(797	,799)
(797	,1551)
(797	,1854)
(797	,1907)
(797	,2173)
(798	,799)
(798	,1907)
(799	,1798)
(801	,802)
(801	,1102)
(804	,807)
(805	,806)
(805	,1244)
(806	,1219)
(806	,2059)
(806	,2060)
(806	,2070)
(806	,2073)
(806	,2074)
(808	,809)
(808	,898)
(808	,951)
(808	,1064)
(808	,1313)
(808	,1314)
(808	,1772)
(810	,1637)
(810	,1648)
(811	,1374)
(811	,1375)
(811	,1543)
(811	,1804)
(811	,2092)
(811	,2719)
(813	,814)
(814	,817)
(814	,1362)
(814	,2674)
(815	,816)
(815	,821)
(815	,1184)
(815	,1533)
(815	,2732)
(816	,821)
(816	,937)
(816	,1143)
(816	,1184)
(816	,1186)
(816	,1187)
(816	,1188)
(816	,1376)
(816	,1377)
(816	,1470)
(816	,1471)
(816	,1524)
(816	,1533)
(816	,1881)
(816	,2012)
(816	,2013)
(816	,2014)
(816	,2179)
(816	,2732)
(818	,819)
(818	,821)
(818	,827)
(818	,887)
(818	,888)
(818	,976)
(818	,1006)
(818	,1342)
(818	,1566)
(818	,1567)
(818	,1568)
(818	,1569)
(818	,1581)
(818	,2117)
(820	,833)
(820	,908)
(821	,1184)
(821	,1533)
(821	,2613)
(822	,1573)
(823	,863)
(823	,899)
(823	,900)
(823	,984)
(823	,2726)
(824	,1638)
(826	,1043)
(826	,1044)
(826	,1168)
(826	,1268)
(826	,1271)
(826	,1322)
(826	,1500)
(826	,2396)
(826	,2550)
(826	,2567)
(826	,2568)
(827	,1293)
(827	,1581)
(828	,2274)
(829	,830)
(829	,967)
(829	,1532)
(830	,967)
(830	,1532)
(831	,1472)
(832	,1084)
(832	,2389)
(832	,2390)
(832	,2391)
(834	,869)
(834	,1241)
(834	,2488)
(834	,2502)
(835	,2395)
(836	,1037)
(836	,1242)
(837	,1252)
(837	,1639)
(838	,839)
(838	,840)
(843	,844)
(843	,845)
(844	,845)
(848	,849)
(849	,852)
(849	,868)
(850	,943)
(852	,974)
(852	,975)
(853	,854)
(853	,855)
(853	,856)
(853	,1023)
(853	,1053)
(853	,1448)
(853	,1449)
(853	,1490)
(853	,1518)
(853	,1519)
(853	,1520)
(854	,855)
(854	,856)
(854	,860)
(854	,1053)
(854	,1993)
(854	,1994)
(854	,1995)
(854	,2002)
(855	,856)
(855	,1053)
(856	,1053)
(857	,1457)
(857	,1458)
(859	,860)
(859	,861)
(859	,1436)
(859	,1449)
(859	,2253)
(859	,2254)
(859	,2255)
(859	,2717)
(860	,861)
(860	,1421)
(860	,1554)
(860	,1778)
(860	,1957)
(860	,1993)
(860	,1994)
(860	,2002)
(860	,2253)
(861	,1436)
(861	,1449)
(861	,2253)
(861	,2254)
(861	,2255)
(861	,2717)
(865	,866)
(867	,2580)
(868	,2380)
(869	,1241)
(869	,1762)
(869	,1763)
(870	,871)
(870	,872)
(871	,872)
(873	,1044)
(873	,1268)
(873	,1497)
(873	,1498)
(873	,1500)
(873	,1501)
(874	,975)
(875	,1818)
(876	,879)
(876	,880)
(877	,878)
(879	,880)
(882	,883)
(882	,930)
(882	,1614)
(882	,1615)
(882	,1616)
(882	,1647)
(882	,1648)
(883	,930)
(885	,886)
(886	,1118)
(886	,1689)
(886	,1978)
(886	,2481)
(887	,978)
(887	,1342)
(887	,1652)
(889	,890)
(891	,892)
(891	,893)
(891	,894)
(891	,1815)
(891	,1816)
(892	,893)
(892	,894)
(892	,1815)
(892	,1816)
(892	,2070)
(892	,2071)
(893	,894)
(893	,1713)
(893	,1815)
(893	,1816)
(893	,2070)
(893	,2071)
(893	,2374)
(893	,2375)
(894	,1478)
(894	,1656)
(894	,1815)
(894	,1816)
(894	,2306)
(895	,2487)
(895	,2492)
(896	,977)
(896	,1134)
(897	,1124)
(897	,1398)
(897	,1399)
(898	,968)
(898	,969)
(898	,1064)
(898	,1197)
(898	,1467)
(898	,1484)
(899	,900)
(901	,902)
(901	,903)
(902	,903)
(905	,2079)
(906	,1478)
(906	,1673)
(906	,1674)
(906	,1676)
(906	,1678)
(906	,1681)
(906	,1684)
(907	,1349)
(907	,1690)
(909	,910)
(909	,911)
(909	,1286)
(909	,2325)
(910	,911)
(910	,1282)
(910	,1286)
(910	,1389)
(910	,1390)
(910	,2325)
(911	,1281)
(911	,1282)
(911	,1389)
(911	,1390)
(911	,1619)
(911	,1620)
(911	,1621)
(912	,1036)
(912	,1808)
(912	,1809)
(913	,914)
(913	,915)
(913	,916)
(913	,917)
(913	,2524)
(914	,915)
(914	,916)
(914	,917)
(914	,1046)
(914	,1047)
(914	,1048)
(914	,1049)
(914	,1146)
(914	,1305)
(914	,1346)
(914	,1347)
(914	,1362)
(914	,1366)
(914	,1666)
(914	,2030)
(914	,2189)
(914	,2190)
(914	,2457)
(914	,2524)
(914	,2571)
(914	,2592)
(914	,2718)
(915	,916)
(915	,917)
(915	,1046)
(915	,1047)
(915	,1048)
(915	,1049)
(916	,917)
(916	,1046)
(916	,1047)
(916	,1048)
(916	,1049)
(916	,1078)
(916	,1079)
(916	,1080)
(918	,920)
(918	,921)
(918	,2509)
(918	,2510)
(918	,2512)
(919	,920)
(919	,921)
(919	,922)
(919	,1256)
(920	,921)
(920	,1256)
(920	,1880)
(920	,2178)
(920	,2509)
(920	,2510)
(920	,2512)
(921	,922)
(921	,1256)
(922	,1257)
(922	,1365)
(922	,1812)
(922	,2118)
(922	,2344)
(922	,2345)
(922	,2415)
(922	,2416)
(922	,2629)
(923	,1119)
(923	,2332)
(923	,2551)
(923	,2735)
(923	,2736)
(925	,1257)
(925	,1258)
(925	,1259)
(929	,930)
(930	,1214)
(930	,1272)
(930	,1273)
(930	,1616)
(930	,2134)
(931	,1781)
(931	,1782)
(931	,1783)
(931	,1784)
(932	,933)
(934	,935)
(936	,937)
(936	,939)
(937	,1184)
(937	,1222)
(937	,1533)
(937	,2012)
(937	,2258)
(937	,2259)
(937	,2260)
(937	,2477)
(937	,2478)
(939	,1923)
(941	,2314)
(943	,944)
(943	,945)
(943	,2424)
(943	,2522)
(944	,945)
(945	,946)
(945	,977)
(945	,1038)
(945	,1039)
(945	,1040)
(945	,1041)
(945	,1042)
(945	,1463)
(945	,1662)
(945	,1663)
(945	,1664)
(945	,1905)
(945	,1963)
(947	,948)
(950	,951)
(951	,1183)
(951	,1266)
(951	,1313)
(951	,1314)
(951	,1852)
(953	,954)
(953	,955)
(953	,1999)
(954	,955)
(954	,988)
(954	,1486)
(954	,1897)
(954	,1952)
(954	,2271)
(954	,2695)
(954	,2696)
(955	,988)
(955	,990)
(955	,1486)
(955	,1645)
(955	,1897)
(955	,1952)
(955	,2271)
(955	,2552)
(955	,2695)
(955	,2696)
(956	,957)
(958	,959)
(958	,960)
(958	,961)
(959	,960)
(959	,961)
(960	,961)
(961	,1242)
(962	,1214)
(962	,1311)
(963	,2699)
(964	,1447)
(964	,1495)
(964	,1496)
(964	,1559)
(964	,2005)
(964	,2199)
(966	,967)
(966	,970)
(966	,1506)
(966	,1507)
(966	,1977)
(967	,970)
(967	,1137)
(967	,1506)
(967	,1507)
(967	,1532)
(967	,1759)
(967	,1944)
(967	,1945)
(967	,1977)
(967	,2289)
(967	,2315)
(968	,969)
(970	,1063)
(971	,972)
(971	,973)
(971	,1071)
(971	,1302)
(971	,1303)
(971	,1927)
(972	,973)
(974	,975)
(975	,1125)
(975	,1126)
(975	,1127)
(975	,1196)
(975	,1544)
(975	,2730)
(976	,1287)
(976	,1289)
(976	,2053)
(976	,2059)
(976	,2186)
(977	,1463)
(977	,1662)
(977	,1663)
(977	,1664)
(981	,982)
(981	,983)
(982	,983)
(984	,1337)
(984	,1338)
(984	,1339)
(985	,1586)
(988	,1182)
(988	,1897)
(988	,1956)
(993	,994)
(993	,995)
(993	,1384)
(993	,1385)
(993	,2663)
(993	,2664)
(994	,995)
(994	,1384)
(994	,1385)
(995	,1384)
(995	,1385)
(995	,2647)
(995	,2648)
(995	,2663)
(995	,2664)
(996	,997)
(996	,1236)
(996	,1315)
(996	,2381)
(998	,999)
(998	,1329)
(999	,1534)
(1000	,1001)
(1001	,1034)
(1001	,2336)
(1001	,2428)
(1002	,1008)
(1002	,2406)
(1002	,2634)
(1003	,1366)
(1003	,2069)
(1004	,1006)
(1004	,1315)
(1004	,1887)
(1004	,1889)
(1004	,2710)
(1005	,1006)
(1006	,1425)
(1006	,1767)
(1006	,1768)
(1007	,2384)
(1007	,2385)
(1009	,2741)
(1010	,1098)
(1010	,1099)
(1010	,1100)
(1012	,1013)
(1012	,1014)
(1012	,1015)
(1012	,1016)
(1012	,1018)
(1012	,1019)
(1012	,2077)
(1012	,2078)
(1013	,1014)
(1013	,1016)
(1013	,1018)
(1013	,1019)
(1013	,2077)
(1014	,1018)
(1014	,1019)
(1014	,2077)
(1015	,1016)
(1015	,1018)
(1015	,1019)
(1016	,1018)
(1016	,1019)
(1016	,2078)
(1017	,1019)
(1018	,1019)
(1018	,2077)
(1018	,2078)
(1018	,2161)
(1018	,2337)
(1019	,2077)
(1019	,2078)
(1019	,2160)
(1019	,2161)
(1019	,2337)
(1021	,1024)
(1021	,1025)
(1021	,1026)
(1022	,1026)
(1023	,1026)
(1023	,1053)
(1023	,1448)
(1023	,1449)
(1023	,1518)
(1023	,1519)
(1023	,1520)
(1024	,1025)
(1024	,1026)
(1025	,1026)
(1025	,1105)
(1025	,1249)
(1025	,1250)
(1025	,1737)
(1025	,2707)
(1026	,1492)
(1026	,2694)
(1027	,1223)
(1028	,1029)
(1028	,1030)
(1028	,1362)
(1028	,1908)
(1028	,1924)
(1028	,1926)
(1028	,2316)
(1029	,1030)
(1029	,1361)
(1029	,1362)
(1031	,1345)
(1032	,1111)
(1032	,1112)
(1032	,1466)
(1033	,2469)
(1034	,1240)
(1034	,1348)
(1034	,1349)
(1034	,2044)
(1034	,2336)
(1034	,2428)
(1034	,2651)
(1035	,1036)
(1036	,1037)
(1036	,1242)
(1036	,1949)
(1036	,2583)
(1036	,2584)
(1036	,2585)
(1036	,2586)
(1036	,2587)
(1037	,1242)
(1037	,1740)
(1038	,1039)
(1038	,1040)
(1038	,1041)
(1038	,1042)
(1038	,1175)
(1038	,1228)
(1038	,1905)
(1038	,1963)
(1039	,1040)
(1039	,1041)
(1039	,1042)
(1040	,1041)
(1040	,1042)
(1041	,1042)
(1043	,1044)
(1043	,1168)
(1044	,1168)
(1044	,1268)
(1044	,1271)
(1044	,1296)
(1044	,1497)
(1044	,1498)
(1044	,1499)
(1044	,1500)
(1044	,1501)
(1044	,1502)
(1044	,1637)
(1044	,2378)
(1044	,2379)
(1044	,2550)
(1044	,2567)
(1044	,2568)
(1045	,1242)
(1046	,1047)
(1046	,1048)
(1046	,1049)
(1047	,1048)
(1047	,1049)
(1047	,1405)
(1047	,1406)
(1048	,1049)
(1050	,1051)
(1050	,1052)
(1050	,2359)
(1051	,1052)
(1052	,1643)
(1052	,2359)
(1053	,1518)
(1053	,1520)
(1054	,1170)
(1054	,2411)
(1054	,2412)
(1055	,1175)
(1055	,1184)
(1056	,1057)
(1058	,1059)
(1060	,1526)
(1060	,2738)
(1065	,1066)
(1065	,1067)
(1066	,1067)
(1067	,2137)
(1067	,2138)
(1068	,1274)
(1068	,1805)
(1068	,2148)
(1069	,1070)
(1069	,1071)
(1069	,1072)
(1069	,1074)
(1070	,1071)
(1070	,1072)
(1070	,1074)
(1070	,1369)
(1070	,1482)
(1070	,1656)
(1070	,1714)
(1070	,2021)
(1071	,1072)
(1071	,1074)
(1071	,2010)
(1072	,1074)
(1074	,2021)
(1074	,2095)
(1074	,2104)
(1075	,1077)
(1077	,1407)
(1077	,2009)
(1078	,1079)
(1078	,1080)
(1079	,1080)
(1084	,2389)
(1084	,2390)
(1084	,2391)
(1085	,1086)
(1085	,1087)
(1085	,1088)
(1086	,1087)
(1086	,1088)
(1087	,1088)
(1089	,1090)
(1091	,1092)
(1091	,1891)
(1093	,1094)
(1093	,1095)
(1094	,1095)
(1095	,1744)
(1095	,1745)
(1096	,1239)
(1096	,1240)
(1096	,1867)
(1098	,1099)
(1098	,1100)
(1099	,1100)
(1100	,1131)
(1100	,1132)
(1100	,1133)
(1100	,1408)
(1100	,1753)
(1100	,2320)
(1100	,2388)
(1100	,2427)
(1101	,1589)
(1103	,2194)
(1103	,2203)
(1103	,2204)
(1103	,2205)
(1103	,2206)
(1103	,2207)
(1104	,1105)
(1105	,1249)
(1105	,1250)
(1106	,2472)
(1107	,1592)
(1108	,1109)
(1108	,1110)
(1109	,1110)
(1111	,1112)
(1111	,1466)
(1112	,1466)
(1112	,1891)
(1112	,2291)
(1112	,2292)
(1113	,1114)
(1113	,1115)
(1114	,1115)
(1115	,1980)
(1115	,2533)
(1116	,1117)
(1117	,1182)
(1117	,1565)
(1117	,1738)
(1117	,2155)
(1117	,2156)
(1117	,2236)
(1117	,2237)
(1117	,2318)
(1117	,2327)
(1117	,2328)
(1117	,2329)
(1117	,2330)
(1117	,2601)
(1117	,2602)
(1118	,1689)
(1119	,1787)
(1119	,1788)
(1119	,2106)
(1119	,2332)
(1119	,2519)
(1119	,2735)
(1119	,2736)
(1120	,1121)
(1120	,1122)
(1120	,1123)
(1121	,1122)
(1121	,1123)
(1122	,1123)
(1125	,1126)
(1125	,1127)
(1126	,1127)
(1128	,1129)
(1131	,1132)
(1131	,1133)
(1132	,1133)
(1133	,1446)
(1138	,1415)
(1139	,1207)
(1139	,2561)
(1141	,1142)
(1141	,1143)
(1141	,1144)
(1141	,1145)
(1141	,1146)
(1142	,1143)
(1142	,1144)
(1142	,1145)
(1142	,1146)
(1142	,1440)
(1142	,1441)
(1143	,1144)
(1143	,1145)
(1143	,1146)
(1143	,1184)
(1143	,1186)
(1143	,1187)
(1143	,1469)
(1143	,1470)
(1143	,1471)
(1143	,1523)
(1143	,1524)
(1143	,1533)
(1143	,1881)
(1143	,2012)
(1143	,2013)
(1143	,2014)
(1144	,1145)
(1144	,1146)
(1144	,1440)
(1144	,1441)
(1145	,1146)
(1147	,1377)
(1149	,1844)
(1151	,1438)
(1151	,2008)
(1151	,2334)
(1151	,2335)
(1153	,1154)
(1156	,1157)
(1156	,1610)
(1156	,1611)
(1157	,1503)
(1157	,1786)
(1158	,1159)
(1158	,1160)
(1158	,1517)
(1159	,1517)
(1159	,1948)
(1159	,2540)
(1159	,2553)
(1159	,2554)
(1160	,1636)
(1160	,1646)
(1162	,1269)
(1165	,1166)
(1165	,1167)
(1165	,1168)
(1166	,1167)
(1166	,1168)
(1167	,1168)
(1169	,1170)
(1169	,2483)
(1169	,2484)
(1170	,2483)
(1170	,2484)
(1170	,2558)
(1170	,2559)
(1173	,1222)
(1174	,1175)
(1175	,1184)
(1175	,1227)
(1175	,1228)
(1175	,1229)
(1175	,1318)
(1175	,1862)
(1175	,2323)
(1175	,2357)
(1175	,2685)
(1175	,2698)
(1176	,1270)
(1177	,1178)
(1179	,1180)
(1182	,1565)
(1182	,1738)
(1183	,1531)
(1183	,1574)
(1184	,1185)
(1184	,1186)
(1184	,1187)
(1184	,1188)
(1184	,1189)
(1184	,1469)
(1184	,1470)
(1184	,1471)
(1184	,1523)
(1184	,1524)
(1184	,1533)
(1184	,2012)
(1184	,2179)
(1184	,2732)
(1185	,1186)
(1185	,1187)
(1186	,1187)
(1186	,1189)
(1186	,1469)
(1186	,1470)
(1186	,1471)
(1187	,1188)
(1187	,1470)
(1187	,1533)
(1187	,2179)
(1188	,1533)
(1188	,2179)
(1191	,1592)
(1191	,1849)
(1191	,2229)
(1191	,2230)
(1191	,2232)
(1191	,2233)
(1191	,2234)
(1196	,2339)
(1198	,1199)
(1201	,1321)
(1201	,1766)
(1202	,1203)
(1207	,2561)
(1209	,1343)
(1209	,1344)
(1210	,1211)
(1210	,1212)
(1211	,1212)
(1212	,1213)
(1214	,1277)
(1214	,1494)
(1215	,1216)
(1215	,1217)
(1215	,1218)
(1215	,1219)
(1216	,1217)
(1216	,1218)
(1216	,1219)
(1217	,1218)
(1217	,1219)
(1219	,2070)
(1219	,2073)
(1219	,2074)
(1220	,1221)
(1220	,1560)
(1220	,1811)
(1220	,1955)
(1222	,1873)
(1222	,1874)
(1222	,2238)
(1222	,2239)
(1222	,2240)
(1222	,2241)
(1222	,2477)
(1222	,2478)
(1224	,1225)
(1224	,1226)
(1225	,1226)
(1227	,1228)
(1227	,2323)
(1228	,2685)
(1228	,2698)
(1229	,1862)
(1229	,2280)
(1229	,2281)
(1229	,2357)
(1229	,2591)
(1230	,1231)
(1230	,1895)
(1232	,1233)
(1232	,1234)
(1232	,1235)
(1232	,1236)
(1232	,1237)
(1232	,1238)
(1233	,1234)
(1233	,1235)
(1233	,1236)
(1233	,1237)
(1233	,1238)
(1234	,1235)
(1234	,1236)
(1234	,1237)
(1234	,1238)
(1235	,1236)
(1235	,1237)
(1235	,1238)
(1236	,1237)
(1236	,1238)
(1237	,1238)
(1238	,1580)
(1240	,1867)
(1242	,1243)
(1245	,1246)
(1245	,1307)
(1246	,1307)
(1249	,1250)
(1253	,1254)
(1253	,1255)
(1253	,1298)
(1253	,1578)
(1253	,1579)
(1253	,2578)
(1254	,1255)
(1254	,1622)
(1254	,1892)
(1254	,2057)
(1254	,2190)
(1254	,2217)
(1254	,2302)
(1254	,2303)
(1254	,2338)
(1254	,2479)
(1257	,1258)
(1257	,1259)
(1257	,1365)
(1258	,1259)
(1260	,1261)
(1260	,1262)
(1260	,1263)
(1260	,1264)
(1260	,1375)
(1260	,1504)
(1260	,1505)
(1260	,1661)
(1260	,1925)
(1260	,1947)
(1260	,2275)
(1260	,2355)
(1260	,2461)
(1260	,2462)
(1260	,2517)
(1260	,2521)
(1261	,1263)
(1261	,1264)
(1261	,1375)
(1261	,1504)
(1261	,1602)
(1261	,1603)
(1261	,1604)
(1261	,1605)
(1261	,1661)
(1261	,1925)
(1261	,1947)
(1261	,2275)
(1261	,2355)
(1261	,2461)
(1261	,2517)
(1261	,2521)
(1262	,1263)
(1263	,1264)
(1263	,1375)
(1263	,1504)
(1263	,1505)
(1263	,1575)
(1263	,1602)
(1263	,1603)
(1263	,1604)
(1263	,1605)
(1263	,1661)
(1263	,1925)
(1263	,1947)
(1263	,2275)
(1263	,2355)
(1263	,2461)
(1263	,2462)
(1263	,2517)
(1263	,2521)
(1264	,1375)
(1264	,2275)
(1264	,2355)
(1264	,2461)
(1264	,2462)
(1264	,2633)
(1265	,1266)
(1266	,2607)
(1267	,1997)
(1267	,2227)
(1267	,2506)
(1268	,1271)
(1268	,1497)
(1268	,1498)
(1268	,1500)
(1268	,1501)
(1268	,2550)
(1268	,2567)
(1268	,2568)
(1270	,1813)
(1271	,1500)
(1271	,2550)
(1271	,2567)
(1271	,2568)
(1272	,1273)
(1274	,1275)
(1276	,1277)
(1277	,1411)
(1277	,1453)
(1277	,1454)
(1277	,1494)
(1277	,1545)
(1278	,1279)
(1280	,1510)
(1281	,1282)
(1281	,1619)
(1281	,1620)
(1281	,1621)
(1282	,1283)
(1282	,1389)
(1282	,1390)
(1282	,1619)
(1282	,1620)
(1282	,1621)
(1286	,1496)
(1286	,2005)
(1286	,2325)
(1287	,1288)
(1287	,1289)
(1287	,1442)
(1287	,2186)
(1288	,1289)
(1289	,1326)
(1289	,1327)
(1289	,1328)
(1289	,1442)
(1289	,2186)
(1290	,1774)
(1290	,1775)
(1292	,1716)
(1292	,2096)
(1292	,2097)
(1292	,2098)
(1292	,2099)
(1292	,2100)
(1292	,2101)
(1292	,2102)
(1292	,2103)
(1292	,2528)
(1292	,2529)
(1292	,2530)
(1292	,2531)
(1292	,2532)
(1292	,2708)
(1294	,2423)
(1296	,1637)
(1298	,1578)
(1298	,1579)
(1300	,1845)
(1300	,1846)
(1302	,1303)
(1302	,1366)
(1302	,1742)
(1302	,1836)
(1302	,2187)
(1302	,2251)
(1302	,2278)
(1302	,2324)
(1303	,2251)
(1304	,1814)
(1305	,2030)
(1306	,1307)
(1306	,2366)
(1308	,1309)
(1308	,1310)
(1308	,1311)
(1309	,1310)
(1309	,1311)
(1309	,1330)
(1309	,1331)
(1310	,1311)
(1313	,1314)
(1315	,1887)
(1315	,1889)
(1315	,2261)
(1315	,2668)
(1316	,1317)
(1318	,1319)
(1318	,1387)
(1318	,1388)
(1318	,1862)
(1318	,2357)
(1321	,1766)
(1322	,1323)
(1324	,1325)
(1326	,1327)
(1326	,1328)
(1327	,1328)
(1329	,1830)
(1330	,1331)
(1330	,2368)
(1333	,1335)
(1333	,1824)
(1334	,1335)
(1335	,1824)
(1335	,2351)
(1337	,1338)
(1337	,1339)
(1338	,1339)
(1340	,1341)
(1340	,1342)
(1341	,1342)
(1342	,1537)
(1342	,1538)
(1342	,1539)
(1342	,1595)
(1342	,1596)
(1342	,1652)
(1343	,1344)
(1348	,1349)
(1348	,1799)
(1348	,2336)
(1349	,2336)
(1350	,1351)
(1350	,1352)
(1350	,1353)
(1350	,1485)
(1350	,1800)
(1350	,2310)
(1350	,2356)
(1351	,1352)
(1352	,1353)
(1352	,1485)
(1352	,2356)
(1353	,1800)
(1354	,1776)
(1354	,1777)
(1354	,1869)
(1354	,1870)
(1354	,2011)
(1354	,2116)
(1354	,2174)
(1354	,2175)
(1354	,2282)
(1358	,1359)
(1358	,1360)
(1359	,1360)
(1361	,1362)
(1362	,1366)
(1362	,1409)
(1362	,1410)
(1362	,1666)
(1362	,1908)
(1362	,1909)
(1362	,1910)
(1362	,1926)
(1362	,2189)
(1362	,2190)
(1362	,2316)
(1362	,2674)
(1363	,2274)
(1366	,1368)
(1366	,1525)
(1366	,1526)
(1366	,1527)
(1366	,1666)
(1366	,1832)
(1366	,1833)
(1366	,1834)
(1366	,1835)
(1366	,1836)
(1366	,1931)
(1366	,1962)
(1366	,2069)
(1366	,2189)
(1366	,2190)
(1368	,1525)
(1368	,1526)
(1368	,1527)
(1368	,1931)
(1368	,1962)
(1369	,2145)
(1369	,2146)
(1369	,2283)
(1369	,2284)
(1369	,2606)
(1370	,1371)
(1374	,1375)
(1375	,1517)
(1375	,2275)
(1375	,2331)
(1375	,2355)
(1375	,2461)
(1376	,1377)
(1378	,1379)
(1380	,1381)
(1380	,1382)
(1380	,1383)
(1381	,1382)
(1381	,1383)
(1381	,2061)
(1381	,2097)
(1381	,2169)
(1381	,2279)
(1381	,2495)
(1381	,2496)
(1381	,2497)
(1381	,2498)
(1381	,2499)
(1381	,2500)
(1381	,2501)
(1382	,1383)
(1383	,1535)
(1383	,1659)
(1383	,1660)
(1384	,1385)
(1385	,2663)
(1385	,2664)
(1386	,1761)
(1386	,2701)
(1387	,1388)
(1387	,2662)
(1388	,2661)
(1388	,2662)
(1389	,1390)
(1391	,1489)
(1391	,1755)
(1391	,1756)
(1392	,2660)
(1398	,1399)
(1400	,1401)
(1400	,1402)
(1400	,1403)
(1400	,1404)
(1400	,1474)
(1401	,1404)
(1402	,1403)
(1405	,1406)
(1408	,2320)
(1408	,2427)
(1409	,1410)
(1409	,2630)
(1411	,1453)
(1411	,1454)
(1414	,1516)
(1416	,1417)
(1416	,1418)
(1416	,1419)
(1416	,1420)
(1416	,1456)
(1417	,1418)
(1417	,1419)
(1417	,1420)
(1418	,1419)
(1418	,1420)
(1419	,1420)
(1420	,2642)
(1421	,1422)
(1421	,1423)
(1421	,1424)
(1421	,1554)
(1421	,1654)
(1421	,1778)
(1422	,1423)
(1422	,1424)
(1423	,1424)
(1425	,1767)
(1425	,1768)
(1426	,1427)
(1426	,1428)
(1426	,1429)
(1426	,1430)
(1426	,1926)
(1426	,2149)
(1426	,2150)
(1426	,2597)
(1427	,1428)
(1427	,1429)
(1427	,1430)
(1428	,1429)
(1428	,1430)
(1428	,1670)
(1429	,1430)
(1432	,1433)
(1432	,1764)
(1434	,1881)
(1434	,2418)
(1436	,1449)
(1437	,1438)
(1438	,1448)
(1438	,1665)
(1438	,1898)
(1438	,2008)
(1438	,2334)
(1438	,2335)
(1440	,1441)
(1443	,1444)
(1444	,1891)
(1445	,1950)
(1445	,2431)
(1445	,2598)
(1445	,2654)
(1447	,1495)
(1447	,1496)
(1448	,1449)
(1448	,1450)
(1448	,1451)
(1448	,1519)
(1448	,1665)
(1449	,1450)
(1449	,1451)
(1449	,1519)
(1450	,1451)
(1453	,1454)
(1457	,1458)
(1458	,1849)
(1458	,2233)
(1463	,1662)
(1463	,1663)
(1463	,1664)
(1469	,1470)
(1469	,1471)
(1470	,1471)
(1470	,1523)
(1470	,1524)
(1470	,1533)
(1470	,2012)
(1471	,1523)
(1471	,1524)
(1475	,1476)
(1476	,1555)
(1476	,1557)
(1476	,1974)
(1476	,1975)
(1476	,1976)
(1478	,1928)
(1478	,2038)
(1478	,2306)
(1478	,2627)
(1480	,1481)
(1480	,1482)
(1480	,1483)
(1481	,1482)
(1481	,1483)
(1482	,1483)
(1482	,1656)
(1482	,1714)
(1485	,2356)
(1486	,1487)
(1486	,1488)
(1486	,1807)
(1486	,1952)
(1486	,2250)
(1487	,1488)
(1487	,2188)
(1487	,2200)
(1488	,2188)
(1488	,2200)
(1489	,1490)
(1489	,1755)
(1489	,1756)
(1490	,2202)
(1491	,1493)
(1491	,1742)
(1491	,1743)
(1493	,1742)
(1493	,1743)
(1493	,2252)
(1495	,1496)
(1496	,2005)
(1497	,1498)
(1497	,1500)
(1497	,1501)
(1498	,1499)
(1498	,1500)
(1498	,1501)
(1498	,1502)
(1499	,1500)
(1499	,1502)
(1500	,1501)
(1500	,1502)
(1500	,2378)
(1500	,2379)
(1500	,2550)
(1500	,2567)
(1500	,2568)
(1504	,1661)
(1504	,1925)
(1504	,2517)
(1506	,1507)
(1513	,1514)
(1513	,2111)
(1513	,2112)
(1514	,2085)
(1514	,2111)
(1514	,2112)
(1514	,2572)
(1517	,2275)
(1517	,2331)
(1518	,1519)
(1518	,1520)
(1519	,1844)
(1522	,1707)
(1523	,1524)
(1524	,1533)
(1525	,1526)
(1525	,1527)
(1525	,1931)
(1525	,1962)
(1526	,1527)
(1526	,1931)
(1526	,1962)
(1526	,2015)
(1526	,2016)
(1526	,2111)
(1526	,2397)
(1526	,2543)
(1526	,2738)
(1527	,1930)
(1527	,1931)
(1527	,1962)
(1527	,2015)
(1527	,2016)
(1527	,2111)
(1527	,2543)
(1528	,1862)
(1528	,2281)
(1529	,1530)
(1529	,1797)
(1529	,2133)
(1529	,2494)
(1529	,2548)
(1529	,2667)
(1529	,2711)
(1530	,1797)
(1530	,2133)
(1530	,2548)
(1530	,2667)
(1530	,2711)
(1531	,1574)
(1533	,2012)
(1533	,2179)
(1533	,2732)
(1534	,2167)
(1534	,2168)
(1536	,1747)
(1536	,1748)
(1536	,1749)
(1536	,2350)
(1537	,1538)
(1537	,1539)
(1538	,1539)
(1541	,1542)
(1546	,1548)
(1547	,1548)
(1548	,1858)
(1550	,1551)
(1552	,1553)
(1552	,1914)
(1554	,1654)
(1554	,1778)
(1555	,1556)
(1555	,1557)
(1555	,1974)
(1555	,1975)
(1555	,1976)
(1556	,1557)
(1556	,1595)
(1557	,1595)
(1557	,1974)
(1557	,1975)
(1557	,1976)
(1560	,1955)
(1561	,1562)
(1561	,1563)
(1562	,1563)
(1563	,2373)
(1565	,1641)
(1565	,1738)
(1565	,2155)
(1565	,2156)
(1565	,2157)
(1565	,2318)
(1566	,1569)
(1566	,2117)
(1567	,1568)
(1569	,2117)
(1572	,1881)
(1572	,1959)
(1574	,2504)
(1574	,2588)
(1578	,1579)
(1582	,1758)
(1584	,1585)
(1584	,2658)
(1587	,1811)
(1591	,1592)
(1591	,1593)
(1591	,1594)
(1592	,1593)
(1592	,1594)
(1592	,1811)
(1592	,1849)
(1592	,1996)
(1592	,2229)
(1592	,2230)
(1592	,2231)
(1592	,2232)
(1592	,2233)
(1592	,2234)
(1592	,2319)
(1592	,2621)
(1593	,1594)
(1595	,1596)
(1597	,1940)
(1597	,1941)
(1597	,2006)
(1597	,2007)
(1597	,2623)
(1598	,1599)
(1598	,1600)
(1599	,1600)
(1599	,1896)
(1599	,2039)
(1599	,2040)
(1599	,2055)
(1599	,2056)
(1599	,2235)
(1600	,1896)
(1600	,2039)
(1600	,2040)
(1600	,2055)
(1600	,2056)
(1600	,2180)
(1600	,2235)
(1600	,2312)
(1600	,2317)
(1600	,2508)
(1601	,1604)
(1601	,1605)
(1602	,1603)
(1602	,1604)
(1602	,1605)
(1602	,2689)
(1603	,1604)
(1603	,1605)
(1604	,1605)
(1604	,1702)
(1604	,2689)
(1605	,1702)
(1605	,2689)
(1606	,1607)
(1606	,1608)
(1606	,1609)
(1606	,1610)
(1606	,1611)
(1606	,1612)
(1606	,1613)
(1606	,2645)
(1607	,1608)
(1607	,1609)
(1607	,1610)
(1607	,1611)
(1607	,1612)
(1607	,1613)
(1607	,2645)
(1608	,1609)
(1608	,1610)
(1608	,1611)
(1608	,1612)
(1608	,1613)
(1608	,2645)
(1608	,2649)
(1608	,2650)
(1609	,1610)
(1609	,1611)
(1609	,1612)
(1609	,1613)
(1609	,2645)
(1609	,2649)
(1609	,2650)
(1610	,1611)
(1610	,1612)
(1610	,1613)
(1610	,2063)
(1610	,2645)
(1611	,1612)
(1611	,1613)
(1611	,2063)
(1611	,2645)
(1612	,1613)
(1612	,2645)
(1613	,2645)
(1613	,2649)
(1613	,2650)
(1614	,1615)
(1614	,1616)
(1615	,1616)
(1616	,2134)
(1619	,1620)
(1619	,1621)
(1620	,1621)
(1622	,2057)
(1622	,2185)
(1622	,2217)
(1622	,2303)
(1622	,2440)
(1624	,1625)
(1626	,1627)
(1628	,1629)
(1631	,1632)
(1631	,1727)
(1631	,1728)
(1633	,1634)
(1633	,1636)
(1634	,1636)
(1635	,1636)
(1636	,1646)
(1637	,1648)
(1637	,1725)
(1637	,2453)
(1641	,1875)
(1641	,1876)
(1641	,1877)
(1641	,1878)
(1641	,2108)
(1641	,2155)
(1641	,2156)
(1641	,2157)
(1642	,1643)
(1644	,1652)
(1647	,1648)
(1648	,1725)
(1648	,2072)
(1652	,1863)
(1654	,1778)
(1654	,1779)
(1656	,1714)
(1659	,1660)
(1662	,1663)
(1662	,1664)
(1663	,1664)
(1665	,1898)
(1666	,2189)
(1666	,2190)
(1667	,1668)
(1667	,1669)
(1668	,1669)
(1671	,1672)
(1672	,2226)
(1672	,2705)
(1673	,1674)
(1673	,1675)
(1673	,1676)
(1673	,1677)
(1673	,1678)
(1673	,1679)
(1673	,1680)
(1673	,1681)
(1673	,1682)
(1673	,1683)
(1673	,1684)
(1673	,1685)
(1673	,1686)
(1673	,1687)
(1673	,1688)
(1673	,1946)
(1673	,2218)
(1673	,2219)
(1673	,2222)
(1673	,2223)
(1674	,1675)
(1674	,1676)
(1674	,1677)
(1674	,1678)
(1674	,1679)
(1674	,1680)
(1674	,1681)
(1674	,1682)
(1674	,1683)
(1674	,1684)
(1674	,1685)
(1674	,1686)
(1674	,1687)
(1674	,1688)
(1674	,2215)
(1674	,2216)
(1674	,2218)
(1674	,2219)
(1674	,2222)
(1674	,2223)
(1675	,1676)
(1675	,1677)
(1675	,1678)
(1675	,1679)
(1675	,1680)
(1675	,1681)
(1675	,1682)
(1675	,1683)
(1675	,1684)
(1675	,1685)
(1675	,1686)
(1675	,1687)
(1675	,1688)
(1676	,1677)
(1676	,1678)
(1676	,1679)
(1676	,1680)
(1676	,1681)
(1676	,1682)
(1676	,1683)
(1676	,1684)
(1676	,1685)
(1676	,1686)
(1676	,1687)
(1676	,1688)
(1676	,2222)
(1676	,2223)
(1677	,1678)
(1677	,1679)
(1677	,1680)
(1677	,1681)
(1677	,1682)
(1677	,1683)
(1677	,1684)
(1677	,1685)
(1677	,1686)
(1677	,1687)
(1677	,1688)
(1677	,2215)
(1677	,2216)
(1677	,2222)
(1677	,2223)
(1677	,2574)
(1677	,2575)
(1677	,2576)
(1678	,1679)
(1678	,1680)
(1678	,1681)
(1678	,1682)
(1678	,1683)
(1678	,1684)
(1678	,1685)
(1678	,1686)
(1678	,1687)
(1678	,1688)
(1678	,1946)
(1678	,2218)
(1678	,2219)
(1678	,2222)
(1678	,2223)
(1679	,1680)
(1679	,1681)
(1679	,1682)
(1679	,1683)
(1679	,1684)
(1679	,1685)
(1679	,1686)
(1679	,1687)
(1679	,1688)
(1679	,2222)
(1680	,1681)
(1680	,1682)
(1680	,1683)
(1680	,1684)
(1680	,1685)
(1680	,1686)
(1680	,1687)
(1680	,1688)
(1680	,2222)
(1681	,1682)
(1681	,1683)
(1681	,1684)
(1681	,1685)
(1681	,1686)
(1681	,1687)
(1681	,1688)
(1681	,1946)
(1681	,2222)
(1681	,2223)
(1682	,1683)
(1682	,1684)
(1682	,1685)
(1682	,1686)
(1682	,1687)
(1682	,1688)
(1682	,2215)
(1682	,2216)
(1682	,2222)
(1682	,2223)
(1683	,1684)
(1683	,1685)
(1683	,1686)
(1683	,1687)
(1683	,1688)
(1684	,1685)
(1684	,1686)
(1684	,1687)
(1684	,1688)
(1684	,1946)
(1684	,2215)
(1684	,2216)
(1684	,2218)
(1684	,2219)
(1684	,2222)
(1684	,2223)
(1685	,1686)
(1685	,1687)
(1685	,1688)
(1685	,1946)
(1685	,2222)
(1685	,2223)
(1686	,1687)
(1686	,1688)
(1686	,1937)
(1686	,2215)
(1686	,2216)
(1686	,2218)
(1686	,2219)
(1686	,2222)
(1686	,2223)
(1687	,1688)
(1687	,1937)
(1688	,2272)
(1688	,2435)
(1691	,1896)
(1691	,1928)
(1691	,2293)
(1691	,2294)
(1691	,2640)
(1692	,1693)
(1692	,1694)
(1692	,1695)
(1692	,1696)
(1692	,1697)
(1693	,1694)
(1693	,1695)
(1693	,1696)
(1693	,1697)
(1694	,1695)
(1694	,1696)
(1694	,1697)
(1695	,1696)
(1695	,1697)
(1696	,1697)
(1703	,1704)
(1703	,1705)
(1703	,2086)
(1703	,2087)
(1703	,2090)
(1704	,1705)
(1704	,2086)
(1704	,2087)
(1704	,2088)
(1704	,2089)
(1704	,2090)
(1704	,2091)
(1704	,2716)
(1706	,2354)
(1708	,1709)
(1708	,1710)
(1709	,1710)
(1713	,2304)
(1716	,2528)
(1716	,2529)
(1716	,2530)
(1716	,2531)
(1716	,2532)
(1717	,1718)
(1717	,2382)
(1718	,2382)
(1719	,1720)
(1719	,1721)
(1719	,1722)
(1719	,1723)
(1719	,1724)
(1720	,1721)
(1720	,1722)
(1720	,1723)
(1720	,1724)
(1721	,1722)
(1721	,1723)
(1721	,1724)
(1722	,1723)
(1722	,1724)
(1723	,1724)
(1727	,1728)
(1727	,2724)
(1729	,1730)
(1729	,1731)
(1729	,1732)
(1729	,1733)
(1729	,1734)
(1730	,1731)
(1730	,1732)
(1730	,1733)
(1730	,1734)
(1731	,1732)
(1731	,1733)
(1731	,1734)
(1732	,1733)
(1732	,1734)
(1733	,1734)
(1735	,2413)
(1735	,2414)
(1736	,2562)
(1741	,1943)
(1741	,2028)
(1742	,1743)
(1742	,1860)
(1742	,1861)
(1742	,2187)
(1742	,2197)
(1742	,2324)
(1742	,2458)
(1744	,1745)
(1747	,1748)
(1747	,1749)
(1748	,1749)
(1750	,2264)
(1751	,2272)
(1751	,2363)
(1751	,2570)
(1753	,2387)
(1753	,2388)
(1754	,1755)
(1754	,1756)
(1754	,1757)
(1755	,1756)
(1755	,1757)
(1756	,1757)
(1762	,1763)
(1764	,1765)
(1764	,2612)
(1765	,2612)
(1767	,1768)
(1769	,1770)
(1773	,2632)
(1773	,2704)
(1774	,1775)
(1774	,1881)
(1774	,2135)
(1774	,2305)
(1774	,2595)
(1774	,2596)
(1776	,1777)
(1778	,1957)
(1781	,1782)
(1781	,1783)
(1781	,1784)
(1782	,1783)
(1782	,1784)
(1783	,1784)
(1787	,1788)
(1789	,1790)
(1789	,1791)
(1790	,1791)
(1792	,1794)
(1792	,1796)
(1793	,2225)
(1793	,2226)
(1794	,1796)
(1795	,2226)
(1796	,2151)
(1797	,2133)
(1797	,2548)
(1797	,2711)
(1801	,1802)
(1801	,1803)
(1801	,2003)
(1801	,2004)
(1802	,1803)
(1802	,2003)
(1803	,1848)
(1803	,2003)
(1803	,2004)
(1803	,2024)
(1803	,2025)
(1803	,2026)
(1803	,2369)
(1803	,2370)
(1803	,2371)
(1803	,2383)
(1803	,2449)
(1803	,2456)
(1803	,2589)
(1803	,2599)
(1803	,2608)
(1803	,2609)
(1803	,2610)
(1803	,2614)
(1803	,2615)
(1803	,2616)
(1803	,2677)
(1803	,2678)
(1803	,2679)
(1803	,2744)
(1804	,1843)
(1805	,2148)
(1806	,1807)
(1807	,2250)
(1808	,1809)
(1811	,1936)
(1811	,1996)
(1811	,1998)
(1811	,2184)
(1811	,2605)
(1812	,2415)
(1812	,2416)
(1815	,1816)
(1815	,2382)
(1815	,2473)
(1815	,2635)
(1815	,2636)
(1815	,2637)
(1818	,2734)
(1819	,1820)
(1819	,1821)
(1820	,1821)
(1823	,1824)
(1823	,1825)
(1823	,1826)
(1823	,1827)
(1823	,1828)
(1823	,1829)
(1824	,1825)
(1824	,1826)
(1824	,1827)
(1824	,2443)
(1824	,2444)
(1825	,1826)
(1825	,1827)
(1825	,1828)
(1825	,1829)
(1826	,1827)
(1827	,1828)
(1827	,1829)
(1828	,1829)
(1829	,2594)
(1830	,1831)
(1832	,1833)
(1832	,1834)
(1832	,1835)
(1833	,1834)
(1833	,1835)
(1834	,1835)
(1835	,2446)
(1835	,2448)
(1835	,2617)
(1835	,2618)
(1837	,1838)
(1839	,1840)
(1839	,1841)
(1839	,1842)
(1840	,1841)
(1840	,1842)
(1841	,1842)
(1845	,1846)
(1845	,1915)
(1848	,2369)
(1848	,2370)
(1848	,2697)
(1848	,2733)
(1849	,1851)
(1849	,2229)
(1849	,2230)
(1849	,2232)
(1849	,2233)
(1849	,2234)
(1849	,2242)
(1849	,2243)
(1850	,1869)
(1850	,1870)
(1850	,1871)
(1850	,1872)
(1850	,2116)
(1851	,2233)
(1851	,2242)
(1851	,2243)
(1853	,1968)
(1855	,1899)
(1855	,1900)
(1855	,1912)
(1856	,1857)
(1860	,1861)
(1860	,2197)
(1861	,2197)
(1862	,2280)
(1862	,2281)
(1862	,2357)
(1862	,2358)
(1862	,2391)
(1862	,2401)
(1862	,2402)
(1862	,2403)
(1862	,2404)
(1862	,2450)
(1862	,2451)
(1862	,2452)
(1862	,2460)
(1862	,2591)
(1862	,2611)
(1865	,1866)
(1869	,1870)
(1869	,1871)
(1869	,1872)
(1869	,2116)
(1870	,1871)
(1870	,1872)
(1870	,2116)
(1872	,2116)
(1873	,1874)
(1875	,1878)
(1875	,2107)
(1875	,2108)
(1875	,2109)
(1876	,1877)
(1876	,2108)
(1877	,2108)
(1879	,2137)
(1881	,1959)
(1881	,2012)
(1881	,2013)
(1881	,2014)
(1881	,2027)
(1881	,2135)
(1881	,2305)
(1881	,2418)
(1881	,2595)
(1881	,2596)
(1885	,1886)
(1887	,1889)
(1888	,2195)
(1891	,2248)
(1891	,2291)
(1891	,2292)
(1893	,1894)
(1893	,2047)
(1893	,2049)
(1893	,2050)
(1894	,2047)
(1894	,2048)
(1894	,2049)
(1894	,2050)
(1894	,2051)
(1894	,2439)
(1895	,1983)
(1896	,2039)
(1899	,1900)
(1899	,1912)
(1901	,1902)
(1901	,1903)
(1901	,1904)
(1902	,1903)
(1902	,1904)
(1903	,1904)
(1905	,1963)
(1905	,2491)
(1908	,1909)
(1908	,1910)
(1908	,1926)
(1908	,2316)
(1909	,1910)
(1911	,2137)
(1912	,1913)
(1916	,1918)
(1916	,1919)
(1916	,1920)
(1916	,1921)
(1917	,1919)
(1917	,1920)
(1917	,1921)
(1918	,1919)
(1918	,1920)
(1918	,1921)
(1919	,1920)
(1919	,1921)
(1919	,1973)
(1919	,2178)
(1920	,1921)
(1920	,1973)
(1920	,2178)
(1924	,2560)
(1925	,2517)
(1926	,2150)
(1926	,2316)
(1926	,2597)
(1928	,1929)
(1928	,1970)
(1928	,1971)
(1928	,1972)
(1928	,2152)
(1928	,2153)
(1928	,2154)
(1928	,2364)
(1928	,2422)
(1928	,2619)
(1928	,2640)
(1930	,1931)
(1931	,1962)
(1931	,2015)
(1931	,2016)
(1931	,2111)
(1932	,1933)
(1932	,1935)
(1933	,1935)
(1934	,1935)
(1936	,2605)
(1938	,1940)
(1938	,1941)
(1939	,1940)
(1939	,1941)
(1940	,1941)
(1940	,2006)
(1940	,2007)
(1940	,2623)
(1941	,2006)
(1941	,2007)
(1941	,2623)
(1942	,2209)
(1942	,2210)
(1942	,2211)
(1942	,2270)
(1944	,1945)
(1948	,2540)
(1948	,2553)
(1948	,2554)
(1948	,2593)
(1948	,2673)
(1950	,2029)
(1950	,2288)
(1950	,2431)
(1950	,2598)
(1950	,2654)
(1953	,1954)
(1958	,1959)
(1960	,2220)
(1960	,2221)
(1962	,2311)
(1964	,1965)
(1964	,1966)
(1964	,1967)
(1965	,1966)
(1965	,1967)
(1966	,1967)
(1974	,1975)
(1974	,1976)
(1975	,1976)
(1979	,1980)
(1979	,1981)
(1979	,1982)
(1979	,2022)
(1980	,1981)
(1980	,1982)
(1980	,2533)
(1981	,1982)
(1981	,2022)
(1985	,1986)
(1987	,1988)
(1987	,1989)
(1987	,1990)
(1987	,1991)
(1988	,1989)
(1988	,1990)
(1988	,1991)
(1989	,1990)
(1989	,1991)
(1990	,1991)
(1990	,2535)
(1992	,2419)
(1993	,1994)
(1993	,1995)
(1993	,2002)
(1994	,1995)
(1994	,2002)
(1997	,2505)
(1997	,2506)
(2000	,2136)
(2000	,2432)
(2003	,2004)
(2011	,2174)
(2011	,2175)
(2011	,2282)
(2011	,2429)
(2012	,2013)
(2012	,2014)
(2013	,2014)
(2014	,2027)
(2015	,2016)
(2017	,2018)
(2017	,2019)
(2018	,2019)
(2019	,2339)
(2019	,2600)
(2023	,2538)
(2023	,2639)
(2024	,2025)
(2024	,2026)
(2025	,2026)
(2028	,2507)
(2029	,2288)
(2031	,2032)
(2031	,2066)
(2031	,2067)
(2032	,2066)
(2032	,2067)
(2034	,2035)
(2034	,2036)
(2034	,2037)
(2034	,2144)
(2034	,2459)
(2035	,2036)
(2035	,2037)
(2036	,2037)
(2038	,2627)
(2039	,2055)
(2039	,2317)
(2041	,2042)
(2041	,2043)
(2042	,2043)
(2046	,2727)
(2046	,2728)
(2046	,2729)
(2047	,2049)
(2048	,2049)
(2048	,2050)
(2048	,2051)
(2049	,2050)
(2049	,2051)
(2050	,2051)
(2052	,2054)
(2053	,2059)
(2055	,2056)
(2055	,2235)
(2056	,2235)
(2057	,2217)
(2057	,2302)
(2057	,2303)
(2059	,2060)
(2059	,2062)
(2059	,2142)
(2061	,2097)
(2061	,2169)
(2061	,2279)
(2061	,2495)
(2061	,2496)
(2061	,2497)
(2061	,2498)
(2061	,2499)
(2061	,2500)
(2061	,2501)
(2066	,2067)
(2068	,2144)
(2070	,2071)
(2073	,2074)
(2080	,2081)
(2080	,2082)
(2080	,2083)
(2080	,2084)
(2081	,2082)
(2081	,2083)
(2081	,2084)
(2081	,2474)
(2082	,2083)
(2082	,2084)
(2083	,2084)
(2085	,2572)
(2086	,2087)
(2086	,2090)
(2087	,2090)
(2088	,2089)
(2088	,2091)
(2089	,2091)
(2089	,2313)
(2089	,2398)
(2089	,2659)
(2089	,2716)
(2093	,2094)
(2093	,2095)
(2094	,2095)
(2096	,2097)
(2096	,2098)
(2096	,2099)
(2096	,2100)
(2096	,2102)
(2096	,2103)
(2097	,2098)
(2097	,2099)
(2097	,2100)
(2097	,2102)
(2097	,2103)
(2097	,2110)
(2097	,2169)
(2097	,2279)
(2097	,2372)
(2097	,2386)
(2097	,2400)
(2097	,2495)
(2097	,2496)
(2097	,2497)
(2097	,2498)
(2097	,2499)
(2097	,2500)
(2097	,2501)
(2098	,2099)
(2098	,2100)
(2098	,2102)
(2098	,2103)
(2099	,2100)
(2099	,2102)
(2099	,2103)
(2100	,2102)
(2100	,2103)
(2101	,2102)
(2101	,2103)
(2101	,2708)
(2101	,2709)
(2101	,2745)
(2102	,2103)
(2102	,2709)
(2102	,2745)
(2103	,2708)
(2103	,2709)
(2103	,2745)
(2107	,2108)
(2107	,2109)
(2108	,2109)
(2110	,2400)
(2111	,2112)
(2113	,2114)
(2113	,2115)
(2114	,2115)
(2118	,2344)
(2118	,2345)
(2123	,2124)
(2123	,2125)
(2123	,2126)
(2123	,2127)
(2123	,2128)
(2123	,2129)
(2123	,2130)
(2123	,2131)
(2123	,2132)
(2124	,2125)
(2124	,2126)
(2124	,2127)
(2124	,2128)
(2124	,2129)
(2124	,2130)
(2124	,2131)
(2124	,2132)
(2125	,2126)
(2125	,2127)
(2125	,2128)
(2125	,2129)
(2125	,2130)
(2125	,2131)
(2125	,2132)
(2126	,2127)
(2126	,2128)
(2126	,2129)
(2126	,2130)
(2126	,2131)
(2126	,2132)
(2127	,2128)
(2127	,2129)
(2127	,2130)
(2127	,2131)
(2127	,2132)
(2128	,2129)
(2128	,2130)
(2128	,2131)
(2128	,2132)
(2129	,2130)
(2129	,2131)
(2129	,2132)
(2130	,2131)
(2130	,2132)
(2131	,2132)
(2131	,2604)
(2131	,2656)
(2131	,2657)
(2135	,2305)
(2135	,2595)
(2135	,2596)
(2136	,2432)
(2137	,2138)
(2138	,2723)
(2139	,2140)
(2144	,2459)
(2146	,2283)
(2146	,2284)
(2146	,2606)
(2149	,2150)
(2150	,2597)
(2152	,2153)
(2152	,2154)
(2153	,2154)
(2155	,2156)
(2155	,2157)
(2156	,2157)
(2160	,2161)
(2160	,2347)
(2160	,2348)
(2161	,2347)
(2161	,2348)
(2163	,2164)
(2163	,2536)
(2165	,2166)
(2167	,2168)
(2169	,2279)
(2169	,2495)
(2169	,2496)
(2169	,2497)
(2169	,2498)
(2169	,2499)
(2169	,2500)
(2169	,2501)
(2170	,2173)
(2171	,2172)
(2171	,2173)
(2172	,2173)
(2172	,2263)
(2173	,2262)
(2173	,2263)
(2173	,2332)
(2173	,2534)
(2173	,2556)
(2173	,2557)
(2173	,2559)
(2173	,2681)
(2174	,2175)
(2180	,2312)
(2185	,2440)
(2187	,2324)
(2188	,2200)
(2189	,2190)
(2190	,2479)
(2193	,2228)
(2193	,2265)
(2193	,2266)
(2193	,2267)
(2193	,2268)
(2193	,2269)
(2194	,2203)
(2194	,2204)
(2194	,2205)
(2194	,2206)
(2194	,2207)
(2194	,2228)
(2196	,2620)
(2203	,2204)
(2203	,2205)
(2203	,2206)
(2203	,2207)
(2204	,2205)
(2204	,2206)
(2204	,2207)
(2205	,2206)
(2205	,2207)
(2206	,2207)
(2209	,2210)
(2209	,2211)
(2210	,2211)
(2212	,2213)
(2212	,2214)
(2213	,2214)
(2213	,2271)
(2213	,2426)
(2215	,2216)
(2217	,2302)
(2217	,2303)
(2218	,2219)
(2220	,2221)
(2225	,2226)
(2226	,2410)
(2226	,2705)
(2228	,2265)
(2228	,2266)
(2228	,2267)
(2228	,2268)
(2228	,2269)
(2229	,2230)
(2229	,2232)
(2229	,2233)
(2229	,2234)
(2230	,2232)
(2230	,2233)
(2230	,2234)
(2231	,2234)
(2232	,2233)
(2232	,2234)
(2233	,2234)
(2233	,2242)
(2233	,2243)
(2236	,2237)
(2238	,2239)
(2238	,2240)
(2238	,2241)
(2239	,2240)
(2239	,2241)
(2240	,2241)
(2242	,2243)
(2244	,2245)
(2247	,2248)
(2248	,2249)
(2254	,2255)
(2254	,2717)
(2255	,2717)
(2258	,2259)
(2258	,2260)
(2259	,2260)
(2262	,2263)
(2265	,2266)
(2265	,2267)
(2265	,2268)
(2265	,2269)
(2266	,2267)
(2266	,2268)
(2266	,2269)
(2267	,2268)
(2267	,2269)
(2268	,2269)
(2272	,2363)
(2272	,2435)
(2272	,2570)
(2272	,2687)
(2272	,2688)
(2272	,2713)
(2273	,2354)
(2275	,2331)
(2275	,2355)
(2275	,2461)
(2276	,2449)
(2277	,2465)
(2279	,2495)
(2279	,2496)
(2279	,2497)
(2279	,2498)
(2279	,2499)
(2279	,2500)
(2279	,2501)
(2280	,2281)
(2280	,2358)
(2281	,2357)
(2281	,2391)
(2281	,2401)
(2281	,2402)
(2281	,2403)
(2281	,2404)
(2281	,2450)
(2281	,2451)
(2281	,2452)
(2281	,2460)
(2281	,2591)
(2281	,2611)
(2283	,2284)
(2283	,2606)
(2285	,2286)
(2287	,2563)
(2291	,2292)
(2296	,2297)
(2296	,2298)
(2296	,2299)
(2297	,2298)
(2297	,2299)
(2298	,2299)
(2302	,2303)
(2305	,2595)
(2305	,2596)
(2308	,2365)
(2312	,2508)
(2313	,2398)
(2313	,2659)
(2320	,2427)
(2327	,2328)
(2327	,2329)
(2327	,2330)
(2328	,2329)
(2328	,2330)
(2329	,2330)
(2332	,2333)
(2332	,2537)
(2332	,2556)
(2332	,2557)
(2332	,2559)
(2332	,2681)
(2332	,2735)
(2332	,2736)
(2333	,2537)
(2334	,2335)
(2336	,2651)
(2339	,2525)
(2339	,2600)
(2340	,2341)
(2340	,2342)
(2340	,2343)
(2341	,2342)
(2341	,2343)
(2342	,2343)
(2344	,2345)
(2344	,2629)
(2347	,2348)
(2349	,2350)
(2352	,2671)
(2352	,2672)
(2352	,2731)
(2353	,2463)
(2353	,2464)
(2355	,2461)
(2357	,2401)
(2357	,2402)
(2357	,2403)
(2357	,2404)
(2357	,2450)
(2357	,2451)
(2357	,2452)
(2357	,2591)
(2363	,2513)
(2363	,2564)
(2363	,2565)
(2363	,2570)
(2363	,2687)
(2363	,2688)
(2363	,2713)
(2369	,2370)
(2369	,2744)
(2370	,2371)
(2371	,2383)
(2371	,2449)
(2371	,2456)
(2371	,2599)
(2371	,2616)
(2371	,2714)
(2371	,2715)
(2373	,2545)
(2374	,2375)
(2376	,2377)
(2378	,2379)
(2382	,2473)
(2382	,2635)
(2382	,2636)
(2382	,2637)
(2384	,2385)
(2387	,2388)
(2389	,2390)
(2389	,2391)
(2390	,2391)
(2392	,2394)
(2393	,2493)
(2398	,2659)
(2399	,2400)
(2399	,2407)
(2399	,2442)
(2400	,2407)
(2400	,2442)
(2400	,2665)
(2400	,2666)
(2400	,2684)
(2401	,2402)
(2401	,2403)
(2401	,2404)
(2402	,2403)
(2402	,2404)
(2402	,2450)
(2402	,2451)
(2402	,2452)
(2402	,2460)
(2403	,2404)
(2403	,2450)
(2403	,2451)
(2403	,2452)
(2404	,2450)
(2404	,2451)
(2404	,2452)
(2407	,2442)
(2413	,2414)
(2415	,2416)
(2424	,2522)
(2431	,2598)
(2431	,2654)
(2433	,2434)
(2436	,2437)
(2443	,2444)
(2443	,2445)
(2444	,2445)
(2446	,2448)
(2446	,2617)
(2446	,2618)
(2447	,2448)
(2447	,2571)
(2447	,2725)
(2448	,2571)
(2448	,2617)
(2448	,2618)
(2448	,2725)
(2449	,2456)
(2450	,2451)
(2450	,2452)
(2451	,2452)
(2456	,2599)
(2456	,2616)
(2457	,2592)
(2458	,2641)
(2458	,2675)
(2463	,2464)
(2465	,2466)
(2467	,2468)
(2470	,2471)
(2471	,2476)
(2473	,2474)
(2473	,2475)
(2473	,2635)
(2473	,2636)
(2473	,2637)
(2474	,2475)
(2477	,2478)
(2483	,2484)
(2485	,2486)
(2487	,2492)
(2488	,2502)
(2489	,2547)
(2490	,2491)
(2495	,2496)
(2495	,2497)
(2495	,2498)
(2495	,2499)
(2495	,2500)
(2495	,2501)
(2496	,2497)
(2496	,2498)
(2496	,2499)
(2496	,2500)
(2496	,2501)
(2497	,2498)
(2497	,2499)
(2497	,2500)
(2497	,2501)
(2498	,2499)
(2498	,2500)
(2498	,2501)
(2498	,2544)
(2499	,2500)
(2499	,2501)
(2500	,2501)
(2504	,2588)
(2505	,2523)
(2509	,2510)
(2509	,2512)
(2510	,2512)
(2511	,2512)
(2512	,2526)
(2512	,2527)
(2513	,2514)
(2513	,2565)
(2515	,2740)
(2526	,2527)
(2528	,2529)
(2528	,2530)
(2528	,2531)
(2528	,2532)
(2529	,2530)
(2529	,2531)
(2529	,2532)
(2530	,2531)
(2530	,2532)
(2531	,2532)
(2539	,2540)
(2540	,2553)
(2540	,2554)
(2550	,2567)
(2550	,2568)
(2553	,2554)
(2556	,2557)
(2556	,2559)
(2556	,2681)
(2557	,2559)
(2557	,2681)
(2558	,2559)
(2559	,2681)
(2564	,2565)
(2566	,2643)
(2567	,2568)
(2571	,2592)
(2571	,2725)
(2574	,2575)
(2574	,2576)
(2575	,2576)
(2579	,2603)
(2581	,2582)
(2584	,2585)
(2585	,2587)
(2588	,2680)
(2588	,2743)
(2593	,2673)
(2595	,2596)
(2598	,2654)
(2601	,2602)
(2604	,2656)
(2604	,2657)
(2608	,2609)
(2614	,2615)
(2617	,2618)
(2624	,2625)
(2624	,2626)
(2625	,2626)
(2632	,2704)
(2635	,2636)
(2635	,2637)
(2636	,2637)
(2647	,2648)
(2649	,2650)
(2652	,2653)
(2656	,2657)
(2663	,2664)
(2665	,2666)
(2665	,2684)
(2671	,2672)
(2675	,2676)
(2675	,2702)
(2677	,2678)
(2677	,2679)
(2678	,2679)
(2680	,2700)
(2680	,2743)
(2682	,2683)
(2688	,2705)
(2688	,2706)
(2695	,2696)
(2705	,2706)
(2714	,2715)
(2727	,2728)
(2727	,2729)
(2728	,2729)
(2735	,2736)
