(1	,27)
(1	,1152)
(1	,1597)
(2	,3)
(2	,5)
(2	,19)
(2	,20)
(2	,37)
(2	,53)
(2	,187)
(2	,199)
(2	,236)
(2	,237)
(2	,248)
(2	,323)
(2	,324)
(2	,359)
(2	,408)
(2	,438)
(2	,460)
(2	,569)
(2	,577)
(2	,594)
(2	,623)
(2	,738)
(2	,759)
(2	,790)
(2	,791)
(2	,828)
(2	,870)
(2	,872)
(2	,885)
(2	,901)
(2	,925)
(2	,991)
(2	,1023)
(2	,1089)
(2	,1139)
(2	,1147)
(2	,1169)
(2	,1170)
(2	,1264)
(2	,1265)
(2	,1332)
(2	,1375)
(2	,1421)
(2	,1477)
(2	,1580)
(2	,1878)
(2	,1879)
(2	,1883)
(2	,2011)
(3	,4)
(3	,5)
(3	,268)
(3	,408)
(3	,809)
(3	,872)
(3	,937)
(3	,1017)
(3	,1142)
(3	,1475)
(4	,268)
(4	,1017)
(5	,408)
(5	,872)
(6	,7)
(6	,8)
(6	,9)
(6	,1241)
(6	,1242)
(6	,1243)
(7	,8)
(7	,9)
(7	,389)
(8	,9)
(8	,389)
(9	,123)
(9	,389)
(9	,499)
(10	,164)
(10	,1007)
(11	,200)
(11	,268)
(11	,404)
(11	,753)
(11	,1464)
(11	,1807)
(12	,331)
(12	,985)
(13	,16)
(13	,849)
(13	,1840)
(13	,1841)
(14	,15)
(14	,16)
(15	,16)
(15	,215)
(15	,1840)
(15	,1858)
(15	,1859)
(15	,1860)
(16	,215)
(16	,849)
(16	,1840)
(16	,1841)
(16	,1858)
(16	,1859)
(16	,1860)
(16	,1975)
(17	,18)
(17	,19)
(17	,512)
(18	,19)
(19	,20)
(19	,51)
(19	,85)
(19	,512)
(19	,840)
(19	,841)
(19	,1049)
(20	,885)
(20	,1049)
(21	,22)
(21	,23)
(21	,29)
(21	,94)
(21	,195)
(21	,305)
(21	,391)
(23	,74)
(23	,113)
(23	,287)
(23	,409)
(23	,1394)
(24	,25)
(24	,26)
(24	,471)
(24	,771)
(25	,26)
(26	,27)
(26	,308)
(26	,944)
(26	,945)
(26	,1067)
(26	,1289)
(26	,1301)
(27	,66)
(27	,72)
(27	,146)
(27	,374)
(27	,375)
(27	,376)
(27	,377)
(27	,378)
(27	,379)
(27	,391)
(27	,429)
(27	,481)
(27	,501)
(27	,951)
(27	,999)
(27	,1000)
(27	,1003)
(27	,1004)
(27	,1087)
(27	,1155)
(27	,1301)
(27	,1671)
(27	,1672)
(27	,1721)
(28	,686)
(29	,71)
(29	,72)
(29	,94)
(29	,95)
(29	,108)
(29	,127)
(29	,204)
(29	,226)
(29	,255)
(29	,274)
(29	,333)
(29	,454)
(29	,638)
(29	,679)
(29	,873)
(29	,1204)
(29	,1220)
(29	,1248)
(29	,1266)
(29	,1377)
(29	,1378)
(29	,1379)
(29	,1405)
(29	,1408)
(29	,1465)
(29	,1511)
(29	,1549)
(29	,1631)
(29	,1632)
(29	,1751)
(30	,31)
(31	,288)
(31	,289)
(31	,290)
(31	,322)
(31	,331)
(31	,332)
(31	,402)
(31	,403)
(31	,532)
(31	,533)
(31	,563)
(31	,564)
(31	,743)
(31	,1233)
(31	,1234)
(31	,1668)
(32	,33)
(32	,249)
(32	,729)
(33	,249)
(33	,729)
(34	,63)
(34	,67)
(34	,189)
(34	,209)
(34	,210)
(34	,249)
(34	,250)
(34	,319)
(34	,340)
(34	,341)
(34	,342)
(34	,361)
(34	,362)
(34	,395)
(34	,427)
(34	,428)
(34	,520)
(34	,558)
(34	,589)
(34	,775)
(34	,776)
(34	,910)
(34	,912)
(34	,963)
(34	,964)
(34	,1021)
(34	,1193)
(34	,1195)
(34	,1229)
(34	,1230)
(34	,1381)
(34	,1467)
(34	,1583)
(34	,1604)
(35	,36)
(35	,914)
(36	,914)
(36	,915)
(36	,1361)
(36	,1616)
(37	,38)
(37	,199)
(37	,460)
(37	,462)
(38	,53)
(38	,462)
(38	,1875)
(39	,40)
(39	,946)
(39	,1532)
(40	,45)
(40	,46)
(40	,47)
(40	,48)
(40	,415)
(40	,1608)
(40	,1654)
(40	,1891)
(41	,115)
(41	,169)
(41	,170)
(41	,202)
(41	,490)
(42	,43)
(42	,44)
(43	,44)
(43	,237)
(43	,567)
(43	,658)
(43	,754)
(43	,1026)
(43	,1399)
(43	,1988)
(44	,230)
(44	,231)
(44	,232)
(44	,233)
(44	,237)
(44	,268)
(44	,350)
(44	,371)
(44	,372)
(44	,373)
(44	,424)
(44	,425)
(44	,567)
(44	,569)
(44	,570)
(44	,610)
(44	,639)
(44	,641)
(44	,658)
(44	,754)
(44	,758)
(44	,895)
(44	,896)
(44	,897)
(44	,898)
(44	,971)
(44	,998)
(44	,1026)
(44	,1102)
(44	,1139)
(44	,1196)
(44	,1398)
(44	,1399)
(44	,1413)
(44	,1418)
(44	,1421)
(44	,1422)
(44	,1589)
(44	,1744)
(44	,1770)
(44	,1784)
(44	,1890)
(44	,1900)
(44	,1901)
(44	,1924)
(45	,46)
(45	,47)
(45	,48)
(46	,47)
(46	,48)
(47	,48)
(48	,438)
(48	,1020)
(48	,1830)
(48	,1844)
(49	,186)
(49	,345)
(49	,737)
(49	,870)
(49	,871)
(49	,1283)
(50	,123)
(50	,313)
(50	,920)
(50	,1161)
(50	,1162)
(50	,1163)
(50	,1164)
(50	,1300)
(50	,1964)
(51	,52)
(51	,116)
(51	,136)
(51	,152)
(51	,239)
(51	,241)
(51	,242)
(51	,359)
(51	,371)
(51	,435)
(51	,512)
(51	,603)
(51	,604)
(51	,651)
(51	,652)
(51	,722)
(51	,872)
(51	,909)
(51	,1231)
(51	,1232)
(53	,54)
(53	,141)
(53	,199)
(53	,239)
(53	,358)
(53	,460)
(53	,461)
(53	,462)
(53	,815)
(53	,816)
(53	,874)
(53	,1650)
(54	,68)
(54	,931)
(54	,1386)
(54	,1481)
(54	,1588)
(54	,1957)
(54	,1966)
(55	,56)
(55	,57)
(56	,57)
(56	,995)
(56	,1109)
(56	,2040)
(58	,724)
(58	,859)
(58	,942)
(58	,973)
(58	,1679)
(59	,60)
(59	,61)
(59	,62)
(60	,61)
(60	,62)
(61	,62)
(62	,391)
(62	,951)
(63	,315)
(63	,316)
(63	,360)
(63	,361)
(63	,362)
(63	,411)
(63	,436)
(63	,442)
(63	,500)
(63	,519)
(63	,520)
(63	,601)
(63	,602)
(63	,607)
(63	,796)
(63	,1066)
(63	,1120)
(63	,1124)
(63	,1193)
(63	,1194)
(63	,1195)
(63	,1197)
(63	,1199)
(63	,1275)
(63	,1537)
(63	,1604)
(63	,1920)
(63	,1982)
(64	,65)
(65	,412)
(65	,974)
(65	,1376)
(67	,319)
(67	,320)
(67	,321)
(68	,852)
(69	,70)
(69	,479)
(69	,1578)
(71	,72)
(71	,106)
(71	,107)
(71	,108)
(71	,454)
(71	,501)
(71	,757)
(71	,765)
(71	,979)
(71	,1056)
(71	,1069)
(71	,1266)
(71	,1355)
(71	,1697)
(71	,1698)
(71	,1699)
(71	,1714)
(71	,1715)
(71	,1716)
(72	,74)
(72	,77)
(72	,106)
(72	,107)
(72	,108)
(72	,171)
(72	,204)
(72	,228)
(72	,229)
(72	,255)
(72	,454)
(72	,501)
(72	,559)
(72	,757)
(72	,765)
(72	,879)
(72	,880)
(72	,979)
(72	,980)
(72	,1056)
(72	,1069)
(72	,1070)
(72	,1113)
(72	,1266)
(72	,1355)
(72	,1408)
(72	,1511)
(72	,1548)
(72	,1549)
(72	,1610)
(72	,1697)
(72	,1698)
(72	,1699)
(72	,1714)
(72	,1715)
(72	,1716)
(73	,74)
(73	,692)
(73	,768)
(73	,780)
(74	,101)
(74	,143)
(74	,146)
(74	,256)
(74	,409)
(74	,463)
(74	,464)
(74	,480)
(74	,514)
(74	,559)
(74	,595)
(74	,596)
(74	,1050)
(74	,1051)
(74	,1261)
(74	,1262)
(74	,1271)
(74	,1277)
(74	,1501)
(74	,1542)
(74	,1649)
(74	,1651)
(74	,1677)
(74	,1678)
(74	,1701)
(74	,1707)
(74	,1719)
(75	,513)
(75	,591)
(75	,1949)
(75	,1950)
(76	,77)
(76	,1097)
(77	,108)
(77	,118)
(77	,598)
(77	,980)
(77	,1085)
(77	,1274)
(77	,1408)
(77	,1696)
(78	,79)
(78	,80)
(78	,131)
(78	,132)
(78	,661)
(78	,917)
(78	,918)
(79	,80)
(79	,131)
(79	,133)
(79	,660)
(79	,917)
(79	,918)
(79	,1236)
(79	,1237)
(80	,131)
(80	,669)
(80	,670)
(80	,671)
(80	,730)
(80	,1236)
(80	,1237)
(80	,1318)
(81	,82)
(81	,83)
(81	,84)
(82	,84)
(82	,280)
(83	,84)
(84	,217)
(84	,280)
(84	,407)
(84	,419)
(84	,445)
(84	,779)
(84	,1300)
(84	,1459)
(84	,1460)
(84	,1471)
(84	,1638)
(85	,86)
(87	,485)
(88	,644)
(88	,1196)
(88	,1309)
(88	,1310)
(88	,1344)
(88	,1345)
(89	,90)
(89	,91)
(89	,1704)
(90	,91)
(90	,1704)
(91	,489)
(91	,1704)
(91	,1811)
(92	,93)
(93	,137)
(93	,279)
(93	,1214)
(93	,1393)
(93	,1515)
(93	,1834)
(94	,95)
(94	,194)
(94	,195)
(94	,305)
(94	,505)
(94	,1609)
(94	,1947)
(94	,2003)
(94	,2042)
(96	,488)
(97	,98)
(97	,99)
(98	,99)
(99	,159)
(99	,160)
(99	,161)
(99	,162)
(99	,163)
(100	,101)
(102	,103)
(102	,751)
(102	,1886)
(102	,1898)
(102	,1899)
(102	,1902)
(102	,1904)
(102	,1905)
(102	,1959)
(102	,1960)
(103	,426)
(103	,678)
(103	,750)
(103	,751)
(103	,921)
(103	,1403)
(103	,1404)
(103	,1450)
(103	,1551)
(103	,1759)
(103	,1760)
(103	,1761)
(103	,1810)
(103	,1817)
(104	,105)
(104	,1333)
(104	,1862)
(105	,327)
(105	,328)
(105	,934)
(105	,935)
(105	,1046)
(105	,1216)
(105	,1217)
(105	,1218)
(105	,1225)
(105	,1226)
(105	,1227)
(105	,1269)
(105	,1296)
(105	,1350)
(105	,1351)
(105	,1505)
(105	,1862)
(106	,107)
(106	,108)
(107	,108)
(107	,501)
(107	,819)
(107	,1323)
(107	,1567)
(107	,1568)
(108	,333)
(108	,501)
(108	,600)
(108	,813)
(108	,995)
(108	,996)
(108	,1266)
(108	,1331)
(108	,1691)
(108	,1694)
(108	,1695)
(108	,1730)
(109	,208)
(109	,2046)
(110	,554)
(110	,644)
(110	,1189)
(110	,1345)
(111	,762)
(111	,763)
(111	,764)
(111	,1238)
(111	,1580)
(112	,368)
(112	,755)
(112	,1615)
(113	,114)
(116	,117)
(116	,118)
(116	,149)
(117	,118)
(117	,149)
(119	,468)
(119	,744)
(119	,860)
(120	,121)
(120	,1213)
(122	,123)
(122	,317)
(122	,1062)
(122	,1064)
(122	,1655)
(123	,131)
(123	,132)
(123	,303)
(123	,317)
(123	,411)
(123	,412)
(123	,465)
(123	,643)
(123	,686)
(123	,1062)
(123	,1063)
(123	,1064)
(123	,1176)
(123	,1655)
(123	,1964)
(123	,2044)
(123	,2049)
(124	,136)
(124	,202)
(124	,902)
(125	,126)
(125	,150)
(125	,818)
(125	,891)
(126	,150)
(126	,817)
(126	,818)
(126	,891)
(126	,1036)
(126	,1071)
(126	,1072)
(126	,1173)
(126	,1174)
(126	,1198)
(126	,1646)
(127	,1220)
(128	,129)
(128	,130)
(128	,356)
(128	,357)
(128	,1221)
(128	,1222)
(129	,130)
(129	,458)
(129	,459)
(129	,547)
(129	,728)
(129	,946)
(129	,1205)
(129	,1670)
(129	,1938)
(130	,339)
(130	,875)
(130	,1127)
(130	,1402)
(130	,1670)
(131	,132)
(131	,133)
(131	,134)
(131	,303)
(131	,660)
(131	,661)
(131	,1044)
(132	,134)
(132	,411)
(132	,412)
(132	,465)
(132	,661)
(133	,660)
(134	,165)
(134	,166)
(134	,167)
(134	,207)
(134	,497)
(134	,498)
(134	,661)
(134	,706)
(134	,710)
(134	,711)
(134	,1060)
(134	,1621)
(135	,136)
(136	,202)
(136	,237)
(136	,244)
(136	,248)
(136	,277)
(136	,281)
(136	,282)
(136	,283)
(136	,406)
(136	,407)
(136	,512)
(136	,573)
(136	,593)
(136	,603)
(136	,604)
(136	,613)
(136	,614)
(136	,715)
(136	,831)
(136	,853)
(136	,854)
(136	,1011)
(136	,1012)
(136	,1033)
(136	,1034)
(136	,1083)
(136	,1084)
(136	,1149)
(136	,1215)
(136	,1257)
(136	,1285)
(136	,1286)
(136	,1387)
(136	,1388)
(136	,1490)
(136	,1491)
(136	,1948)
(137	,138)
(137	,139)
(137	,903)
(137	,938)
(137	,1315)
(137	,1457)
(137	,1834)
(138	,139)
(139	,221)
(139	,314)
(139	,325)
(139	,1039)
(140	,141)
(140	,142)
(141	,142)
(141	,239)
(141	,816)
(141	,1650)
(142	,239)
(142	,932)
(143	,144)
(143	,145)
(143	,146)
(143	,256)
(143	,390)
(143	,430)
(143	,503)
(143	,1223)
(143	,1260)
(143	,1701)
(143	,1707)
(144	,145)
(144	,430)
(144	,503)
(144	,1223)
(144	,1260)
(145	,430)
(145	,503)
(145	,1223)
(145	,1260)
(146	,256)
(146	,999)
(146	,1000)
(146	,1649)
(146	,1701)
(146	,1707)
(146	,1713)
(147	,148)
(148	,496)
(148	,777)
(148	,1005)
(148	,1148)
(148	,1401)
(148	,1436)
(148	,1492)
(148	,1518)
(148	,1789)
(148	,1895)
(148	,1896)
(148	,1985)
(148	,1986)
(150	,817)
(150	,818)
(151	,152)
(152	,242)
(152	,1256)
(153	,154)
(153	,155)
(153	,156)
(154	,155)
(154	,156)
(155	,156)
(156	,566)
(156	,682)
(156	,806)
(156	,1159)
(156	,1404)
(156	,1465)
(156	,1524)
(156	,1525)
(156	,1526)
(156	,1527)
(156	,1641)
(156	,1642)
(156	,1659)
(157	,158)
(158	,242)
(158	,1029)
(158	,1030)
(159	,160)
(159	,161)
(159	,162)
(159	,163)
(160	,161)
(160	,162)
(160	,163)
(160	,467)
(160	,569)
(160	,916)
(161	,162)
(161	,163)
(162	,163)
(164	,467)
(165	,166)
(165	,167)
(165	,497)
(165	,498)
(165	,710)
(165	,711)
(165	,1060)
(166	,167)
(168	,169)
(168	,170)
(169	,170)
(169	,490)
(170	,490)
(171	,172)
(171	,173)
(171	,174)
(171	,1069)
(171	,1272)
(171	,1273)
(172	,173)
(172	,174)
(172	,1272)
(172	,1273)
(173	,174)
(175	,176)
(176	,410)
(176	,1776)
(176	,1777)
(177	,178)
(178	,655)
(178	,1557)
(179	,344)
(180	,181)
(180	,182)
(180	,183)
(180	,1177)
(181	,183)
(181	,448)
(182	,183)
(182	,684)
(182	,1893)
(183	,684)
(183	,1177)
(183	,1427)
(183	,1594)
(184	,756)
(184	,1710)
(184	,1739)
(184	,1740)
(184	,1741)
(185	,279)
(186	,1016)
(186	,1283)
(187	,235)
(187	,237)
(187	,244)
(187	,277)
(187	,594)
(187	,613)
(187	,907)
(187	,1025)
(188	,189)
(188	,364)
(188	,365)
(188	,850)
(189	,190)
(189	,466)
(189	,558)
(189	,629)
(189	,850)
(189	,873)
(189	,977)
(189	,978)
(189	,1605)
(189	,1837)
(191	,685)
(191	,761)
(191	,1409)
(191	,1535)
(191	,1555)
(191	,1556)
(192	,618)
(193	,258)
(193	,580)
(194	,195)
(195	,807)
(196	,358)
(196	,359)
(197	,198)
(197	,474)
(197	,475)
(198	,208)
(198	,242)
(198	,475)
(198	,566)
(198	,781)
(198	,1680)
(199	,460)
(199	,872)
(201	,211)
(201	,1103)
(201	,1104)
(201	,1105)
(203	,204)
(203	,205)
(203	,206)
(204	,205)
(204	,206)
(204	,1079)
(204	,1512)
(204	,1599)
(204	,1855)
(205	,206)
(206	,734)
(206	,1079)
(206	,1512)
(206	,1598)
(206	,1599)
(206	,1855)
(207	,301)
(207	,302)
(207	,326)
(207	,1290)
(207	,1621)
(208	,242)
(208	,421)
(208	,462)
(208	,475)
(209	,210)
(209	,413)
(209	,476)
(209	,477)
(210	,476)
(210	,477)
(211	,212)
(211	,284)
(211	,285)
(211	,693)
(211	,1098)
(211	,1103)
(211	,1104)
(211	,1105)
(212	,284)
(212	,285)
(212	,1098)
(213	,214)
(213	,969)
(213	,970)
(213	,1540)
(214	,969)
(214	,970)
(214	,1540)
(215	,1825)
(215	,1838)
(215	,1840)
(215	,1858)
(215	,1859)
(215	,1860)
(215	,1975)
(216	,217)
(216	,491)
(216	,492)
(216	,493)
(216	,997)
(217	,491)
(217	,492)
(217	,493)
(218	,220)
(218	,709)
(219	,356)
(219	,488)
(219	,495)
(219	,740)
(219	,1254)
(219	,1255)
(219	,1365)
(219	,1434)
(220	,396)
(220	,587)
(220	,709)
(221	,222)
(221	,223)
(221	,224)
(222	,223)
(222	,224)
(223	,224)
(225	,226)
(225	,227)
(226	,227)
(226	,1204)
(226	,1631)
(226	,1632)
(228	,229)
(230	,231)
(230	,232)
(230	,233)
(230	,570)
(231	,232)
(231	,233)
(231	,570)
(232	,234)
(232	,570)
(233	,895)
(233	,896)
(233	,897)
(233	,898)
(233	,1923)
(235	,236)
(235	,237)
(235	,594)
(235	,1025)
(236	,237)
(236	,594)
(236	,939)
(236	,1128)
(236	,1160)
(237	,248)
(237	,258)
(237	,355)
(237	,504)
(237	,523)
(237	,569)
(237	,594)
(237	,610)
(237	,639)
(237	,641)
(237	,658)
(237	,907)
(237	,939)
(237	,940)
(237	,941)
(237	,952)
(237	,953)
(237	,954)
(237	,1026)
(237	,1128)
(237	,1139)
(237	,1147)
(237	,1187)
(237	,1196)
(237	,1201)
(237	,1202)
(237	,1285)
(237	,1286)
(237	,1418)
(237	,1421)
(237	,1589)
(237	,1770)
(237	,1890)
(238	,239)
(239	,358)
(239	,359)
(239	,435)
(239	,550)
(239	,551)
(239	,654)
(239	,705)
(239	,887)
(239	,909)
(239	,932)
(239	,975)
(239	,976)
(239	,1200)
(239	,1367)
(239	,1417)
(240	,242)
(241	,242)
(241	,553)
(241	,1510)
(241	,1527)
(241	,1574)
(241	,1664)
(241	,1750)
(241	,1829)
(242	,474)
(242	,475)
(242	,494)
(242	,495)
(242	,1029)
(242	,1030)
(242	,1288)
(242	,1625)
(243	,244)
(244	,574)
(244	,831)
(244	,1057)
(244	,1058)
(244	,1059)
(244	,1099)
(244	,1100)
(244	,1144)
(244	,1145)
(244	,1339)
(245	,246)
(246	,304)
(246	,914)
(246	,915)
(246	,1563)
(246	,1917)
(247	,248)
(248	,258)
(248	,512)
(249	,250)
(249	,729)
(251	,252)
(252	,253)
(252	,258)
(252	,839)
(252	,1346)
(252	,1347)
(252	,1612)
(253	,839)
(253	,1346)
(253	,1347)
(254	,255)
(255	,1549)
(256	,390)
(256	,1717)
(256	,1718)
(256	,1728)
(257	,258)
(257	,594)
(258	,293)
(258	,307)
(258	,308)
(258	,309)
(258	,624)
(258	,632)
(258	,802)
(258	,803)
(258	,908)
(258	,1053)
(258	,1172)
(258	,1493)
(258	,1612)
(258	,2025)
(259	,260)
(259	,261)
(259	,262)
(259	,263)
(259	,1022)
(260	,261)
(260	,262)
(260	,263)
(261	,262)
(261	,263)
(262	,263)
(262	,1013)
(262	,1022)
(262	,1209)
(264	,265)
(264	,266)
(264	,829)
(264	,1022)
(265	,266)
(265	,656)
(265	,778)
(265	,1022)
(265	,1667)
(266	,829)
(266	,1010)
(266	,1022)
(267	,268)
(268	,310)
(268	,311)
(268	,312)
(268	,645)
(268	,778)
(268	,783)
(268	,784)
(268	,929)
(268	,1017)
(268	,1110)
(268	,1111)
(268	,1112)
(268	,1213)
(268	,1259)
(268	,1831)
(269	,270)
(270	,314)
(270	,1366)
(270	,1415)
(270	,1442)
(270	,1494)
(271	,272)
(272	,588)
(272	,1038)
(272	,1183)
(272	,1184)
(272	,1185)
(272	,1385)
(272	,1918)
(273	,404)
(273	,786)
(273	,787)
(274	,638)
(274	,1248)
(275	,295)
(275	,346)
(276	,277)
(277	,613)
(277	,1490)
(278	,279)
(279	,325)
(279	,466)
(279	,467)
(279	,502)
(279	,588)
(279	,705)
(279	,713)
(279	,1503)
(279	,1814)
(279	,1815)
(279	,1816)
(280	,1140)
(282	,283)
(282	,1149)
(283	,1149)
(284	,285)
(286	,339)
(288	,289)
(288	,290)
(288	,532)
(288	,533)
(288	,534)
(288	,563)
(288	,564)
(288	,653)
(288	,743)
(288	,785)
(288	,888)
(288	,889)
(288	,1032)
(288	,1253)
(289	,290)
(289	,530)
(289	,532)
(289	,533)
(289	,534)
(289	,535)
(289	,563)
(289	,564)
(289	,1253)
(290	,451)
(290	,530)
(290	,531)
(290	,532)
(290	,533)
(290	,534)
(290	,535)
(290	,563)
(290	,564)
(290	,650)
(290	,653)
(290	,664)
(290	,743)
(290	,785)
(290	,888)
(290	,889)
(290	,927)
(290	,1032)
(290	,1253)
(290	,1520)
(290	,1584)
(290	,1590)
(291	,292)
(291	,508)
(291	,653)
(291	,1129)
(291	,1970)
(292	,653)
(292	,1652)
(292	,1850)
(292	,1872)
(293	,294)
(293	,720)
(293	,721)
(294	,343)
(295	,346)
(296	,297)
(296	,298)
(296	,299)
(296	,300)
(296	,757)
(296	,994)
(297	,298)
(297	,299)
(297	,300)
(298	,299)
(298	,300)
(298	,402)
(298	,621)
(298	,757)
(298	,994)
(299	,300)
(299	,402)
(299	,757)
(299	,773)
(299	,994)
(299	,1571)
(300	,672)
(300	,673)
(301	,302)
(304	,619)
(304	,899)
(304	,900)
(304	,1144)
(304	,1410)
(304	,1917)
(306	,419)
(307	,308)
(307	,309)
(307	,771)
(307	,1602)
(308	,309)
(308	,771)
(308	,944)
(308	,945)
(308	,1067)
(308	,1289)
(308	,1602)
(310	,311)
(310	,312)
(311	,312)
(313	,920)
(313	,1300)
(315	,316)
(315	,362)
(315	,583)
(315	,1537)
(315	,1782)
(315	,1821)
(316	,362)
(316	,540)
(316	,583)
(316	,866)
(316	,867)
(316	,868)
(316	,1006)
(316	,1537)
(316	,1839)
(317	,318)
(317	,990)
(317	,1212)
(317	,1544)
(317	,1545)
(317	,1546)
(317	,1916)
(320	,321)
(321	,452)
(321	,508)
(321	,510)
(321	,1430)
(321	,1431)
(322	,331)
(323	,324)
(323	,1089)
(324	,1089)
(327	,328)
(329	,330)
(330	,337)
(330	,347)
(330	,1018)
(331	,332)
(331	,524)
(331	,525)
(331	,536)
(331	,751)
(331	,788)
(331	,789)
(331	,985)
(331	,1178)
(331	,1179)
(331	,1233)
(331	,1461)
(331	,1462)
(331	,1473)
(331	,1474)
(331	,1484)
(331	,1485)
(333	,486)
(333	,487)
(334	,336)
(334	,353)
(334	,354)
(334	,355)
(335	,336)
(336	,1090)
(336	,1287)
(336	,1426)
(337	,347)
(337	,351)
(337	,352)
(337	,458)
(337	,1587)
(337	,1963)
(338	,339)
(338	,343)
(338	,473)
(338	,766)
(338	,1091)
(338	,1092)
(338	,1203)
(338	,1372)
(338	,1569)
(338	,1586)
(338	,1607)
(338	,1889)
(339	,1121)
(339	,1122)
(339	,1402)
(340	,341)
(340	,342)
(341	,342)
(343	,473)
(343	,1681)
(344	,537)
(344	,955)
(344	,957)
(344	,1046)
(345	,449)
(345	,737)
(345	,869)
(346	,484)
(348	,349)
(349	,681)
(349	,1014)
(349	,1517)
(350	,373)
(351	,352)
(351	,696)
(353	,354)
(353	,355)
(354	,355)
(355	,738)
(355	,958)
(356	,357)
(356	,396)
(356	,495)
(356	,608)
(356	,637)
(356	,740)
(356	,905)
(356	,1131)
(356	,1240)
(356	,1254)
(356	,1255)
(356	,1365)
(357	,905)
(357	,906)
(357	,1221)
(357	,1222)
(358	,359)
(358	,1397)
(359	,901)
(359	,1417)
(360	,361)
(360	,362)
(360	,436)
(360	,500)
(360	,1120)
(360	,1199)
(360	,1275)
(361	,362)
(361	,520)
(361	,1489)
(361	,1604)
(362	,396)
(362	,520)
(362	,583)
(362	,601)
(362	,607)
(362	,668)
(362	,962)
(362	,1006)
(362	,1024)
(362	,1195)
(362	,1435)
(362	,1489)
(362	,1604)
(362	,1821)
(362	,1822)
(362	,1839)
(363	,364)
(363	,365)
(364	,365)
(364	,804)
(364	,850)
(365	,366)
(365	,850)
(365	,1040)
(365	,1041)
(365	,1042)
(367	,379)
(367	,1946)
(369	,370)
(370	,398)
(370	,794)
(371	,372)
(371	,373)
(371	,1423)
(371	,1516)
(374	,375)
(374	,376)
(374	,377)
(375	,376)
(375	,377)
(376	,377)
(378	,379)
(379	,560)
(379	,561)
(379	,1276)
(379	,1277)
(379	,1278)
(379	,1560)
(379	,1687)
(379	,1946)
(380	,396)
(380	,1438)
(380	,1640)
(380	,1745)
(380	,1746)
(380	,1747)
(380	,1785)
(380	,1842)
(380	,1843)
(381	,382)
(381	,475)
(381	,620)
(381	,772)
(381	,1052)
(382	,620)
(382	,973)
(383	,384)
(383	,385)
(383	,386)
(383	,949)
(384	,385)
(385	,386)
(385	,432)
(385	,949)
(385	,1143)
(385	,1362)
(385	,1578)
(385	,1906)
(387	,388)
(387	,1856)
(388	,646)
(388	,647)
(388	,833)
(388	,1334)
(388	,1600)
(388	,1685)
(388	,1856)
(388	,1934)
(388	,2004)
(388	,2031)
(388	,2041)
(391	,951)
(392	,484)
(392	,724)
(392	,893)
(392	,967)
(392	,968)
(393	,394)
(393	,396)
(393	,397)
(394	,396)
(394	,397)
(395	,730)
(395	,1318)
(396	,397)
(396	,637)
(396	,691)
(396	,950)
(396	,1014)
(396	,1015)
(396	,1745)
(396	,1747)
(396	,1755)
(396	,1803)
(396	,1821)
(396	,1987)
(396	,1989)
(399	,400)
(399	,401)
(399	,1942)
(399	,1943)
(399	,1944)
(400	,401)
(400	,1044)
(400	,1342)
(400	,1343)
(400	,1928)
(400	,1995)
(400	,1999)
(400	,2000)
(400	,2052)
(401	,1942)
(401	,1943)
(401	,1944)
(402	,521)
(402	,757)
(404	,405)
(404	,433)
(404	,744)
(404	,753)
(404	,786)
(404	,787)
(404	,1235)
(404	,1534)
(405	,433)
(405	,1209)
(405	,1329)
(406	,407)
(406	,512)
(406	,592)
(406	,593)
(407	,592)
(410	,538)
(410	,617)
(410	,756)
(410	,1207)
(410	,1630)
(410	,1662)
(410	,1776)
(410	,1777)
(410	,1945)
(411	,412)
(411	,465)
(411	,519)
(411	,1066)
(411	,1176)
(412	,465)
(412	,1376)
(413	,414)
(413	,634)
(413	,694)
(413	,695)
(413	,919)
(415	,1509)
(415	,1634)
(415	,2009)
(416	,419)
(417	,419)
(418	,419)
(418	,1130)
(419	,1073)
(419	,1130)
(419	,1303)
(419	,1305)
(419	,1952)
(420	,556)
(420	,873)
(420	,928)
(420	,943)
(420	,1132)
(420	,1171)
(420	,1391)
(421	,422)
(421	,423)
(421	,1624)
(422	,423)
(423	,806)
(423	,1451)
(423	,1808)
(424	,425)
(425	,658)
(427	,428)
(430	,1003)
(430	,1004)
(431	,432)
(431	,1249)
(432	,1906)
(433	,1125)
(434	,654)
(434	,826)
(434	,932)
(435	,522)
(435	,550)
(435	,865)
(435	,975)
(435	,976)
(436	,1120)
(436	,1180)
(436	,1181)
(436	,1182)
(436	,1275)
(437	,438)
(438	,469)
(438	,470)
(438	,475)
(438	,617)
(438	,620)
(438	,1020)
(438	,1078)
(438	,1211)
(438	,1250)
(438	,1429)
(438	,1456)
(438	,1844)
(439	,440)
(439	,441)
(439	,690)
(441	,2013)
(441	,2014)
(441	,2015)
(442	,443)
(442	,444)
(442	,657)
(442	,714)
(442	,1197)
(443	,444)
(445	,446)
(445	,1547)
(446	,1547)
(447	,448)
(448	,642)
(448	,1165)
(448	,1224)
(448	,1239)
(448	,1306)
(448	,1307)
(448	,1313)
(448	,1314)
(448	,1324)
(448	,1446)
(448	,1529)
(448	,1595)
(450	,451)
(450	,452)
(450	,453)
(450	,509)
(450	,1385)
(451	,452)
(451	,453)
(451	,530)
(451	,531)
(451	,533)
(451	,534)
(451	,535)
(451	,930)
(452	,453)
(452	,508)
(452	,509)
(452	,510)
(454	,1408)
(455	,456)
(456	,457)
(456	,565)
(456	,986)
(456	,1166)
(456	,1749)
(459	,1002)
(459	,1670)
(459	,1911)
(460	,461)
(460	,462)
(460	,828)
(461	,462)
(462	,512)
(462	,1093)
(463	,464)
(466	,467)
(467	,916)
(467	,1503)
(468	,860)
(468	,861)
(468	,862)
(468	,863)
(468	,864)
(468	,1390)
(471	,771)
(471	,890)
(472	,704)
(472	,860)
(472	,1370)
(473	,1569)
(473	,1889)
(474	,475)
(474	,591)
(474	,696)
(474	,878)
(474	,894)
(474	,1673)
(475	,488)
(475	,591)
(475	,620)
(475	,635)
(475	,696)
(475	,878)
(475	,894)
(475	,1288)
(475	,1429)
(475	,1472)
(475	,1673)
(475	,1680)
(475	,1684)
(476	,477)
(478	,722)
(478	,933)
(482	,484)
(482	,968)
(482	,1674)
(482	,1734)
(483	,484)
(483	,485)
(484	,485)
(484	,633)
(484	,968)
(484	,1606)
(484	,1674)
(484	,1734)
(485	,1108)
(485	,1743)
(486	,487)
(488	,495)
(488	,506)
(488	,507)
(488	,635)
(488	,636)
(488	,740)
(488	,1074)
(488	,1334)
(488	,1762)
(489	,513)
(489	,555)
(489	,882)
(489	,883)
(489	,884)
(489	,1192)
(489	,1203)
(489	,1622)
(489	,1889)
(489	,1897)
(489	,2029)
(491	,492)
(491	,493)
(492	,493)
(494	,495)
(494	,876)
(494	,877)
(495	,635)
(495	,636)
(495	,740)
(495	,1131)
(495	,1132)
(497	,498)
(500	,1120)
(500	,1199)
(501	,757)
(501	,1069)
(501	,1355)
(501	,1714)
(501	,1715)
(501	,1716)
(502	,705)
(502	,735)
(505	,1609)
(505	,1947)
(505	,2003)
(507	,922)
(507	,926)
(507	,927)
(507	,1045)
(507	,1074)
(507	,1596)
(507	,1639)
(508	,509)
(508	,510)
(508	,515)
(508	,516)
(508	,517)
(508	,518)
(511	,856)
(511	,857)
(511	,858)
(511	,1295)
(512	,593)
(513	,882)
(513	,884)
(516	,517)
(516	,518)
(517	,518)
(519	,1066)
(520	,667)
(520	,668)
(520	,962)
(520	,1435)
(520	,1489)
(520	,1604)
(520	,1821)
(520	,1822)
(522	,865)
(524	,525)
(525	,743)
(525	,1210)
(525	,1338)
(525	,1444)
(525	,1498)
(526	,812)
(526	,936)
(526	,1244)
(526	,1245)
(527	,529)
(528	,529)
(528	,557)
(528	,1076)
(528	,1077)
(528	,1078)
(529	,557)
(529	,1076)
(529	,1077)
(529	,1078)
(529	,1360)
(530	,531)
(530	,532)
(530	,533)
(530	,534)
(530	,535)
(530	,650)
(530	,743)
(530	,1520)
(530	,1584)
(530	,1590)
(531	,532)
(531	,533)
(531	,534)
(531	,535)
(531	,650)
(531	,743)
(531	,1584)
(531	,1590)
(532	,533)
(532	,534)
(532	,535)
(532	,563)
(532	,564)
(532	,927)
(532	,1253)
(532	,1520)
(533	,534)
(533	,535)
(533	,563)
(533	,564)
(533	,650)
(533	,743)
(533	,927)
(533	,1253)
(533	,1520)
(533	,1584)
(533	,1590)
(534	,535)
(534	,563)
(534	,564)
(534	,650)
(534	,743)
(534	,785)
(534	,930)
(534	,1253)
(534	,1590)
(535	,650)
(535	,927)
(535	,1520)
(536	,1179)
(536	,1221)
(536	,1484)
(536	,1562)
(538	,543)
(538	,545)
(538	,546)
(538	,620)
(538	,973)
(538	,1307)
(539	,540)
(539	,542)
(540	,541)
(540	,542)
(540	,583)
(540	,866)
(540	,867)
(540	,868)
(540	,1620)
(541	,542)
(542	,1519)
(543	,544)
(543	,545)
(543	,546)
(544	,545)
(544	,546)
(545	,546)
(547	,548)
(547	,549)
(547	,946)
(547	,1992)
(548	,549)
(549	,766)
(549	,767)
(549	,1118)
(549	,1263)
(549	,1294)
(549	,1426)
(549	,1992)
(551	,705)
(551	,909)
(551	,1146)
(552	,872)
(554	,644)
(554	,1345)
(555	,556)
(555	,883)
(556	,622)
(556	,630)
(556	,631)
(556	,748)
(556	,749)
(556	,928)
(556	,1479)
(557	,1076)
(557	,1077)
(557	,1078)
(557	,1360)
(557	,2048)
(558	,977)
(558	,978)
(560	,561)
(561	,562)
(563	,564)
(563	,743)
(563	,785)
(564	,653)
(564	,743)
(564	,785)
(564	,888)
(564	,889)
(566	,1293)
(566	,1374)
(566	,1531)
(566	,1756)
(566	,1993)
(568	,569)
(569	,627)
(569	,834)
(569	,870)
(569	,916)
(569	,1421)
(569	,1910)
(571	,1027)
(571	,1857)
(572	,1124)
(572	,1432)
(573	,574)
(575	,576)
(575	,1219)
(576	,1219)
(576	,1755)
(576	,1809)
(578	,579)
(578	,1528)
(579	,644)
(579	,649)
(579	,1497)
(579	,1528)
(579	,1852)
(580	,581)
(582	,583)
(583	,866)
(583	,867)
(583	,868)
(583	,1006)
(583	,1782)
(583	,1821)
(583	,1839)
(584	,585)
(584	,960)
(584	,961)
(585	,648)
(586	,587)
(588	,1648)
(589	,1229)
(589	,1230)
(590	,591)
(591	,878)
(591	,1123)
(591	,1206)
(591	,1472)
(591	,1561)
(591	,1673)
(591	,1684)
(591	,1949)
(591	,1950)
(593	,594)
(593	,808)
(593	,1977)
(594	,936)
(594	,939)
(594	,940)
(594	,941)
(594	,952)
(594	,953)
(594	,954)
(594	,1025)
(594	,1147)
(594	,1150)
(594	,1151)
(594	,1317)
(594	,1579)
(597	,600)
(598	,599)
(598	,1274)
(598	,1523)
(600	,995)
(600	,996)
(600	,1333)
(600	,1660)
(600	,1661)
(600	,2002)
(600	,2016)
(601	,602)
(601	,1195)
(603	,604)
(603	,613)
(603	,614)
(603	,1414)
(603	,1948)
(604	,1948)
(605	,606)
(605	,657)
(608	,1420)
(608	,1428)
(609	,610)
(610	,639)
(610	,641)
(610	,658)
(611	,612)
(611	,1095)
(612	,717)
(612	,724)
(612	,1095)
(612	,1337)
(612	,1593)
(612	,1682)
(612	,1689)
(612	,1690)
(612	,1702)
(612	,1703)
(612	,1711)
(612	,1790)
(613	,614)
(615	,616)
(615	,966)
(617	,756)
(617	,1020)
(617	,1679)
(617	,1775)
(617	,1783)
(618	,619)
(620	,973)
(620	,1429)
(620	,1504)
(620	,1554)
(624	,625)
(626	,839)
(626	,899)
(626	,900)
(626	,983)
(628	,672)
(628	,1553)
(628	,1847)
(630	,631)
(630	,748)
(631	,699)
(631	,748)
(631	,1424)
(633	,769)
(633	,1133)
(635	,740)
(636	,1131)
(636	,1132)
(638	,955)
(638	,1031)
(638	,1248)
(638	,1316)
(639	,640)
(639	,641)
(639	,1026)
(640	,641)
(641	,1026)
(642	,1224)
(642	,1267)
(642	,1306)
(642	,1307)
(642	,1313)
(642	,1314)
(642	,1446)
(642	,1595)
(644	,649)
(644	,1028)
(644	,1196)
(644	,1246)
(644	,1309)
(644	,1310)
(644	,1345)
(644	,1852)
(646	,647)
(646	,1867)
(647	,1934)
(648	,774)
(648	,811)
(648	,891)
(648	,1047)
(648	,1048)
(648	,1257)
(648	,1281)
(648	,1500)
(650	,743)
(650	,1584)
(650	,1590)
(651	,652)
(653	,785)
(653	,927)
(653	,987)
(653	,1045)
(653	,1692)
(653	,1693)
(654	,826)
(654	,932)
(655	,800)
(655	,801)
(655	,886)
(655	,1436)
(655	,1557)
(655	,1828)
(656	,657)
(656	,778)
(656	,1188)
(656	,1667)
(657	,1188)
(658	,738)
(658	,1024)
(658	,1026)
(658	,1075)
(658	,1139)
(658	,1589)
(658	,1924)
(658	,1988)
(659	,660)
(659	,661)
(660	,661)
(662	,663)
(663	,678)
(663	,1452)
(664	,665)
(664	,666)
(664	,1538)
(664	,1539)
(664	,1614)
(664	,1939)
(664	,2006)
(665	,666)
(667	,668)
(668	,1435)
(669	,670)
(669	,671)
(670	,671)
(672	,673)
(672	,674)
(672	,1553)
(672	,1847)
(673	,674)
(675	,676)
(675	,677)
(676	,677)
(676	,873)
(676	,1101)
(676	,1823)
(676	,2019)
(678	,751)
(678	,1450)
(678	,1452)
(678	,1761)
(679	,680)
(679	,1818)
(680	,1168)
(680	,1818)
(681	,1517)
(682	,683)
(682	,834)
(682	,1348)
(682	,1642)
(682	,1659)
(682	,1786)
(682	,1792)
(682	,1793)
(683	,834)
(684	,690)
(684	,755)
(684	,1035)
(684	,1427)
(684	,1800)
(684	,1801)
(684	,1802)
(684	,1804)
(684	,1805)
(684	,1893)
(685	,686)
(685	,687)
(685	,1535)
(686	,687)
(686	,1176)
(686	,1325)
(686	,1364)
(686	,1380)
(686	,1468)
(686	,1469)
(686	,1499)
(686	,1921)
(688	,689)
(688	,690)
(689	,690)
(690	,797)
(690	,798)
(690	,799)
(690	,915)
(690	,966)
(690	,1754)
(690	,1771)
(690	,1788)
(690	,1800)
(690	,1801)
(690	,1802)
(692	,780)
(693	,752)
(694	,695)
(697	,698)
(697	,1228)
(697	,1327)
(697	,1328)
(697	,1433)
(698	,1135)
(698	,1136)
(700	,701)
(700	,702)
(701	,702)
(701	,1225)
(702	,723)
(702	,904)
(702	,1225)
(702	,1416)
(702	,2001)
(703	,1432)
(703	,1720)
(703	,1819)
(704	,820)
(704	,860)
(704	,1094)
(704	,1246)
(704	,1541)
(704	,1577)
(704	,1626)
(704	,1627)
(704	,1647)
(704	,1951)
(705	,909)
(705	,1559)
(705	,1835)
(705	,1903)
(707	,708)
(707	,709)
(708	,709)
(709	,919)
(709	,1836)
(710	,711)
(710	,1060)
(710	,1061)
(712	,713)
(712	,1846)
(712	,1848)
(713	,1815)
(715	,716)
(715	,1027)
(715	,1153)
(715	,1387)
(715	,1388)
(715	,1491)
(716	,1027)
(716	,1153)
(717	,718)
(717	,719)
(717	,1395)
(717	,1643)
(717	,1644)
(717	,1645)
(717	,1703)
(717	,1711)
(717	,1874)
(718	,719)
(719	,847)
(719	,848)
(719	,849)
(720	,721)
(722	,933)
(722	,2054)
(722	,2055)
(724	,725)
(724	,1337)
(724	,1521)
(724	,1522)
(724	,1533)
(724	,1686)
(724	,1702)
(724	,1705)
(724	,1706)
(724	,1722)
(724	,1723)
(725	,1337)
(725	,1521)
(725	,1686)
(725	,1705)
(725	,1706)
(725	,1722)
(725	,1723)
(726	,727)
(726	,728)
(727	,728)
(727	,752)
(728	,1191)
(728	,1614)
(728	,1653)
(728	,1845)
(728	,1926)
(728	,1958)
(728	,1967)
(728	,1968)
(728	,1969)
(728	,2026)
(729	,730)
(729	,731)
(729	,732)
(729	,972)
(730	,731)
(730	,732)
(730	,1318)
(731	,732)
(731	,972)
(733	,734)
(734	,1389)
(734	,1598)
(734	,1599)
(736	,1163)
(736	,1164)
(736	,1480)
(738	,810)
(738	,959)
(738	,1023)
(738	,1024)
(738	,1368)
(739	,1444)
(739	,1922)
(740	,1434)
(741	,742)
(741	,743)
(742	,743)
(743	,785)
(743	,1444)
(743	,1590)
(743	,1887)
(743	,2030)
(744	,745)
(744	,746)
(744	,747)
(744	,1114)
(744	,1115)
(744	,1235)
(744	,1534)
(745	,746)
(745	,747)
(748	,749)
(750	,751)
(750	,921)
(751	,921)
(751	,1178)
(751	,1179)
(751	,1450)
(751	,1761)
(751	,1886)
(753	,821)
(753	,1141)
(753	,1635)
(753	,1894)
(753	,2012)
(753	,2021)
(753	,2022)
(753	,2023)
(753	,2027)
(753	,2028)
(755	,1615)
(756	,1020)
(756	,1679)
(756	,1710)
(756	,1739)
(756	,1740)
(756	,1741)
(756	,1936)
(757	,994)
(757	,1571)
(759	,790)
(759	,991)
(760	,969)
(760	,970)
(760	,1772)
(760	,1773)
(760	,2032)
(760	,2033)
(760	,2034)
(761	,1409)
(761	,1416)
(762	,763)
(762	,764)
(762	,1238)
(762	,1580)
(763	,764)
(766	,767)
(766	,1203)
(766	,1294)
(769	,1482)
(769	,1483)
(770	,771)
(771	,890)
(771	,1602)
(773	,1558)
(775	,776)
(778	,1667)
(782	,973)
(783	,784)
(783	,1259)
(785	,888)
(785	,889)
(786	,787)
(788	,789)
(788	,985)
(788	,1179)
(788	,1485)
(792	,793)
(792	,794)
(792	,795)
(793	,794)
(793	,795)
(794	,795)
(794	,1163)
(794	,1164)
(794	,1592)
(794	,2050)
(794	,2051)
(795	,1054)
(795	,1055)
(796	,1416)
(796	,1425)
(796	,1543)
(797	,798)
(797	,799)
(798	,799)
(800	,801)
(801	,1297)
(801	,1298)
(801	,1299)
(804	,805)
(806	,832)
(806	,1311)
(808	,1143)
(814	,1107)
(814	,1252)
(817	,818)
(817	,1036)
(818	,1646)
(820	,1577)
(821	,2027)
(821	,2028)
(822	,823)
(822	,824)
(822	,825)
(823	,824)
(823	,825)
(823	,1292)
(823	,1445)
(824	,825)
(824	,1412)
(824	,1425)
(824	,1543)
(826	,932)
(827	,1377)
(827	,1656)
(827	,1657)
(827	,1658)
(830	,1187)
(831	,1057)
(831	,1058)
(831	,1059)
(831	,1099)
(831	,1100)
(833	,1270)
(833	,1600)
(833	,2004)
(833	,2020)
(835	,836)
(835	,839)
(836	,837)
(836	,838)
(836	,839)
(836	,1550)
(837	,838)
(837	,839)
(838	,839)
(839	,983)
(839	,1239)
(839	,1346)
(839	,1347)
(839	,1854)
(840	,841)
(842	,843)
(842	,844)
(842	,845)
(842	,846)
(843	,844)
(843	,845)
(843	,846)
(844	,845)
(844	,846)
(845	,846)
(845	,1778)
(846	,1778)
(846	,1896)
(846	,1912)
(847	,848)
(847	,849)
(848	,849)
(849	,1840)
(849	,1841)
(851	,852)
(852	,1392)
(852	,1865)
(852	,1940)
(855	,857)
(856	,857)
(856	,858)
(857	,858)
(857	,1396)
(857	,1414)
(857	,1864)
(858	,1873)
(860	,861)
(860	,862)
(860	,863)
(860	,864)
(861	,862)
(861	,863)
(861	,864)
(862	,863)
(862	,864)
(863	,864)
(866	,867)
(866	,868)
(867	,868)
(869	,1016)
(870	,871)
(870	,872)
(870	,1086)
(870	,1139)
(870	,1910)
(872	,909)
(872	,1086)
(872	,2011)
(873	,1101)
(876	,877)
(878	,992)
(878	,993)
(879	,881)
(881	,1863)
(882	,883)
(882	,884)
(883	,884)
(888	,889)
(892	,893)
(892	,1088)
(893	,968)
(893	,1088)
(895	,896)
(895	,897)
(895	,898)
(896	,897)
(896	,898)
(897	,898)
(899	,900)
(899	,1144)
(900	,931)
(900	,1144)
(900	,1304)
(905	,906)
(905	,1240)
(906	,1254)
(908	,1053)
(908	,2025)
(909	,1146)
(909	,1326)
(911	,912)
(913	,914)
(913	,915)
(914	,915)
(914	,1563)
(915	,1563)
(917	,918)
(917	,1516)
(920	,1300)
(922	,923)
(922	,924)
(922	,973)
(922	,1833)
(923	,924)
(926	,927)
(926	,1639)
(927	,987)
(927	,1045)
(927	,1639)
(927	,1692)
(927	,1693)
(934	,970)
(934	,1225)
(934	,1227)
(934	,1247)
(934	,1248)
(934	,1269)
(934	,1350)
(934	,1351)
(936	,1440)
(936	,1513)
(939	,940)
(939	,941)
(940	,941)
(943	,982)
(943	,1514)
(943	,1585)
(944	,945)
(946	,1312)
(946	,1582)
(947	,948)
(948	,966)
(948	,1363)
(950	,1014)
(950	,1015)
(950	,1979)
(950	,1984)
(951	,1087)
(951	,1251)
(951	,2043)
(952	,953)
(952	,954)
(953	,954)
(955	,956)
(955	,957)
(955	,1046)
(955	,1316)
(956	,957)
(957	,1046)
(960	,961)
(963	,964)
(965	,966)
(968	,1203)
(968	,1674)
(968	,1734)
(968	,1889)
(969	,970)
(969	,1540)
(969	,1772)
(969	,2033)
(969	,2034)
(970	,1247)
(970	,1248)
(970	,1540)
(970	,1772)
(970	,2033)
(970	,2034)
(971	,1102)
(971	,1206)
(971	,1279)
(971	,1421)
(971	,1422)
(972	,1063)
(973	,1186)
(973	,1566)
(973	,1787)
(973	,1833)
(975	,976)
(981	,982)
(983	,984)
(986	,1166)
(988	,1348)
(988	,1349)
(989	,990)
(990	,1212)
(990	,1544)
(990	,1545)
(990	,1546)
(990	,1916)
(992	,993)
(993	,1137)
(993	,1206)
(993	,1336)
(993	,1663)
(995	,996)
(995	,1729)
(999	,1000)
(1001	,1002)
(1002	,1911)
(1002	,1935)
(1003	,1004)
(1003	,1766)
(1004	,1766)
(1006	,1839)
(1008	,1031)
(1009	,1031)
(1011	,1012)
(1014	,1015)
(1019	,1020)
(1022	,1114)
(1022	,1669)
(1022	,1868)
(1027	,1153)
(1027	,1406)
(1027	,1857)
(1029	,1030)
(1031	,1248)
(1033	,1034)
(1037	,1068)
(1037	,1235)
(1038	,1183)
(1038	,1184)
(1038	,1185)
(1040	,1041)
(1040	,1042)
(1041	,1042)
(1043	,1044)
(1043	,1340)
(1043	,1765)
(1043	,1880)
(1043	,1881)
(1043	,2047)
(1044	,1340)
(1044	,1341)
(1044	,1342)
(1044	,1343)
(1044	,1763)
(1044	,1764)
(1044	,1765)
(1044	,1794)
(1044	,1880)
(1044	,1881)
(1044	,1928)
(1044	,1974)
(1044	,1994)
(1044	,1995)
(1044	,1996)
(1044	,1997)
(1044	,1998)
(1044	,1999)
(1044	,2000)
(1044	,2047)
(1045	,1074)
(1046	,1116)
(1046	,1117)
(1046	,1225)
(1046	,1617)
(1046	,1618)
(1047	,1048)
(1050	,1051)
(1050	,1542)
(1050	,1719)
(1051	,1542)
(1051	,1719)
(1054	,1055)
(1057	,1058)
(1057	,1059)
(1058	,1059)
(1060	,1061)
(1062	,1064)
(1062	,1655)
(1063	,1064)
(1064	,1655)
(1065	,1066)
(1069	,1070)
(1069	,1697)
(1069	,1698)
(1069	,1699)
(1071	,1198)
(1073	,1303)
(1076	,1077)
(1076	,1078)
(1077	,1078)
(1078	,1456)
(1079	,1512)
(1079	,1599)
(1079	,1855)
(1080	,1081)
(1080	,1083)
(1080	,1084)
(1081	,1083)
(1081	,1084)
(1082	,1083)
(1082	,1084)
(1083	,1084)
(1088	,1334)
(1090	,1127)
(1091	,1092)
(1095	,1682)
(1095	,1683)
(1095	,1790)
(1096	,1097)
(1099	,1100)
(1103	,1104)
(1104	,1105)
(1106	,1107)
(1106	,1108)
(1107	,1108)
(1107	,1252)
(1108	,1455)
(1110	,1111)
(1110	,1112)
(1111	,1112)
(1114	,1115)
(1114	,1669)
(1116	,1117)
(1116	,1617)
(1116	,1618)
(1117	,1617)
(1117	,1618)
(1119	,1134)
(1119	,1396)
(1119	,1876)
(1119	,1877)
(1119	,1892)
(1120	,1199)
(1120	,1275)
(1121	,1122)
(1123	,1206)
(1124	,1432)
(1126	,1127)
(1127	,1506)
(1129	,1970)
(1131	,1132)
(1133	,1308)
(1135	,1136)
(1136	,1459)
(1136	,1757)
(1138	,1889)
(1139	,1332)
(1143	,1362)
(1144	,1145)
(1150	,1151)
(1151	,1579)
(1154	,1155)
(1155	,1486)
(1155	,1487)
(1155	,1488)
(1155	,1530)
(1155	,1666)
(1155	,1733)
(1155	,1853)
(1155	,1965)
(1155	,1980)
(1155	,1990)
(1155	,1991)
(1155	,2017)
(1155	,2018)
(1156	,1159)
(1157	,1158)
(1157	,1159)
(1158	,1159)
(1159	,1524)
(1159	,1525)
(1159	,1526)
(1159	,1527)
(1159	,1888)
(1160	,1258)
(1161	,1162)
(1161	,1163)
(1161	,1164)
(1162	,1163)
(1162	,1164)
(1163	,1164)
(1163	,1480)
(1163	,1592)
(1163	,2050)
(1163	,2051)
(1164	,1480)
(1164	,1592)
(1164	,2050)
(1164	,2051)
(1166	,1167)
(1166	,1502)
(1167	,1502)
(1173	,1174)
(1173	,1359)
(1174	,1359)
(1175	,1458)
(1175	,1459)
(1178	,1179)
(1179	,1484)
(1180	,1181)
(1180	,1182)
(1181	,1182)
(1183	,1184)
(1183	,1185)
(1184	,1185)
(1190	,1191)
(1191	,1926)
(1194	,1195)
(1194	,1920)
(1194	,1982)
(1195	,1920)
(1195	,1982)
(1196	,1302)
(1201	,1202)
(1203	,1586)
(1203	,1607)
(1203	,1889)
(1203	,1897)
(1203	,2035)
(1203	,2036)
(1204	,1631)
(1204	,1632)
(1206	,1279)
(1206	,1663)
(1208	,1209)
(1210	,1498)
(1213	,1259)
(1213	,1628)
(1213	,1633)
(1216	,1217)
(1218	,1675)
(1219	,1382)
(1219	,1383)
(1219	,1384)
(1221	,1222)
(1221	,1484)
(1221	,1562)
(1225	,1227)
(1228	,1327)
(1228	,1328)
(1228	,1433)
(1229	,1230)
(1230	,1536)
(1231	,1232)
(1234	,1253)
(1235	,1534)
(1236	,1237)
(1239	,1854)
(1241	,1242)
(1241	,1243)
(1241	,1907)
(1242	,1243)
(1244	,1245)
(1247	,1248)
(1249	,1304)
(1253	,1441)
(1253	,1849)
(1254	,1365)
(1254	,1732)
(1254	,1742)
(1261	,1262)
(1263	,1426)
(1264	,1265)
(1268	,1269)
(1268	,1565)
(1269	,1350)
(1269	,1351)
(1269	,1505)
(1269	,1565)
(1269	,1611)
(1269	,2024)
(1272	,1273)
(1274	,1282)
(1276	,1277)
(1276	,1278)
(1277	,1278)
(1280	,1281)
(1282	,1333)
(1284	,1285)
(1284	,1286)
(1285	,1286)
(1291	,1292)
(1292	,1445)
(1293	,1320)
(1293	,1371)
(1296	,2008)
(1297	,1299)
(1298	,1299)
(1303	,1361)
(1303	,1576)
(1304	,1619)
(1306	,1307)
(1308	,1411)
(1313	,1314)
(1319	,1320)
(1319	,1321)
(1319	,1322)
(1319	,1323)
(1320	,1321)
(1320	,1322)
(1320	,1323)
(1320	,1371)
(1320	,1738)
(1320	,1779)
(1320	,1780)
(1320	,1781)
(1321	,1322)
(1321	,1323)
(1322	,1323)
(1327	,1328)
(1330	,1331)
(1331	,1691)
(1333	,2016)
(1334	,1856)
(1334	,1937)
(1335	,1336)
(1336	,1882)
(1337	,1702)
(1340	,1341)
(1340	,1342)
(1340	,1343)
(1340	,1764)
(1340	,1765)
(1342	,1343)
(1342	,1928)
(1342	,1974)
(1342	,1994)
(1342	,1995)
(1342	,1996)
(1342	,1997)
(1342	,1998)
(1342	,1999)
(1342	,2000)
(1343	,1928)
(1343	,1974)
(1343	,1994)
(1343	,1995)
(1343	,1996)
(1343	,1997)
(1343	,1998)
(1343	,1999)
(1343	,2000)
(1346	,1347)
(1348	,1349)
(1348	,1623)
(1348	,1786)
(1348	,1792)
(1348	,1793)
(1350	,1351)
(1350	,1505)
(1350	,1862)
(1351	,1352)
(1351	,1505)
(1353	,1354)
(1353	,1356)
(1353	,1357)
(1353	,1358)
(1353	,1826)
(1353	,1861)
(1353	,1866)
(1354	,1355)
(1354	,1356)
(1354	,1358)
(1354	,1826)
(1355	,1714)
(1355	,1715)
(1355	,1716)
(1356	,1358)
(1356	,1735)
(1356	,1736)
(1356	,1737)
(1356	,1826)
(1356	,1861)
(1356	,2007)
(1357	,1358)
(1358	,1712)
(1358	,1725)
(1358	,1726)
(1358	,1727)
(1358	,1731)
(1358	,1774)
(1358	,1813)
(1358	,1861)
(1358	,1866)
(1359	,1791)
(1361	,1576)
(1361	,1748)
(1361	,1962)
(1364	,1499)
(1369	,1519)
(1369	,1552)
(1369	,1827)
(1369	,1925)
(1369	,2010)
(1373	,1720)
(1375	,1564)
(1377	,1378)
(1377	,1379)
(1377	,1656)
(1377	,1657)
(1377	,1658)
(1378	,1379)
(1380	,1468)
(1380	,1469)
(1382	,1383)
(1382	,1384)
(1383	,1384)
(1385	,1918)
(1387	,1388)
(1387	,1491)
(1388	,1491)
(1392	,1496)
(1395	,1643)
(1395	,1644)
(1395	,1645)
(1395	,1874)
(1400	,1613)
(1400	,1614)
(1401	,1797)
(1401	,1798)
(1401	,1799)
(1401	,1896)
(1401	,1978)
(1401	,1979)
(1403	,1404)
(1404	,1767)
(1404	,1768)
(1404	,1976)
(1405	,1511)
(1406	,1407)
(1411	,1665)
(1412	,1425)
(1412	,1543)
(1415	,1442)
(1416	,1425)
(1416	,1591)
(1416	,1603)
(1416	,2001)
(1419	,1578)
(1420	,1428)
(1421	,1422)
(1425	,1543)
(1426	,1581)
(1427	,2005)
(1430	,1431)
(1432	,1720)
(1432	,1819)
(1432	,1884)
(1432	,1885)
(1437	,1438)
(1438	,1640)
(1438	,1842)
(1438	,1843)
(1439	,1454)
(1439	,1533)
(1441	,1849)
(1443	,1444)
(1444	,1758)
(1444	,1851)
(1444	,1922)
(1444	,1971)
(1444	,2030)
(1444	,2045)
(1445	,1447)
(1445	,1448)
(1445	,1466)
(1445	,1824)
(1447	,1448)
(1449	,1450)
(1450	,1453)
(1450	,1761)
(1458	,1459)
(1459	,1460)
(1459	,1638)
(1459	,1757)
(1461	,1462)
(1463	,1753)
(1467	,1583)
(1468	,1469)
(1470	,1471)
(1473	,1474)
(1474	,1820)
(1475	,1476)
(1478	,1479)
(1481	,1966)
(1482	,1483)
(1484	,1562)
(1486	,1487)
(1486	,1488)
(1487	,1488)
(1488	,1530)
(1488	,1601)
(1488	,1724)
(1488	,1909)
(1488	,1980)
(1495	,1496)
(1505	,1869)
(1505	,1870)
(1505	,1871)
(1507	,1508)
(1507	,1897)
(1510	,1527)
(1510	,1750)
(1510	,1829)
(1512	,1599)
(1512	,1855)
(1522	,1533)
(1524	,1525)
(1524	,1526)
(1525	,1526)
(1525	,1888)
(1526	,1888)
(1527	,1574)
(1527	,1664)
(1530	,1980)
(1538	,1539)
(1538	,1614)
(1538	,1939)
(1539	,1614)
(1539	,1796)
(1539	,1812)
(1539	,1939)
(1542	,1719)
(1544	,1545)
(1544	,1546)
(1544	,1916)
(1552	,1827)
(1553	,1847)
(1555	,1556)
(1557	,1828)
(1559	,1637)
(1560	,1687)
(1567	,1568)
(1569	,1570)
(1569	,1889)
(1570	,1889)
(1570	,1897)
(1570	,1919)
(1570	,1927)
(1572	,1573)
(1572	,1574)
(1573	,1574)
(1574	,1664)
(1575	,1636)
(1575	,1720)
(1584	,1590)
(1592	,2050)
(1592	,2051)
(1598	,1599)
(1599	,1855)
(1600	,2004)
(1609	,1947)
(1609	,2003)
(1609	,2042)
(1613	,1614)
(1614	,1653)
(1614	,1845)
(1614	,1929)
(1614	,1939)
(1614	,1958)
(1614	,2006)
(1614	,2026)
(1617	,1618)
(1629	,1630)
(1631	,1632)
(1636	,1720)
(1637	,1806)
(1640	,1842)
(1640	,1843)
(1642	,1659)
(1642	,1786)
(1644	,1645)
(1644	,1874)
(1645	,1874)
(1649	,1713)
(1652	,1872)
(1653	,1953)
(1653	,1954)
(1656	,1657)
(1656	,1658)
(1657	,1658)
(1660	,1661)
(1673	,1676)
(1677	,1678)
(1682	,1683)
(1687	,1688)
(1689	,1690)
(1692	,1693)
(1694	,1695)
(1694	,1730)
(1695	,1730)
(1697	,1698)
(1697	,1699)
(1698	,1699)
(1700	,1701)
(1701	,1707)
(1705	,1706)
(1708	,1709)
(1708	,1710)
(1709	,1710)
(1710	,1739)
(1710	,1740)
(1710	,1741)
(1710	,1936)
(1710	,1981)
(1712	,1731)
(1714	,1715)
(1714	,1716)
(1715	,1716)
(1717	,1718)
(1720	,1819)
(1720	,1961)
(1724	,1908)
(1724	,1909)
(1725	,1726)
(1725	,1727)
(1726	,1727)
(1732	,1742)
(1733	,1990)
(1733	,1991)
(1733	,2017)
(1733	,2018)
(1735	,1736)
(1735	,1737)
(1736	,1737)
(1739	,1740)
(1739	,1741)
(1740	,1741)
(1740	,1936)
(1741	,1936)
(1745	,1746)
(1745	,1747)
(1746	,1747)
(1748	,1749)
(1750	,1829)
(1752	,1753)
(1753	,1769)
(1753	,1823)
(1755	,1809)
(1759	,1760)
(1759	,1761)
(1760	,1761)
(1763	,1764)
(1763	,1765)
(1763	,1794)
(1764	,1765)
(1764	,1794)
(1765	,1880)
(1765	,1881)
(1765	,2047)
(1771	,1832)
(1772	,2033)
(1772	,2034)
(1774	,1813)
(1776	,1777)
(1780	,1781)
(1786	,1792)
(1786	,1793)
(1792	,1793)
(1795	,1809)
(1796	,1812)
(1797	,1798)
(1800	,1801)
(1800	,1802)
(1801	,1802)
(1803	,1989)
(1804	,1805)
(1814	,1815)
(1814	,1816)
(1815	,1816)
(1821	,1822)
(1838	,1913)
(1838	,1914)
(1838	,1915)
(1840	,1841)
(1840	,1858)
(1840	,1859)
(1840	,1860)
(1842	,1843)
(1849	,2053)
(1858	,1859)
(1858	,1860)
(1859	,1860)
(1859	,1975)
(1869	,1870)
(1869	,1871)
(1870	,1871)
(1876	,1877)
(1878	,1879)
(1880	,1881)
(1884	,1885)
(1889	,1897)
(1889	,2035)
(1889	,2036)
(1895	,1896)
(1898	,1959)
(1898	,1960)
(1899	,1902)
(1903	,1941)
(1904	,1905)
(1908	,1909)
(1914	,1915)
(1919	,1927)
(1928	,1974)
(1928	,1994)
(1928	,1995)
(1928	,1996)
(1928	,1997)
(1928	,1998)
(1928	,1999)
(1928	,2000)
(1929	,1930)
(1929	,1931)
(1929	,1932)
(1929	,1933)
(1930	,1931)
(1930	,1932)
(1930	,1933)
(1931	,1932)
(1931	,1933)
(1932	,1933)
(1942	,1943)
(1942	,1944)
(1943	,1944)
(1947	,2003)
(1947	,2042)
(1949	,1950)
(1953	,1954)
(1954	,1955)
(1954	,1956)
(1955	,1956)
(1958	,1983)
(1959	,1960)
(1964	,2044)
(1964	,2049)
(1967	,1968)
(1967	,1969)
(1968	,1969)
(1972	,1974)
(1973	,1974)
(1974	,1994)
(1974	,1995)
(1974	,1996)
(1974	,1997)
(1974	,1998)
(1978	,1979)
(1979	,1984)
(1985	,1986)
(1990	,1991)
(1990	,2017)
(1990	,2018)
(1991	,2017)
(1991	,2018)
(1994	,1995)
(1994	,1996)
(1994	,1997)
(1994	,1998)
(1995	,1996)
(1995	,1997)
(1995	,1998)
(1995	,1999)
(1995	,2000)
(1995	,2037)
(1995	,2038)
(1995	,2039)
(1996	,1997)
(1996	,1998)
(1997	,1998)
(1999	,2000)
(1999	,2052)
(2000	,2052)
(2012	,2022)
(2012	,2023)
(2013	,2014)
(2013	,2015)
(2014	,2015)
(2017	,2018)
(2021	,2023)
(2022	,2023)
(2027	,2028)
(2031	,2041)
(2033	,2034)
(2035	,2036)
(2037	,2038)
(2037	,2039)
(2038	,2039)
(2044	,2049)
(2050	,2051)
(2054	,2055)
