2
873
0	812493
2	247 253
1 0	1 677	
1	813865
1	255
1 1	2 589 265	
2	813628
1	5
1 2	1 680	
3	813626
9	151 149 795 8 5 4 437 398 463
1 3	1 559	
4	813627
7	3 267 6 646 793 764 398
1 4	1 505	
5	813625
2	3 2
1 5	1 160	
6	813622
15	856 149 646 151 793 174 494 770 769 8 4 764 550 398 463
1 6	1 424	
7	813623
1	769
1 7	1 529	
8	813620
9	325 3 81 796 6 776 151 174 646
1 8	1 620	
9	813621
1	435
1 9	1 77	
10	812650
4	832 534 110 650
1 10	1 507	
11	815059
1	331
1 11	1 583	
12	815338
1	311
1 12	1 712	
13	812658
10	96 271 778 144 855 322 809 528 406 850
1 13	1 48	
14	812659
3	335 192 814
1 14	1 133	
15	813783
1	16
1 15	1 81	
16	813782
1	15
1 16	1 78	
17	811970
1	122
1 17	1 350	
18	811971
1	309
1 18	1 742	
19	813265
1	167
1 19	1 324	
20	811975
1	542
1 20	1 570	
21	812915
1	22
1 21	1 53	
22	812914
2	203 21
1 22	1 382	
23	811979
2	191 188
1 23	1 744	
24	813422
5	53 227 255 181 455
1 24	1 252	
25	813804
1	500
1 25	1 565	
26	815174
1	433
1 26	1 734	
27	812780
1	28
1 27	1 202	
28	812781
1	27
1 28	1 389	
29	812787
1	144
1 29	1 419	
30	812478
3	582 819 478
1 30	1 430	
31	815173
5	272 203 773 39 613
1 31	1 370	
32	813652
1	281
1 32	1 538	
33	812788
1	84
1 33	1 321	
34	813650
1	120
1 34	1 86	
35	815179
11	629 500 474 224 113 375 255 814 181 227 455
1 35	1 528	
36	814809
5	641 258 123 623 596
1 36	1 386	
37	814779
1	144
1 37	1 153	
38	814802
5	325 179 780 431 398
1 38	1 621	
39	814806
19	500 457 125 203 706 773 144 31 71 218 627 675 505 585 822 550 40 699 613
1 39	1 13	
40	814805
2	216 39
1 40	1 557	
41	815006
3	209 799 159
1 41	1 259	
42	812005
7	88 813 641 790 258 659 623
1 42	1 328	
43	812004
12	47 483 277 529 234 100 608 618 344 464 109 177
1 43	1 751	
44	812006
2	243 258
1 44	1 654	
45	812001
1	266
1 45	1 723	
46	812000
7	500 124 139 401 855 524 660
1 46	1 695	
47	813533
9	43 529 464 483 608 112 565 344 618
1 47	1 30	
48	813258
2	572 489
1 48	1 492	
49	813537
1	500
1 49	1 108	
50	813027
1	416
1 50	1 249	
51	812397
6	722 518 252 809 649 135
1 51	1 492	
52	812652
1	654
1 52	1 156	
53	812966
13	725 449 565 336 750 468 154 24 518 522 448 818 116
1 53	1 429	
54	812967
2	144 500
1 54	1 372	
55	812965
1	284
1 55	1 747	
56	815360
2	861 623
1 56	1 331	
57	812968
1	660
1 57	2 249 176	
58	814050
6	680 749 356 59 60 638
1 58	1 498	
59	814051
2	58 563
1 59	1 626	
60	814052
5	500 58 604 836 495
1 60	1 226	
61	814111
2	474 403
1 61	1 71	
62	814112
2	571 692
1 62	1 512	
63	814502
1	123
1 63	1 753	
64	814114
1	709
1 64	1 615	
65	814117
2	507 727
1 65	1 73	
66	815586
1	166
1 66	1 283	
67	813440
1	448
1 67	1 437	
68	815363
4	696 440 707 470
1 68	1 379	
69	815135
1	820
1 69	1 273	
70	815512
7	72 500 474 272 73 71 471
1 70	1 28	
71	815513
9	72 70 81 505 39 675 699 698 73
1 71	1 130	
72	815510
3	73 70 71
1 72	1 124	
73	815511
3	72 70 71
1 73	1 89	
74	814904
1	744
1 74	1 387	
75	815514
3	500 369 254
1 75	1 735	
76	815453
1	500
1 76	1 623	
77	813884
5	519 500 142 78 523
1 77	1 38	
78	813885
4	519 379 77 523
1 78	1 37	
79	815457
1	309
1 79	1 392	
80	815033
2	274 252
1 80	1 652	
81	813881
21	758 325 474 271 203 505 368 379 218 795 770 8 411 660 107 292 782 821 517 263 71
1 81	1 174	
82	813968
5	224 317 227 409 455
1 82	1 597	
83	814579
1	700
1 83	1 677	
84	815518
6	250 33 606 252 532 407
1 84	1 642	
85	813932
1	585
1 85	1 80	
86	814571
3	812 566 126
1 86	1 142	
87	814479
9	337 840 558 324 116 225 226 851 850
1 87	1 740	
88	813965
5	169 42 641 659 623
1 88	1 134	
89	814574
1	144
1 89	1 749	
90	815228
1	508
1 90	1 443	
91	815229
1	637
1 91	1 510	
92	814606
2	473 472
1 92	1 616	
93	814601
2	503 107
1 93	1 169	
94	811987
2	696 440
1 94	1 622	
95	811986
2	500 547
1 95	1 474	
96	811989
25	275 144 13 171 338 810 179 785 784 783 778 553 554 558 551 325 322 673 672 220 222 226 474 851 850
1 96	1 155	
97	811988
2	485 438
1 97	1 55	
98	812502
1	474
1 98	1 17	
99	812503
1	598
1 99	1 755	
100	815224
7	483 529 43 165 464 788 344
1 100	1 191	
101	815225
1	800
1 101	1 192	
102	815226
35	326 187 559 557 688 172 560 265 789 555 779 117 180 327 852 432 840 660 548 292 293 182 782 393 790 556 552 324 323 674 283 282 225 222 849
1 102	1 240	
103	815227
5	533 742 252 807 407
1 103	1 188	
104	815039
2	738 118
1 104	1 120	
105	812869
1	606
1 105	1 242	
106	815472
1	474
1 106	1 213	
107	814590
6	93 565 81 503 574 397
1 107	1 174	
108	812867
1	544
1 108	1 283	
109	813835
2	413 43
1 109	1 313	
110	812865
3	832 10 310
1 110	1 224	
111	812916
1	120
1 111	1 629	
112	814989
4	47 608 205 464
1 112	1 422	
113	815477
10	494 764 304 255 642 181 354 35 227 455
1 113	1 551	
114	813814
2	625 448
1 114	1 279	
115	815054
1	855
1 115	1 753	
116	815358
6	725 87 53 640 833 448
1 116	2 439 343	
117	815428
32	326 187 559 557 688 172 560 789 555 779 852 432 840 660 292 293 182 180 782 393 790 556 552 324 327 323 674 283 102 225 222 849
1 117	1 436	
118	815050
7	474 645 656 661 740 614 104
1 118	1 496	
119	815426
1	311
1 119	1 356	
120	815355
14	374 858 361 656 164 111 307 647 767 34 353 355 443 599
1 120	1 608	
121	812436
1	474
1 121	1 737	
122	815425
7	508 734 733 506 509 17 536
1 122	1 366	
123	815423
11	500 203 641 773 716 360 63 505 585 36 623
1 123	1 185	
124	812432
8	46 274 252 407 436 231 818 135
1 124	1 65	
125	812433
3	272 39 613
1 125	1 295	
126	815645
2	571 86
1 126	1 21	
127	812346
1	130
1 127	1 349	
128	812347
1	333
1 128	1 616	
129	815640
6	636 483 818 608 808 561
1 129	1 566	
130	812345
1	127
1 130	1 283	
131	813744
1	134
1 131	1 349	
132	815125
3	474 271 410
1 132	1 85	
133	813210
1	257
1 133	1 391	
134	813743
1	131
1 134	1 283	
135	815649
19	124 722 533 431 441 385 430 51 855 252 737 807 728 274 724 853 407 649 850
1 135	1 467	
136	812184
2	725 335
1 136	1 105	
137	811936
1	138
1 137	1 159	
138	811937
2	474 137
1 138	1 623	
139	812229
6	46 496 360 756 657 198
1 139	1 340	
140	812228
8	474 661 143 550 613 177 206 406
1 140	1 745	
141	814385
1	815
1 141	1 731	
142	812597
1	77
1 142	1 149	
143	812227
5	500 270 401 140 499
1 143	1 204	
144	812226
73	326 559 96 557 54 325 560 460 777 789 37 720 179 176 584 533 555 778 760 404 501 731 512 752 334 819 480 13 621 624 524 29 151 435 670 829 719 716 399 298 294 537 550 89 338 182 39 180 784 393 554 556 551 552 324 327 323 322 673 310 490 713 282 830 499 860 359 444 222 223 226 564 463
1 144	1 248	
145	812221
2	704 147
1 145	1 672	
146	811939
1	500
1 146	1 716	
147	812222
3	473 145 704
1 147	1 738	
148	812818
2	488 151
1 148	1 66	
149	812819
8	791 3 267 491 770 769 6 764
1 149	2 68 468	
150	812816
2	796 437
1 150	1 750	
151	812817
12	3 856 144 6 644 798 769 153 770 148 8 788
1 151	1 700	
152	812814
2	379 795
1 152	1 746	
153	812815
4	732 550 437 151
1 153	1 683	
154	813320
2	53 522
1 154	1 736	
155	812813
2	747 268
1 155	1 215	
156	812810
1	435
1 156	1 276	
157	815637
2	159 366
1 157	2 719 720	
158	815634
1	422
1 158	1 297	
159	815638
5	860 799 740 157 41
1 159	1 10	
160	815171
1	505
1 160	1 278	
161	814930
1	692
1 161	1 638	
162	813060
2	255 181
1 162	1 713	
163	812049
3	728 254 579
1 163	1 189	
164	812761
1	120
1 164	1 415	
165	812041
1	100
1 165	1 53	
166	815587
1	66
1 166	1 349	
167	813264
1	19
1 167	1 25	
168	811898
1	474
1 168	1 690	
169	812045
5	372 651 531 88 213
1 169	1 224	
170	812533
1	797
1 170	1 480	
171	814239
20	96 325 275 338 810 179 785 784 783 778 553 554 558 551 322 673 672 220 851 850
1 171	1 455	
172	814236
36	326 187 559 557 688 852 432 840 660 292 293 179 182 180 785 782 393 779 790 789 555 556 560 552 324 327 323 674 283 282 102 117 225 222 226 849
1 172	1 144	
173	813667
1	500
1 173	1 513	
174	813583
8	6 793 494 764 769 194 175 8
1 174	1 448	
175	813582
1	174
1 175	1 113	
176	812920
3	474 144 868
1 176	1 714	
177	814785
4	474 401 43 140
1 177	1 656	
178	814786
1	240
1 178	1 730	
179	814787
24	96 325 172 171 275 144 852 338 810 38 785 784 783 778 553 554 558 551 322 673 672 220 851 850
1 179	1 721	
180	814838
38	326 187 559 557 688 172 560 789 742 555 144 779 117 853 852 432 840 660 430 292 293 182 782 393 790 556 552 324 327 323 674 283 282 102 225 222 226 849
1 180	1 34	
181	814839
23	474 664 311 270 224 162 113 435 642 35 640 227 354 255 375 434 349 24 494 814 193 455 726
1 181	1 33	
182	814788
36	326 187 559 557 688 172 560 789 555 144 779 117 180 327 102 393 283 225 782 552 222 226 790 556 282 852 432 840 660 292 293 324 323 674 672 849
1 182	1 722	
183	814420
2	185 419
1 183	1 502	
184	814389
1	768
1 184	4 283 254 231 139	
185	814422
2	419 183
1 185	1 412	
186	813936
1	585
1 186	1 201	
187	813409
37	326 688 852 432 840 533 172 660 201 292 293 182 180 782 393 779 790 789 555 556 557 559 560 552 324 327 323 674 712 283 282 102 117 225 222 226 849
1 187	1 346	
188	813402
2	191 23
1 188	1 218	
189	813406
2	474 190
1 189	2 760 499	
190	813407
2	474 189
1 190	1 245	
191	813404
2	23 188
1 191	1 219	
192	813405
3	725 335 14
1 192	1 133	
193	814948
2	181 455
1 193	1 257	
194	813569
2	575 174
1 194	1 447	
195	815626
4	862 735 736 738
1 195	1 129	
196	814733
3	221 369 781
1 196	1 76	
197	814734
3	500 224 510
1 197	1 291	
198	814737
4	139 401 660 223
1 198	1 345	
199	815610
1	509
1 199	1 628	
200	814300
1	500
1 200	1 410	
201	814738
4	187 712 746 365
1 201	1 619	
202	814303
1	203
1 202	1 390	
203	814304
14	500 474 272 505 285 22 773 81 202 550 39 31 123 803
1 203	1 341	
204	814160
3	209 207 205
1 204	1 407	
205	814161
6	207 826 204 206 208 112
1 205	1 19	
206	814162
5	237 205 140 208 406
1 206	1 504	
207	814163
2	204 205
1 207	1 478	
208	814164
3	209 205 206
1 208	1 325	
209	814165
5	397 606 204 208 41
1 209	1 543	
210	814645
1	211
1 210	1 272	
211	814644
1	210
1 211	1 497	
212	813317
1	675
1 212	1 301	
213	814496
2	169 372
1 213	1 574	
214	814498
2	509 505
1 214	1 210	
215	814947
2	500 347
1 215	1 349	
216	814804
1	40
1 216	1 308	
217	814943
2	234 672
1 217	1 333	
218	813318
6	500 81 698 505 39 699
1 218	1 534	
219	813319
1	249
1 219	1 494	
220	815462
24	96 325 474 171 179 275 778 785 783 554 673 553 225 322 690 338 810 784 558 551 674 672 851 850
1 220	1 154	
221	815463
3	369 196 781
1 221	1 261	
222	815466
42	326 187 559 96 557 688 172 560 789 555 778 785 144 868 779 117 180 553 327 385 102 393 283 855 225 782 552 852 432 840 532 292 293 182 790 556 324 323 674 282 226 849
1 222	1 708	
223	815467
6	144 225 226 373 198 660
1 223	1 664	
224	815464
14	629 500 474 586 375 410 82 197 181 35 499 428 227 455
1 224	1 445	
225	815465
40	326 187 559 557 688 172 560 789 555 87 779 117 180 327 102 393 283 852 432 840 320 660 292 293 182 643 782 790 556 552 324 323 674 672 282 220 222 223 226 849
1 225	1 707	
226	815468
35	326 187 559 96 557 172 560 474 789 555 778 144 87 554 779 673 180 327 393 283 225 552 222 852 840 292 182 790 556 551 324 323 223 850 849
1 226	1 456	
227	815469
15	474 244 224 113 642 35 375 24 494 82 255 814 181 354 455
1 227	1 711	
228	813859
1	229
1 228	1 119	
229	813858
3	228 239 403
1 229	1 668	
230	814011
1	421
1 230	1 222	
231	814544
7	124 379 747 528 407 807 788
1 231	1 457	
232	813851
1	838
1 232	1 560	
233	813854
1	235
1 233	1 545	
234	815015
2	43 217
1 234	1 22	
235	813856
1	233
1 235	1 361	
236	812261
1	757
1 236	1 588	
237	812262
2	500 206
1 237	1 684	
238	812265
2	675 665
1 238	1 75	
239	812269
2	403 229
1 239	1 227	
240	815603
1	178
1 240	1 524	
241	815769
3	844 242 845
1 241	1 118	
242	815768
4	844 241 845 846
1 242	1 643	
243	815605
3	44 269 258
1 243	1 654	
244	812852
1	227
1 244	1 104	
245	812498
1	763
1 245	1 146	
246	812855
1	474
1 246	1 9	
247	812492
2	0 253
1 247	1 547	
248	812141
1	500
1 248	1 497	
249	812858
4	554 622 219 410
1 249	1 669	
250	812491
2	84 606
1 250	1 327	
251	812496
3	624 254 541
1 251	1 532	
252	812996
29	712 124 722 84 533 80 742 572 441 385 430 518 51 855 274 724 853 702 528 532 407 807 809 737 103 649 135 365 850
1 252	1 741	
253	812494
5	247 0 254 511 394
1 253	1 121	
254	812495
8	253 457 75 394 163 624 251 710
1 254	1 326	
255	814636
15	664 311 1 162 603 113 35 499 227 373 24 814 181 589 455
1 255	1 685	
256	815339
1	378
1 256	1 658	
257	813211
1	133
1 257	1 649	
258	815269
8	42 641 661 243 813 44 683 36
1 258	1 667	
259	815246
2	612 455
1 259	1 582	
260	815260
3	867 868 261
1 260	1 180	
261	815261
3	260 866 870
1 261	1 591	
262	812542
1	465
1 262	1 3	
263	815263
1	81
1 263	1 592	
264	812724
1	476
1 264	1 495	
265	812452
2	275 102
1 265	1 654	
266	814736
2	335 45
1 266	1 339	
267	813631
4	149 4 550 398
1 267	1 541	
268	813630
1	155
1 268	1 653	
269	813632
1	243
1 269	1 354	
270	814739
6	278 143 433 799 716 181
1 270	1 257	
271	811841
11	474 272 276 13 855 81 406 661 809 354 132
1 271	1 19	
272	811842
11	271 125 426 717 661 203 675 354 31 613 70
1 272	1 511	
273	812315
1	855
1 273	1 118	
274	812311
13	712 124 80 385 855 498 252 807 809 135 407 853 532
1 274	1 679	
275	811849
22	96 325 265 171 179 548 338 810 785 784 783 778 553 554 558 551 322 673 672 220 851 850
1 275	1 367	
276	812641
2	271 526
1 276	1 668	
277	811969
1	43
1 277	1 205	
278	811966
3	500 270 354
1 278	1 187	
279	811964
6	855 498 809 424 532 649
1 279	1 743	
280	813701
1	474
1 280	1 463	
281	813290
2	32 604
1 281	1 153	
282	815167
33	326 187 559 557 172 560 789 555 144 779 180 553 327 102 393 283 855 225 782 552 222 790 556 852 432 840 292 293 182 324 323 576 849
1 282	1 459	
283	815166
34	326 187 559 557 688 172 560 789 555 779 117 180 327 102 393 852 432 840 660 292 293 182 782 790 556 552 324 323 674 282 225 222 226 849
1 283	1 358	
284	813707
1	55
1 284	1 747	
285	812799
1	203
1 285	1 220	
286	814649
2	772 392
1 286	2 318 525	
287	813033
1	289
1 287	1 655	
288	813032
1	289
1 288	1 177	
289	813031
3	288 290 287
1 289	1 216	
290	813030
2	642 289
1 290	1 184	
291	814741
3	500 742 807
1 291	1 39	
292	814743
35	326 187 559 557 688 172 560 789 555 81 779 117 180 327 102 393 283 225 782 552 222 226 790 556 282 182 849 840 674 324 293 432 852 660 323
1 292	1 585	
293	814744
35	326 187 559 557 688 172 560 789 555 779 117 180 327 102 393 283 225 782 552 222 790 556 282 182 849 840 674 324 853 852 432 660 292 323 672
1 293	1 363	
294	814297
1	144
1 294	1 432	
295	814747
1	410
1 295	1 694	
296	813683
1	723
1 296	1 268	
297	813521
1	500
1 297	1 611	
298	814202
1	144
1 298	1 110	
299	815842
1	300
1 299	1 349	
300	815843
1	299
1 300	1 283	
301	815845
1	639
1 301	1 349	
302	812574
1	797
1 302	1 128	
303	815849
1	458
1 303	1 610	
304	814346
1	113
1 304	1 685	
305	812210
1	613
1 305	1 425	
306	812977
1	855
1 306	1 433	
307	812970
1	120
1 307	1 100	
308	815744
1	775
1 308	1 427	
309	812979
2	18 79
1 309	1 548	
310	814903
3	144 524 110
1 310	1 101	
311	814901
6	629 255 181 12 364 119
1 311	1 713	
312	814049
1	715
1 312	1 603	
313	814047
4	734 509 505 341
1 313	1 95	
314	814046
2	581 485
1 314	1 112	
315	814511
1	500
1 315	1 394	
316	814510
1	600
1 316	1 715	
317	814512
5	780 82 809 649 849
1 317	1 368	
318	813454
7	530 435 419 576 565 344 618
1 318	1 461	
319	813456
1	500
1 319	1 132	
320	814204
3	225 591 672
1 320	1 515	
321	813598
2	518 468
1 321	1 567	
322	814865
23	96 325 171 179 275 778 785 144 783 554 673 553 602 13 338 810 784 558 551 672 220 851 850
1 322	1 264	
323	814864
38	326 187 559 725 557 688 172 560 789 555 144 824 779 117 180 327 102 430 393 283 225 782 552 222 226 790 556 282 182 849 840 674 324 293 432 852 660 292
1 323	1 710	
324	814861
40	326 187 559 557 688 172 560 789 555 144 87 779 117 180 327 102 393 283 855 225 782 552 222 226 790 556 282 182 849 814 840 674 852 432 532 660 292 293 323 455
1 324	1 488	
325	814860
28	96 275 144 431 462 8 81 764 171 338 810 179 38 785 784 783 778 553 554 558 551 322 673 672 788 220 851 850
1 325	1 171	
326	814863
36	688 144 524 852 187 432 840 172 660 292 293 182 180 782 393 779 790 789 555 556 557 559 560 552 324 327 323 674 283 282 102 117 225 222 226 849
1 326	1 702	
327	814862
36	326 187 559 557 688 172 560 789 555 144 779 117 180 852 432 840 660 292 293 182 782 393 790 556 552 324 323 674 283 282 102 659 225 222 226 849
1 327	1 703	
328	814191
1	442
1 328	1 283	
329	813957
1	330
1 329	1 167	
330	813958
1	329
1 330	1 117	
331	813892
2	689 11
1 331	1 665	
332	815609
2	842 452
1 332	1 613	
333	812348
2	128 348
1 333	1 309	
334	812435
1	144
1 334	1 704	
335	815480
8	725 136 825 468 14 192 266 448
1 335	1 58	
336	815482
6	725 449 53 518 787 448
1 336	1 133	
337	814633
1	87
1 337	1 286	
338	814634
23	96 325 171 179 533 275 778 785 144 783 554 673 553 322 220 850 407 558 551 784 851 810 672
1 338	1 330	
339	815485
1	340
1 339	1 283	
340	815486
1	339
1 340	1 727	
341	815588
1	313
1 341	1 571	
342	815336
1	500
1 342	1 281	
343	815334
1	500
1 343	1 416	
344	815722
10	318 47 565 483 529 100 608 618 43 464
1 344	1 520	
345	815332
1	474
1 345	1 733	
346	812453
1	711
1 346	1 349	
347	814946
1	215
1 347	1 283	
348	812349
1	333
1 348	1 671	
349	813234
1	181
1 349	1 726	
350	814999
1	505
1 350	1 531	
351	814998
2	508 509
1 351	1 477	
352	812669
2	396 397
1 352	1 544	
353	814994
1	120
1 353	1 375	
354	814997
11	474 271 272 278 113 661 227 814 181 455 801
1 354	1 685	
355	814996
1	120
1 355	1 375	
356	813824
2	58 638
1 356	2 498 648	
357	814122
2	402 816
1 357	2 636 635	
358	815434
1	500
1 358	1 143	
359	815437
1	144
1 359	1 140	
360	812705
3	139 505 123
1 360	1 676	
361	812427
1	120
1 361	1 117	
362	815346
1	500
1 362	2 371 418	
363	815433
1	474
1 363	1 15	
364	815344
2	629 311
1 364	1 40	
365	815657
4	201 518 252 853
1 365	1 576	
366	815650
1	157
1 366	1 688	
367	812958
3	773 772 389
1 367	1 26	
368	811923
2	81 517
1 368	1 572	
369	811921
16	508 221 75 624 627 716 196 654 802 786 781 436 858 606 481 395
1 369	1 72	
370	812190
1	658
1 370	1 283	
371	812197
1	472
1 371	1 553	
372	811926
2	169 213
1 372	1 383	
373	812422
2	255 223
1 373	1 19	
374	811880
2	120 484
1 374	1 173	
375	811883
7	629 224 35 227 181 814 455
1 375	1 464	
376	815341
1	378
1 376	1 12	
377	812216
1	500
1 377	1 644	
378	815340
2	256 376
1 378	1 658	
379	812809
7	152 81 78 231 494 769 462
1 379	1 487	
380	812808
3	856 644 494
1 380	1 198	
381	812801
1	855
1 381	1 536	
382	811851
1	419
1 382	1 398	
383	812952
1	774
1 383	1 222	
384	815231
1	500
1 384	1 423	
385	812695
10	722 533 274 855 252 532 407 807 222 135
1 385	2 163 69	
386	813618
2	796 794
1 386	1 96	
387	812692
1	868
1 387	1 225	
388	813374
2	679 687
1 388	1 661	
389	813176
2	772 367
1 389	1 42	
390	811855
1	417
1 390	1 696	
391	813174
3	773 772 392
1 391	1 27	
392	813175
5	771 773 391 286 772
1 392	1 645	
393	814845
37	326 187 559 557 688 172 560 789 555 144 779 117 180 327 102 855 852 432 840 660 814 292 293 182 782 790 556 552 324 323 674 283 282 225 222 226 849
1 393	1 31	
394	812676
3	500 253 254
1 394	1 189	
395	815801
1	369
1 395	1 605	
396	812670
2	352 397
1 396	1 453	
397	812671
10	209 742 401 451 524 396 107 352 505 606
1 397	1 593	
398	814928
12	3 267 6 38 4 646 747 433 793 770 769 764
1 398	1 606	
399	814030
1	144
1 399	1 114	
400	815808
1	800
1 400	1 409	
401	812630
7	46 143 721 397 660 198 177
1 401	1 243	
402	812679
1	357
1 402	1 663	
403	811954
3	239 229 61
1 403	1 471	
404	811858
2	144 501
1 404	1 162	
405	813372
1	751
1 405	1 269	
406	814223
5	271 813 13 140 206
1 406	1 243	
407	814220
15	124 84 533 785 385 252 231 135 274 724 853 606 338 551 103
1 407	1 102	
408	814226
1	571
1 408	1 335	
409	812281
3	608 82 714
1 409	1 94	
410	812938
8	224 622 132 486 524 249 814 295
1 410	1 338	
411	813675
2	81 517
1 411	1 84	
412	813677
3	565 530 453
1 412	1 521	
413	813979
2	615 109
1 413	1 405	
414	812931
1	416
1 414	1 647	
415	812930
1	416
1 415	1 647	
416	812932
3	414 415 50
1 416	1 60	
417	812935
1	390
1 417	1 396	
418	814793
1	474
1 418	1 600	
419	814419
4	185 183 318 382
1 419	1 426	
420	814790
1	476
1 420	1 403	
421	814012
1	230
1 421	4 283 254 117 231	
422	813396
1	158
1 422	1 315	
423	813397
1	474
1 423	1 17	
424	814413
2	279 425
1 424	1 602	
425	814414
1	424
1 425	1 269	
426	813551
5	474 272 499 793 427
1 426	1 414	
427	813552
2	429 426
1 427	1 408	
428	815458
1	224
1 428	1 470	
429	813554
1	427
1 429	1 546	
430	814430
10	533 742 180 853 252 532 807 323 135 850
1 430	1 289	
431	813411
8	325 533 783 673 524 38 784 135
1 431	1 348	
432	813410
33	326 187 559 557 688 172 560 789 555 779 117 180 327 102 393 283 225 782 552 222 790 556 282 182 849 840 674 324 293 852 660 292 323
1 432	1 347	
433	813412
5	474 270 780 26 398
1 433	1 20	
434	813002
1	181
1 434	1 753	
435	813001
12	318 565 9 144 485 156 764 453 181 448 576 455
1 435	2 461 462	
436	814315
2	124 369
1 436	2 260 93	
437	813888
8	3 644 150 153 462 770 769 788
1 437	1 752	
438	813485
2	485 97
1 438	2 232 526	
439	814254
1	799
1 439	1 530	
440	814188
4	696 94 580 68
1 440	1 364	
441	812196
6	252 569 807 818 649 135
1 441	1 758	
442	814189
1	328
1 442	1 727	
443	815076
1	120
1 443	1 351	
444	815456
1	144
1 444	1 194	
445	813305
1	446
1 445	1 283	
446	813304
1	445
1 446	1 349	
447	813306
1	800
1 447	1 123	
448	814959
11	725 114 336 335 435 53 818 530 833 67 116
1 448	1 161	
449	814958
3	725 53 336
1 449	1 207	
450	814893
3	725 500 817
1 450	1 542	
451	814482
3	397 606 827
1 451	1 304	
452	814481
1	332
1 452	1 421	
453	814480
4	565 435 530 412
1 453	1 186	
454	813095
1	793
1 454	3 491 250 253	
455	815470
19	694 224 113 435 642 35 227 259 354 255 82 181 24 814 193 494 324 375 853
1 455	1 709	
456	815473
1	474
1 456	1 24	
457	813867
5	500 497 254 579 39
1 457	1 189	
458	815474
1	303
1 458	1 128	
459	813862
1	500
1 459	1 126	
460	815478
1	144
1 460	1 199	
461	813869
2	500 474
1 461	1 222	
462	813579
10	325 794 792 550 795 798 437 769 379 646
1 462	1 284	
463	815619
6	3 144 6 494 769 575
1 463	1 401	
464	812259
11	47 483 529 800 100 608 618 344 43 697 112
1 464	1 539	
465	812528
2	262 503
1 465	1 263	
466	812529
1	517
1 466	1 310	
467	812254
1	855
1 467	1 639	
468	812527
7	725 335 53 818 834 321 564
1 468	1 466	
469	812524
1	474
1 469	1 70	
470	815612
1	68
1 470	1 369	
471	815615
4	500 474 70 678
1 471	1 237	
472	812251
3	473 371 92
1 472	1 674	
473	812252
4	147 472 668 92
1 473	1 671	
474	815616
63	280 96 271 168 730 138 140 654 705 121 98 469 855 246 627 176 423 189 190 433 799 426 777 720 716 717 632 461 81 562 61 583 661 203 812 780 550 814 177 418 181 678 354 118 821 132 601 35 613 828 345 363 220 224 226 227 106 456 70 471 849 611 765
1 474	1 561	
475	812489
1	476
1 475	1 549	
476	812488
3	420 475 264
1 476	1 495	
477	812481
1	480
1 477	1 687	
478	812480
3	30 582 819
1 478	1 129	
479	812483
2	500 482
1 479	1 384	
480	812482
2	144 477
1 480	1 159	
481	815139
2	654 369
1 481	1 717	
482	812484
2	500 479
1 482	1 756	
483	812412
9	47 43 529 464 608 100 129 344 618
1 483	1 292	
484	812413
1	374
1 484	1 29	
485	812414
4	314 435 97 438
1 485	1 288	
486	815275
1	410
1 486	1 583	
487	815274
1	500
1 487	1 16	
488	813609
4	856 148 770 769
1 488	1 634	
489	812736
2	572 48
1 489	1 492	
490	815103
1	144
1 490	1 49	
491	813238
2	149 493
1 491	1 232	
492	812739
2	549 527
1 492	3 283 254 231	
493	813606
2	644 491
1 493	1 699	
494	813607
12	6 113 732 463 227 181 646 380 379 747 174 455
1 494	1 115	
495	812140
1	60
1 495	1 127	
496	812638
2	139 710
1 496	1 197	
497	811982
2	457 693
1 497	1 360	
498	815291
5	780 855 279 274 809
1 498	1 388	
499	815293
6	224 144 509 143 426 255
1 499	1 420	
500	815292
81	655 343 577 725 755 54 759 505 146 278 95 690 691 46 248 597 377 143 237 706 819 479 482 504 394 621 624 605 701 648 745 218 319 799 297 49 650 173 25 459 457 461 77 60 823 660 200 203 780 685 315 197 291 568 39 674 450 215 572 35 384 865 866 868 487 342 362 857 590 832 123 358 76 224 70 75 471 739 847 864 831
1 500	1 608	
501	811859
2	144 404
1 501	1 562	
502	812631
2	672 850
1 502	1 106	
503	812637
7	93 508 734 733 505 465 107
1 503	1 97	
504	812635
1	500
1 504	1 287	
505	811918
19	500 628 203 81 71 313 509 698 350 218 503 39 717 360 613 160 214 123 397
1 505	1 36	
506	811912
6	508 122 734 509 733 536
1 506	1 135	
507	811913
2	727 65
1 507	1 442	
508	811916
11	351 734 733 506 509 369 503 536 781 90 122
1 508	1 267	
509	811917
10	351 508 122 313 733 506 505 214 499 199
1 509	1 678	
510	811914
1	197
1 510	1 136	
511	812497
1	253
1 511	1 406	
512	812139
1	144
1 512	1 14	
513	813989
1	516
1 513	1 168	
514	815198
1	515
1 514	1 222	
515	815197
1	514
1 515	1 378	
516	813988
1	513
1 516	2 371 418	
517	815222
7	81 466 411 821 368 620 569
1 517	1 169	
518	813514
11	722 336 783 673 53 51 853 252 528 321 365
1 518	1 492	
519	814288
3	77 78 523
1 519	1 37	
520	815223
1	757
1 520	1 109	
521	813510
1	749
1 521	1 579	
522	814281
3	53 154 750
1 522	1 429	
523	814287
3	519 78 77
1 523	1 38	
524	812746
9	326 144 431 310 746 46 397 410 532
1 524	1 503	
525	812744
1	545
1 525	1 91	
526	813287
2	545 276
1 526	1 91	
527	812742
2	492 545
1 527	1 545	
528	813128
8	742 518 252 231 807 13 853 649
1 528	1 205	
529	812029
10	47 565 483 43 464 608 100 344 697 618
1 529	1 670	
530	812028
7	318 565 619 412 453 448 576
1 530	1 393	
531	813695
1	169
1 531	1 701	
532	814211
17	84 742 385 430 855 252 222 737 807 809 524 556 274 324 551 279 724
1 532	1 388	
533	814216
13	187 712 144 708 385 252 431 407 430 338 103 135 850
1 533	1 688	
534	814214
2	832 10
1 534	1 87	
535	814215
1	823
1 535	1 150	
536	814353
5	508 122 734 506 733
1 536	1 435	
537	814352
1	144
1 537	1 748	
538	814219
2	594 855
1 538	2 564 533	
539	814357
1	540
1 539	1 334	
540	814356
1	539
1 540	1 311	
541	812940
1	251
1 541	1 45	
542	812941
1	20
1 542	1 141	
543	812942
1	610
1 543	1 537	
544	812868
1	108
1 544	1 349	
545	812743
3	527 525 526
1 545	1 668	
546	814155
2	594 597
1 546	1 660	
547	814521
1	95
1 547	1 246	
548	814522
2	275 102
1 548	1 299	
549	812741
1	492
1 549	1 349	
550	814526
13	474 267 203 144 6 675 39 140 153 462 769 660 613
1 550	1 395	
551	814858
25	96 325 171 179 275 778 785 144 783 554 673 553 322 226 220 850 407 558 814 532 338 810 784 672 851
1 551	1 490	
552	814859
35	326 187 559 557 688 172 560 789 555 144 779 117 180 327 102 393 283 225 782 852 432 840 660 292 293 182 790 556 324 323 674 282 222 226 849
1 552	1 698	
553	814850
23	96 609 325 171 179 275 778 785 783 554 673 338 810 784 558 551 322 672 282 220 222 851 850
1 553	1 486	
554	814851
23	96 325 171 179 275 778 785 144 783 249 338 810 784 553 558 551 322 673 672 220 226 851 850
1 554	1 7	
555	814852
35	326 187 559 557 688 172 560 789 144 852 432 840 660 292 293 182 180 782 393 779 790 556 552 324 327 323 674 283 282 102 117 225 222 226 849
1 555	1 484	
556	814853
36	326 187 559 557 688 172 560 789 555 144 779 117 180 327 102 393 283 225 782 552 222 226 790 852 432 840 532 660 292 293 182 324 323 674 282 849
1 556	1 400	
557	814854
36	326 187 559 688 144 852 432 840 570 172 660 292 293 182 180 782 393 779 790 789 555 556 560 552 324 327 323 674 283 282 102 117 225 222 226 849
1 557	1 489	
558	814855
21	96 325 171 179 275 778 785 87 783 554 673 553 322 220 850 338 810 784 551 672 851
1 558	1 170	
559	814856
35	326 187 688 144 852 432 840 172 660 292 293 182 180 782 393 779 790 789 555 556 557 560 552 324 327 323 674 283 282 102 117 225 222 226 849
1 559	1 434	
560	814857
36	326 187 559 557 688 172 144 852 432 840 660 292 293 182 180 782 393 779 790 789 555 556 552 324 327 323 674 672 283 282 102 117 225 222 226 849
1 560	1 399	
561	814431
2	129 808
1 561	1 122	
562	813946
2	474 865
1 562	2 573 454	
563	813945
1	59
1 563	1 575	
564	815535
3	144 818 468
1 564	1 1	
565	815536
14	318 47 530 529 53 435 412 757 453 107 576 619 344 618
1 565	1 627	
566	814753
1	86
1 566	1 209	
567	814326
1	816
1 567	2 636 635	
568	814759
1	500
1 568	1 8	
569	814248
3	441 620 517
1 569	1 151	
570	814146
1	557
1 570	1 298	
571	814147
4	692 62 408 126
1 571	1 63	
572	815087
7	500 489 853 252 48 673 649
1 572	1 492	
573	812449
1	651
1 573	1 569	
574	812448
1	107
1 574	1 681	
575	815083
2	463 194
1 575	1 532	
576	815325
6	318 565 435 530 618 282
1 576	1 381	
577	812444
1	500
1 577	1 61	
578	814625
2	861 718
1 578	1 743	
579	814623
2	457 163
1 579	1 208	
580	814622
1	440
1 580	1 646	
581	813076
1	314
1 581	1 166	
582	812477
3	30 819 478
1 582	1 353	
583	814133
1	474
1 583	1 587	
584	813934
1	144
1 584	1 79	
585	813935
4	186 39 123 85
1 585	2 280 451	
586	814635
2	224 800
1 586	1 476	
587	814136
1	855
1 587	1 452	
588	813838
1	629
1 588	1 741	
589	815400
1	255
1 589	1 726	
590	815402
1	500
1 590	1 182	
591	812975
1	320
1 591	1 584	
592	815405
1	593
1 592	1 283	
593	815406
1	592
1 593	1 349	
594	815661
2	546 538
1 594	1 5	
595	812205
1	596
1 595	1 157	
596	812204
3	641 595 36
1 596	2 164 651	
597	812203
2	500 546
1 597	1 633	
598	815142
1	99
1 598	1 236	
599	815144
1	120
1 599	1 320	
600	815085
1	316
1 600	1 554	
601	815146
1	474
1 601	1 285	
602	812206
1	322
1 602	1 255	
603	815399
1	255
1 603	1 726	
604	812839
2	281 60
1 604	2 277 274	
605	812831
1	500
1 605	1 373	
606	812832
13	209 84 742 607 648 451 105 786 407 369 250 686 397
1 606	1 238	
607	812833
1	606
1 607	1 230	
608	812837
10	47 483 529 43 464 409 112 129 344 618
1 608	1 92	
609	812560
1	553
1 609	1 256	
610	812943
1	543
1 610	1 405	
611	815710
2	474 872
1 611	1 51	
612	815245
1	259
1 612	3 277 274 226	
613	815248
14	474 272 125 773 31 698 305 675 39 717 550 505 140 699
1 613	1 323	
614	814966
1	118
1 614	1 125	
615	813161
1	413
1 615	1 316	
616	813147
3	824 737 849
1 616	1 329	
617	812709
1	832
1 617	1 586	
618	815816
10	318 47 565 483 529 608 43 464 576 344
1 618	1 682	
619	815427
2	565 530
1 619	1 519	
620	815819
2	569 517
1 620	1 90	
621	812701
4	500 144 807 660
1 621	1 695	
622	812706
2	249 410
1 622	1 518	
623	815424
6	42 641 56 123 88 36
1 623	1 675	
624	812704
6	500 144 369 728 254 251
1 624	1 532	
625	813795
1	114
1 625	1 385	
626	812905
1	627
1 626	1 449	
627	812906
5	474 626 628 369 39
1 627	1 312	
628	812907
2	505 627
1 628	1 450	
629	811940
7	375 588 814 311 35 364 224
1 629	1 99	
630	812902
1	855
1 630	1 413	
631	815351
4	758 839 773 633
1 631	1 306	
632	813764
1	474
1 632	1 590	
633	815352
3	631 839 773
1 633	1 352	
634	813645
1	635
1 634	1 283	
635	813646
1	634
1 635	1 349	
636	813640
1	129
1 636	1 446	
637	813641
1	91
1 637	1 111	
638	815129
2	58 356
1 638	2 506 648	
639	814768
2	301 795
1 639	3 283 254 231	
640	814815
3	818 181 116
1 640	1 179	
641	814810
7	42 596 88 36 258 123 623
1 641	1 52	
642	814760
5	113 290 181 227 455
1 642	1 617	
643	814813
1	225
1 643	1 193	
644	812820
4	493 380 151 437
1 644	1 67	
645	812017
1	118
1 645	1 293	
646	812014
7	754 6 4 398 494 462 8
1 646	1 18	
647	813548
1	120
1 647	1 190	
648	813015
2	500 606
1 648	1 630	
649	815642
15	742 785 572 441 317 51 855 252 737 809 135 528 746 279 728
1 649	1 500	
650	813545
2	500 10
1 650	1 342	
651	813543
2	573 169
1 651	1 706	
652	812018
1	653
1 652	1 138	
653	812019
1	652
1 653	1 6	
654	812382
5	474 691 369 52 481
1 654	1 754	
655	814367
1	500
1 655	1 334	
656	812613
3	120 118 738
1 656	1 203	
657	814718
1	139
1 657	1 329	
658	812189
1	370
1 658	1 349	
659	815288
3	42 327 88
1 659	1 697	
660	814240
39	326 187 559 557 57 172 560 500 789 555 81 401 779 117 180 327 102 841 393 283 225 782 552 790 550 556 46 182 849 621 840 324 198 293 432 852 223 292 323
1 660	1 244	
661	814242
9	474 271 272 140 740 813 354 118 258
1 661	1 131	
662	815598
1	663
1 662	1 475	
663	815599
1	662
1 663	1 598	
664	815592
2	255 181
1 664	1 726	
665	815593
1	238
1 665	1 411	
666	814100
1	855
1 666	1 54	
667	814104
1	843
1 667	1 377	
668	814105
1	473
1 668	1 674	
669	814384
1	756
1 669	1 757	
670	813333
1	144
1 670	1 438	
671	814887
2	676 677
1 671	1 266	
672	814886
29	502 96 688 325 560 171 179 275 778 785 783 554 673 553 225 322 182 220 850 217 558 551 784 293 852 851 320 810 338
1 672	1 556	
673	814885
28	725 96 325 171 179 275 778 785 144 783 572 554 746 853 431 518 338 810 784 553 558 551 322 672 220 226 851 850
1 673	1 380	
674	814884
34	326 187 559 557 688 172 560 500 789 555 779 117 180 327 102 393 283 225 782 552 222 790 556 182 220 849 690 840 852 432 292 293 324 323
1 674	1 514	
675	814960
10	212 272 71 698 238 717 550 39 699 613
1 675	1 178	
676	814889
2	671 677
1 676	1 46	
677	814888
2	676 671
1 677	1 522	
678	814965
2	474 471
1 678	1 183	
679	813375
2	388 687
1 679	1 258	
680	814967
1	58
1 680	1 161	
681	813298
1	753
1 681	1 332	
682	813846
1	837
1 682	2 732 614	
683	814407
1	258
1 683	1 657	
684	812187
1	703
1 684	1 2	
685	814400
1	500
1 685	1 303	
686	813972
1	606
1 686	1 230	
687	813376
2	679 388
1 687	1 661	
688	811992
32	326 187 559 557 852 432 840 172 292 293 182 180 782 393 779 790 789 555 556 560 552 324 327 323 674 672 283 102 117 225 222 849
1 688	1 241	
689	812123
1	331
1 689	1 234	
690	811990
3	500 220 674
1 690	1 359	
691	811991
2	500 654
1 691	1 599	
692	811997
3	571 62 161
1 692	1 428	
693	814792
2	497 761
1 693	1 360	
694	815746
2	455 775
1 694	1 540	
695	812241
1	696
1 695	1 578	
696	812240
4	94 695 440 68
1 696	1 364	
697	815743
2	529 464
1 697	1 175	
698	815213
7	71 505 218 717 675 699 613
1 698	1 501	
699	815212
7	71 698 218 675 39 717 613
1 699	1 501	
700	814580
1	83
1 700	1 547	
701	812874
1	500
1 701	1 47	
702	812873
3	712 252 853
1 702	1 741	
703	812188
1	684
1 703	1 262	
704	812220
2	145 147
1 704	1 217	
705	812400
1	474
1 705	1 568	
706	812403
2	500 39
1 706	1 523	
707	815362
1	68
1 707	1 727	
708	812404
1	533
1 708	1 74	
709	814411
1	64
1 709	1 753	
710	813370
2	496 254
1 710	1 609	
711	812454
1	346
1 711	1 728	
712	815132
9	187 274 853 702 252 824 533 201 790
1 712	1 233	
713	815165
1	144
1 713	1 357	
714	813758
1	409
1 714	1 107	
715	815137
1	312
1 715	1 725	
716	813756
6	474 270 144 799 369 123
1 716	1 691	
717	813757
7	474 272 698 675 505 699 613
1 717	1 394	
718	813754
1	578
1 718	1 195	
719	813755
1	144
1 719	1 305	
720	813752
2	474 144
1 720	1 285	
721	812629
1	401
1 721	1 165	
722	812628
8	51 385 853 252 518 807 809 135
1 722	1 492	
723	815914
1	296
1 723	1 552	
724	812625
4	252 135 407 532
1 724	1 212	
725	812230
14	136 468 53 192 323 673 450 449 448 500 116 335 336 833
1 725	1 133	
726	815539
1	181
1 726	1 726	
727	811908
2	507 65
1 727	1 692	
728	811998
5	742 163 624 135 649
1 728	1 417	
729	813418
1	758
1 729	1 410	
730	811901
1	474
1 730	1 314	
731	811903
2	144 855
1 731	1 356	
732	811904
2	153 494
1 732	1 355	
733	811907
7	508 122 734 509 506 503 536
1 733	1 693	
734	811906
7	508 122 733 506 503 313 536
1 734	1 98	
735	815624
3	195 738 736
1 735	1 365	
736	815625
3	195 738 735
1 736	1 555	
737	815121
6	824 252 616 532 649 135
1 737	1 82	
738	815627
7	862 656 802 195 104 735 736
1 738	1 147	
739	815620
1	500
1 739	1 239	
740	813199
4	661 860 118 159
1 740	1 496	
741	813727
1	743
1 741	1 137	
742	815180
14	728 397 853 606 252 528 532 430 807 291 180 103 649 850
1 742	1 479	
743	813725
1	741
1 743	2 509 290	
744	813503
1	74
1 744	1 624	
745	813050
1	500
1 745	1 473	
746	811999
5	201 673 524 850 649
1 746	1 535	
747	812812
5	398 231 793 494 155
1 747	1 43	
748	813509
1	749
1 748	1 580	
749	813508
3	58 521 748
1 749	2 307 88	
750	812249
2	53 522
1 750	1 637	
751	813373
1	405
1 751	1 602	
752	812248
1	144
1 752	1 14	
753	813299
1	681
1 753	1 376	
754	812051
1	646
1 754	1 402	
755	812759
1	500
1 755	2 282 612	
756	814201
3	778 139 669
1 756	1 317	
757	814200
3	565 520 236
1 757	1 103	
758	811837
5	839 773 729 81 631
1 758	1 601	
759	811836
1	500
1 759	1 4	
760	811830
1	144
1 760	2 337 607	
761	814207
3	693 762 764
1 761	1 517	
762	814206
2	761 764
1 762	1 211	
763	814209
1	245
1 763	1 50	
764	814208
11	325 149 6 113 435 4 398 762 761 793 174
1 764	1 540	
765	815821
1	474
1 765	1 650	
766	812897
1	855
1 766	1 413	
767	813613
1	120
1 767	1 759	
768	813599
1	184
1 768	1 222	
769	813611
13	7 149 488 6 463 398 550 437 379 151 462 174 770
1 769	1 729	
770	813610
8	149 488 81 6 398 437 769 151
1 770	1 336	
771	812957
3	773 772 392
1 771	1 27	
772	812956
7	771 773 391 286 367 392 389
1 772	1 645	
773	812955
14	758 771 631 633 203 839 772 367 391 392 39 31 613 123
1 773	1 42	
774	812953
1	383
1 774	1 377	
775	815745
2	694 308
1 775	1 581	
776	813619
1	8
1 776	1 302	
777	813593
2	474 144
1 777	1 62	
778	814847
25	96 325 171 179 275 144 13 756 338 810 785 784 783 553 554 558 551 322 673 672 220 222 226 851 850
1 778	1 483	
779	814846
34	326 187 559 557 688 172 560 789 555 852 432 840 660 292 293 182 180 782 393 790 556 552 324 327 323 674 283 282 102 117 225 222 226 849
1 779	1 214	
780	814382
8	500 474 855 433 317 809 38 498
1 780	1 632	
781	814844
4	508 221 196 369
1 781	1 32	
782	814843
34	326 187 559 557 688 172 560 789 555 81 779 117 180 327 102 393 283 225 852 432 840 660 292 293 182 790 556 552 324 323 674 282 222 849
1 782	1 440	
783	814842
24	96 325 171 179 275 778 785 853 431 518 338 810 784 790 553 554 558 551 322 673 672 220 851 850
1 783	1 482	
784	814841
22	96 325 171 179 275 778 785 144 783 554 673 431 553 322 220 850 558 551 338 810 672 851
1 784	1 724	
785	814840
25	96 325 172 171 179 275 778 407 338 810 814 784 783 553 554 558 551 322 673 672 220 222 649 851 850
1 785	1 604	
786	814436
2	369 606
1 786	2 35 705	
787	814437
1	336
1 787	1 356	
788	814927
5	325 100 231 437 151
1 788	1 57	
789	814849
35	326 187 559 557 688 172 560 144 852 432 840 660 292 293 182 180 782 393 779 790 555 556 552 324 327 323 674 283 282 102 117 225 222 226 849
1 789	1 485	
790	814848
37	326 187 559 712 557 688 172 560 789 555 42 783 779 117 180 327 102 393 283 225 782 552 222 226 852 432 840 660 292 293 182 556 324 323 674 282 849
1 790	1 441	
791	813577
5	149 794 795 793 798
1 791	1 673	
792	813574
1	462
1 792	1 59	
793	813575
10	791 454 6 794 4 398 747 426 174 764
1 793	1 152	
794	813572
5	791 795 793 462 386
1 794	1 206	
795	813573
7	791 152 3 81 639 794 462
1 795	1 254	
796	813571
3	150 386 8
1 796	1 493	
797	812532
2	170 302
1 797	1 56	
798	813578
3	791 151 462
1 798	1 116	
799	813470
8	500 474 439 270 860 716 41 159
1 799	1 158	
800	815529
5	586 101 447 464 400
1 800	1 229	
801	815528
1	354
1 801	1 181	
802	813310
2	369 738
1 802	1 444	
803	815520
1	203
1 803	1 382	
804	813182
2	805 806
1 804	1 319	
805	813181
2	806 804
1 805	1 472	
806	813180
2	805 804
1 806	1 668	
807	814722
16	722 742 291 441 385 430 855 252 231 274 621 853 528 532 103 135
1 807	1 388	
808	814338
3	818 129 561
1 808	1 662	
809	814724
13	271 722 780 317 51 855 498 252 279 274 13 532 649
1 809	1 739	
810	814725
20	96 325 171 179 275 778 785 783 554 673 553 322 220 850 558 551 784 851 338 672
1 810	1 172	
811	814335
2	812 816
1 811	1 221	
812	814334
4	474 816 811 86
1 812	1 689	
813	814728
4	42 661 406 258
1 813	1 41	
814	814729
15	629 474 785 35 393 14 227 410 354 255 181 375 551 324 455
1 814	1 397	
815	814386
1	141
1 815	1 718	
816	814333
4	567 812 811 357
1 816	1 344	
817	814332
1	450
1 817	1 145	
818	815318
9	124 441 53 468 808 640 448 564 129
1 818	1 586	
819	812479
5	500 30 144 582 478
1 819	1 147	
820	815091
1	69
1 820	1 322	
821	815090
3	474 81 517
1 821	1 563	
822	814151
1	39
1 822	1 148	
823	814153
2	500 535
1 823	1 300	
824	814152
4	712 616 323 737
1 824	1 508	
825	812470
1	335
1 825	1 357	
826	814158
1	205
1 826	1 362	
827	815316
1	451
1 827	1 44	
828	815317
1	474
1 828	1 251	
829	813688
1	144
1 829	2 596 666	
830	815251
1	144
1 830	1 458	
831	815799
1	500
1 831	1 0	
832	815411
6	500 848 10 617 110 534
1 832	1 631	
833	815795
5	725 448 116 834 835
1 833	1 223	
834	815796
3	833 468 835
1 834	1 577	
835	815797
2	833 834
1 835	1 83	
836	815418
1	60
1 836	1 465	
837	813848
2	838 682
1 837	1 11	
838	813849
2	232 837
1 838	1 469	
839	812575
4	758 631 633 773
1 839	1 228	
840	813840
35	326 187 559 557 688 172 560 789 555 87 779 117 180 327 102 393 283 225 782 552 222 226 790 556 282 182 849 852 432 660 292 293 324 323 674
1 840	1 659	
841	815000
1	660
1 841	1 550	
842	813847
1	332
1 842	1 608	
843	813845
1	667
1 843	1 222	
844	815772
2	242 241
1 844	1 64	
845	815770
3	242 241 846
1 845	1 641	
846	815771
2	242 845
1 846	1 641	
847	815676
1	500
1 847	1 247	
848	812370
1	832
1 848	2 618 640	
849	815673
39	326 187 559 557 688 172 560 474 789 555 868 779 117 180 327 317 102 393 283 855 225 782 552 222 226 790 556 282 182 852 616 432 840 660 292 293 324 323 674
1 849	1 481	
850	815672
30	502 96 325 171 179 533 275 742 778 785 87 783 554 673 553 430 252 322 226 135 13 220 746 338 810 784 558 551 672 851
1 850	1 235	
851	815670
21	96 325 171 179 275 778 785 87 783 554 673 553 322 220 850 558 551 784 338 810 672
1 851	1 431	
852	812827
36	326 187 559 557 688 172 560 789 179 555 779 117 180 327 102 393 283 225 782 552 222 226 790 556 282 182 849 840 674 324 293 432 660 292 323 672
1 852	1 23	
853	812824
19	712 722 742 783 572 673 180 430 518 252 365 807 135 528 407 702 274 455 293
1 853	1 686	
854	812988
1	859
1 854	1 595	
855	812822
32	381 467 474 271 766 780 385 538 587 393 731 279 46 274 273 13 630 306 252 666 532 807 809 324 115 863 282 498 222 649 135 849
1 855	1 621	
856	812821
4	380 151 488 6
1 856	1 374	
857	815388
1	500
1 857	1 668	
858	812175
2	120 369
1 858	1 296	
859	812987
1	854
1 859	1 558	
860	815382
4	144 740 799 159
1 860	1 564	
861	815381
2	578 56
1 861	1 271	
862	812983
2	195 738
1 862	1 516	
863	815072
1	855
1 863	1 404	
864	815703
1	500
1 864	1 625	
865	815253
2	500 562
1 865	1 527	
866	815255
7	500 867 868 869 871 870 261
1 866	1 270	
867	815254
4	260 866 869 871
1 867	1 594	
868	815257
10	260 500 176 387 866 869 871 870 222 849
1 868	1 275	
869	815256
4	867 868 866 871
1 869	1 460	
870	815259
4	868 866 261 871
1 870	1 200	
871	815258
5	867 868 866 869 870
1 871	1 196	
872	815709
1	611
1 872	1 294	
761
0	COG0523	[R]
0 -1
1 831	1 0	
1	COG0178	[L]
3	248 586 466
1 564	1 1	
2	COG0419	[L]
1	262
1 684	1 2	
3	COG1131	[V]
1	263
1 262	1 3	
4	COG0176	[G]
0 -1
1 759	1 4	
5	COG1349	[KG]
0 -1
1 594	1 5	
6	COG1135	[P]
1	138
1 653	1 6	
7	COG0199	[J]
23	155 248 455 721 482 604 154 456 669 367 264 171 330 483 724 490 486 172 170 380 556 431 235
1 554	1 7	
8	COG1137	[R]
1	608
1 568	1 8	
9	COG1136	[V]
1	561
1 246	1 9	
10	COG0802	[R]
5	719 720 158 496 259
1 159	1 10	
11	COG1138	[O]
3	469 732 614
1 837	1 11	
12	COG0805	[U]
1	658
1 376	1 12	
13	COG1077	[D]
20	370 608 189 295 341 523 42 248 130 534 312 178 36 280 451 148 395 557 501 323
1 39	1 13	
14	COG0110	[R]
1	248
2 512 752	1 14	
15	COG0685	[E]
1	561
1 363	1 15	
16	COG1879	[G]
0 -1
1 487	1 16	
17	COG0722	[E]
1	561
2 98 423	1 17	
18	COG0442	[J]
7	505 424 620 402 115 606 284
1 646	1 18	
19	COG0443	[O]
10	48 422 325 664 561 511 131 739 685 85
3 373 205 271	1 19	
20	COG0441	[J]
5	734 257 561 632 606
1 433	1 20	
21	COG0330	[O]
2	142 63
1 126	1 21	
22	COG0444	[EP]
2	751 333
1 234	1 22	
23	COG0333	[J]
36	240 436 214 144 721 34 722 346 708 707 456 459 358 585 363 441 440 710 488 702 703 485 347 698 484 400 489 434 399 244 556 514 241 31 481 659
1 852	1 23	
24	COG2022	[H]
1	561
1 456	1 24	
25	COG2026	[JD]
1	324
1 167	1 25	
26	COG2181	[C]
2	42 645
1 367	1 26	
27	COG2180	[C]
2	42 645
2 391 771	1 27	
28	COG2182	[G]
7	124 608 561 511 89 130 237
1 70	1 28	
29	COG2980	[M]
1	173
1 484	1 29	
30	NOG07474	[L]
9	751 670 539 292 92 422 627 520 682
1 47	1 30	
31	COG0200	[J]
37	240 436 248 214 144 34 722 346 708 707 456 459 358 585 363 441 440 710 488 702 703 485 347 698 484 400 489 434 399 244 514 241 621 23 659 397 481
1 393	1 31	
32	COG0201	[U]
4	76 261 72 267
1 781	1 32	
33	COG0202	[K]
18	528 713 561 726 257 445 551 461 462 617 179 711 685 464 252 115 397 709
1 181	1 33	
34	COG0203	[J]
37	240 436 248 214 144 702 346 434 489 241 399 485 479 484 686 23 347 659 244 585 363 722 440 31 441 400 698 488 703 710 514 358 459 707 708 456 481
1 180	1 34	
35	COG0204	[I]
2	72 238
1 786	1 35	
36	COG0206	[D]
18	13 130 174 394 185 341 210 534 95 531 608 593 97 450 678 501 676 323
1 505	1 36	
37	COG0208	[F]
3	37 487 38
2 519 78	1 37	
38	COG0209	[F]
3	37 149 38
2 77 523	1 38	
39	COG0536	[R]
3	608 479 388
1 291	1 39	
40	COG0543	[HC]
2	713 99
1 364	1 40	
41	COG0532	[J]
4	328 667 243 131
1 813	1 41	
42	COG5013	[C]
12	370 13 185 341 645 26 27 323 306 601 352 228
2 773 389	1 42	
43	COG1558	[N]
5	606 457 152 115 215
1 747	1 43	
44	COG4973	[L]
1	304
1 827	1 44	
45	COG3017	[M]
1	532
1 541	1 45	
46	COG1553	[P]
2	266 522
1 676	1 46	
47	COG0538	[C]
1	608
1 701	1 47	
48	COG0539	[J]
10	155 19 483 248 621 264 739 205 243 235
1 13	1 48	
49	COG3977	[E]
1	248
1 490	1 49	
50	COG0029	[H]
1	146
1 763	1 50	
51	COG0540	[F]
2	561 294
1 611	1 51	
52	COG0439	[I]
8	386 328 134 185 667 651 164 675
1 641	1 52	
53	COG0389	[L]
2	382 191
2 21 165	1 53	
54	COG0021	[G]
1	621
1 666	1 54	
55	COG0024	[J]
2	288 526
1 97	1 55	
56	COG1977	[H]
2	480 128
1 797	1 56	
57	COG0546	[R]
5	191 700 457 171 752
1 788	1 57	
58	COG1515	[L]
6	133 105 339 357 466 161
1 335	1 58	
59	COG2201	[NT]
1	284
1 792	1 59	
60	COG3284	[QK]
1	647
1 416	1 60	
61	COG0735	[P]
0 -1
1 577	1 61	
62	COG1528	[P]
2	248 561
1 777	1 62	
63	COG1520	[S]
4	512 21 335 428
1 571	1 63	
64	NOG68182	[Z]
0 -1
1 844	1 64	
65	COG1702	[T]
7	695 467 457 679 586 260 93
1 124	1 65	
66	COG1706	[N]
2	634 700
1 148	1 66	
67	COG1256	[N]
4	700 198 752 699
1 644	1 67	
68	COG1705	[NU]
7	559 424 673 541 336 729 540
1 149	1 68	
69	COG1092	[R]
6	467 708 679 688 621 388
1 385	1 69	
70	COG0156	[H]
1	561
1 469	1 70	
71	COG0152	[F]
2	561 471
1 61	1 71	
72	COG0653	[U]
18	735 76 261 267 532 312 691 754 444 35 705 32 260 93 296 238 717 605
1 369	1 72	
73	COG0651	[CP]
2	442 692
1 65	1 73	
74	COG1686	[M]
0 -1
1 708	1 74	
75	COG0657	[I]
2	178 411
1 238	1 75	
76	COG1314	[U]
3	261 72 32
1 196	1 76	
77	COG1317	[NU]
2	461 462
1 9	1 77	
78	COG3279	[KT]
1	81
1 16	1 78	
79	COG1905	[C]
1	248
1 584	1 79	
80	COG1034	[C]
2	280 451
1 85	1 80	
81	COG3275	[T]
1	78
1 15	1 81	
82	COG3276	[J]
6	467 741 388 508 329 500
1 737	1 82	
83	COG4096	[V]
2	223 577
1 835	1 83	
84	COG3449	[L]
2	174 169
1 411	1 84	
85	COG1413	[C]
3	19 338 561
1 132	1 85	
86	COG3443	[R]
1	608
1 34	1 86	
87	COG3445	[R]
2	507 631
1 534	1 87	
88	COG3444	[G]
2	579 580
1 749	1 88	
89	COG1175	[G]
3	28 130 124
1 73	1 89	
90	COG4108	[J]
2	169 151
1 620	1 90	
91	COG3381	[R]
1	668
2 526 525	1 91	
92	COG0470	[L]
10	751 30 422 566 520 94 539 292 670 682
1 608	1 92	
93	COG1773	[C]
2	72 65
1 436	1 93	
94	COG3118	[O]
3	597 92 107
1 409	1 94	
95	COG3115	[D]
4	98 678 36 571
1 313	1 95	
96	COG1677	[NU]
2	493 206
1 386	1 96	
97	COG1674	[D]
7	169 174 263 267 98 693 36
1 503	1 97	
98	COG3116	[D]
7	366 95 97 135 267 435 693
1 734	1 98	
99	COG3112	[S]
7	528 445 713 40 464 741 397
1 629	1 99	
100	COG4166	[E]
0 -1
1 307	1 100	
101	COG4992	[E]
3	224 248 503
1 310	1 101	
102	COG1502	[I]
11	642 188 467 604 457 679 330 163 212 238 490
1 407	1 102	
103	COG1381	[L]
3	588 109 627
1 757	1 103	
104	COG1197	[LK]
1	711
1 244	1 104	
105	COG2974	[L]
2	133 58
1 136	1 105	
106	COG0361	[J]
2	556 235
1 502	1 106	
107	COG1830	[G]
1	94
1 714	1 107	
108	COG2979	[S]
1	608
1 49	1 108	
109	COG1195	[L]
1	103
1 520	1 109	
110	COG0571	[K]
1	248
1 298	1 110	
111	COG0270	[L]
1	510
1 637	1 111	
112	COG0272	[L]
2	166 288
1 314	1 112	
113	NOG04255	[K]
1	448
1 175	1 113	
114	COG0837	[G]
1	248
1 399	1 114	
115	COG1191	[K]
12	424 43 448 33 711 487 198 709 551 401 355 18
1 494	1 115	
116	COG0835	[NT]
3	700 673 284
1 798	1 116	
117	COG0834	[ET]
0 -1
3 361 421 330	1 117	
118	COG3188	[NU]
0 -1
2 273 241	1 118	
119	COG3062	[P]
0 -1
1 228	1 119	
120	COG3065	[M]
2	496 147
1 104	1 120	
121	COG3064	[M]
5	547 677 326 406 189
1 253	1 121	
122	COG3066	[L]
2	566 662
1 561	1 122	
123	NOG04361	[L]
1	229
1 447	1 123	
124	COG3833	[G]
3	28 130 89
1 72	1 124	
125	COG0578	[C]
1	496
1 614	1 125	
126	COG0579	[R]
0 -1
1 459	1 126	
127	COG0477	[GEPR]
0 -1
1 495	1 127	
128	COG0476	[H]
2	610 56
2 458 302	1 128	
129	COG0479	[C]
6	430 353 147 365 555 516
2 478 195	1 129	
130	COG3839	[G]
8	13 28 124 174 36 178 501 89
1 71	1 130	
131	COG0576	[O]
8	496 745 667 19 511 685 561 41
1 661	1 131	
132	COG0778	[C]
0 -1
1 319	1 132	
133	COG0776	[L]
12	58 133 397 429 343 105 710 207 161 466 380 223
4 725 192 336 14	1 133	
134	COG0777	[I]
5	328 224 52 697 675
1 88	1 134	
135	COG0772	[D]
6	366 267 98 678 693 435
1 506	1 135	
136	COG0773	[M]
1	291
1 510	1 136	
137	COG1596	[M]
2	290 509
1 741	1 137	
138	COG2011	[P]
1	6
1 652	1 138	
139	COG4999	[T]
0 -1
1 184	1 139	
140	COG0371	[C]
1	248
1 359	1 140	
141	COG0373	[H]
1	570
1 542	1 141	
142	COG0374	[C]
3	689 209 21
1 86	1 142	
143	COG0376	[P]
1	608
1 358	1 143	
144	COG0335	[J]
36	240 436 214 702 346 434 489 241 23 347 659 244 585 363 721 722 34 604 440 31 441 485 484 400 399 698 488 703 710 514 358 459 707 708 456 481
1 172	1 144	
145	COG0378	[OK]
1	542
1 817	1 145	
146	COG0379	[H]
1	50
1 245	1 146	
147	COG1053	[C]
10	248 129 120 203 365 555 516 444 430 353
2 738 819	1 147	
148	COG1426	[S]
1	13
1 822	1 148	
149	COG0695	[O]
1	38
1 142	1 149	
150	COG0692	[L]
1	300
1 535	1 150	
151	COG0691	[O]
3	758 169 90
1 569	1 151	
152	COG1352	[NT]
12	505 424 43 448 414 491 253 250 540 606 673 206
1 793	1 152	
153	COG1940	[KG]
2	538 248
2 281 37	1 153	
154	COG0050	[J]
24	155 455 721 482 604 171 561 367 483 7 380 486 707 264 359 330 172 724 170 490 514 556 431 235
1 220	1 154	
155	COG0052	[J]
25	48 367 248 455 330 172 721 604 724 482 483 486 7 170 490 171 264 380 556 154 708 456 561 431 235
1 96	1 155	
156	COG1944	[S]
1	754
1 52	1 156	
157	COG0054	[H]
2	651 164
1 595	1 157	
158	COG0057	[G]
6	10 257 530 561 691 259
1 799	1 158	
159	COG0508	[C]
2	248 687
2 137 480	1 159	
160	COG1580	[N]
2	680 559
1 5	1 160	
161	COG0058	[G]
12	429 437 279 343 439 586 58 133 461 462 393 223
2 680 448	1 161	
162	COG0505	[EF]
2	248 562
1 404	1 162	
163	COG0116	[L]
8	467 708 741 679 688 621 388 102
1 385	1 163	
164	COG0117	[H]
3	386 157 52
1 596	1 164	
165	COG2127	[S]
1	243
1 721	1 165	
166	NOG10808	[R]
1	112
1 581	1 166	
167	COG4215	[E]
0 -1
1 329	1 167	
168	COG0183	[I]
0 -1
1 513	1 168	
169	COG0187	[L]
8	174 97 572 84 310 563 90 151
2 93 517	1 169	
170	COG0186	[J]
21	740 155 455 721 482 604 154 367 264 171 330 483 724 490 486 7 380 235 172 556 431
1 558	1 170	
171	COG0185	[J]
28	620 621 174 155 248 455 721 482 604 154 367 264 348 284 540 330 172 724 483 486 7 170 490 380 556 57 431 235
1 325	1 171	
172	COG0184	[J]
20	155 455 721 482 604 154 367 264 171 330 483 724 490 486 7 170 556 380 431 235
1 810	1 172	
173	COG1452	[M]
2	608 29
1 374	1 173	
174	COG0188	[L]
23	620 130 601 171 561 341 36 572 487 534 336 84 244 174 585 440 563 169 592 627 97 681 593
2 81 107	1 174	
175	COG4594	[P]
2	539 670
1 697	1 175	
176	COG1454	[C]
1	244
1 57	1 176	
177	NOG08124	[S]
1	216
1 288	1 177	
178	COG2909	[K]
9	13 130 394 301 75 511 395 323 501
1 675	1 178	
179	COG2901	[KL]
4	343 439 33 586
1 640	1 179	
180	COG0636	[C]
3	594 275 591
1 260	1 180	
181	COG0604	[CR]
1	685
1 801	1 181	
182	COG0605	[P]
0 -1
1 590	1 182	
183	COG0607	[P]
2	237 561
1 678	1 183	
184	COG1221	[KT]
2	216 617
1 290	1 184	
185	COG1220	[O]
11	386 608 341 52 42 691 676 36 280 451 675
1 123	1 185	
186	COG0608	[L]
5	521 461 462 627 393
1 453	1 186	
187	COG1734	[T]
2	257 685
1 278	1 187	
188	COG0594	[J]
5	688 479 741 388 102
1 103	1 188	
189	COG3203	[M]
6	13 608 326 208 417 121
3 163 394 457	1 189	
190	COG4531	[P]
1	608
1 647	1 190	
191	COG0592	[L]
7	751 292 670 53 539 57 520
1 100	1 191	
192	COG0593	[L]
1	229
1 101	1 192	
193	COG2264	[J]
1	707
1 643	1 193	
194	COG2265	[J]
1	248
1 444	1 194	
195	COG3414	[G]
1	743
1 718	1 195	
196	COG0712	[C]
5	270 594 275 460 200
1 871	1 196	
197	COG2834	[M]
2	340 609
1 496	1 197	
198	COG3418	[NUO]
3	374 67 115
1 380	1 198	
199	COG2816	[L]
1	248
1 460	1 199	
200	COG0711	[C]
4	591 270 275 196
1 870	1 200	
201	COG0377	[C]
2	280 451
1 186	1 201	
202	NOG148384	[?]
1	389
1 27	1 202	
203	NOG06669	[R]
3	496 608 147
1 656	1 203	
204	COG0740	[OU]
5	745 608 257 243 420
1 143	1 204	
205	COG1643	[L]
5	48 751 457 479 500
2 277 528	1 205	
206	COG3143	[NT]
5	254 96 673 152 284
1 794	1 206	
207	COG1640	[G]
2	429 133
1 449	1 207	
208	COG3025	[S]
1	189
1 579	1 208	
209	COG1127	[Q]
1	142
1 566	1 209	
210	COG3027	[S]
2	678 36
1 214	1 210	
211	COG3026	[T]
2	517 540
1 762	1 211	
212	COG2990	[S]
4	467 741 102 388
1 724	1 212	
213	COG1060	[HR]
1	561
1 106	1 213	
214	COG1841	[J]
34	240 436 702 346 434 489 241 144 399 485 484 23 347 659 244 585 363 722 34 440 31 441 400 698 488 703 710 514 358 459 707 708 456 481
1 779	1 214	
215	COG1843	[N]
2	43 653
1 155	1 215	
216	COG1842	[KT]
3	655 177 184
1 289	1 216	
217	COG1845	[C]
2	672 738
1 704	1 217	
218	COG4138	[H]
2	744 219
1 188	1 218	
219	COG4139	[H]
2	744 218
1 191	1 219	
220	NOG07433	[?]
1	341
1 285	1 220	
221	COG0309	[O]
2	689 344
1 811	1 221	
222	COG2197	[TK]
1	377
6 461 230 514 768 383 843	1 222	
223	COG0732	[V]
6	343 439 161 133 577 83
1 833	1 223	
224	COG2195	[E]
7	134 631 101 383 706 701 574
2 169 110	1 224	
225	COG0167	[F]
1	275
1 387	1 225	
226	COG2190	[G]
1	465
2 60 612	1 226	
227	COG0737	[F]
1	471
1 239	1 227	
228	COG0303	[H]
4	306 601 42 352
1 839	1 228	
229	COG0305	[L]
5	192 409 539 123 476
1 800	1 229	
230	COG0304	[IQ]
1	238
2 686 607	1 230	
231	COG2198	[T]
0 -1
4 492 421 639 184	1 231	
232	COG2199	[T]
0 -1
2 491 438	1 232	
233	NOG07195	[S]
8	346 619 741 679 441 688 508 686
1 712	1 233	
234	COG1064	[R]
0 -1
1 689	1 234	
235	COG0238	[J]
29	48 740 155 467 455 721 482 604 154 456 741 367 264 171 330 483 106 724 688 490 486 7 170 556 380 431 479 535 172
1 850	1 235	
236	COG0696	[G]
1	755
1 598	1 236	
237	COG0234	[O]
4	28 608 561 183
1 471	1 237	
238	COG0236	[IQ]
13	642 242 543 327 72 593 102 304 479 230 630 35 705
1 606	1 238	
239	COG0231	[J]
0 -1
1 739	1 239	
240	COG0230	[J]
35	702 346 434 489 241 144 399 654 485 484 214 436 34 703 23 347 659 244 299 585 363 722 440 31 441 400 698 488 710 514 358 459 707 708 481
1 102	1 240	
241	COG0233	[J]
32	240 436 214 144 34 722 346 708 707 358 585 363 441 440 710 488 702 703 485 347 698 484 400 489 434 399 556 514 23 659 31 481
1 688	1 241	
242	COG0015	[F]
1	238
1 105	1 242	
243	COG0542	[O]
11	48 695 745 204 656 345 504 593 41 165 244
2 406 401	1 243	
244	COG0541	[U]
38	695 176 174 240 436 214 144 34 722 346 345 664 707 358 585 363 441 440 710 488 702 703 608 485 347 243 395 698 484 400 489 434 399 550 31 481 659 23
1 660	1 244	
245	COG0016	[J]
3	499 760 561
1 190	1 245	
246	COG0010	[E]
1	474
1 547	1 246	
247	COG0545	[O]
0 -1
1 847	1 247	
248	COG0544	[O]
71	48 419 153 13 372 194 749 155 702 434 489 171 399 199 62 485 721 714 79 688 484 483 337 607 162 562 14 704 147 159 695 532 503 700 461 462 438 596 666 691 114 110 432 748 395 330 722 34 724 31 7 400 490 698 488 703 710 264 380 101 49 357 459 458 420 140 708 664 456 1 401
1 144	1 248	
249	COG1012	[C]
0 -1
2 50 57	1 249	
250	COG1013	[C]
1	152
1 454	1 250	
251	COG1011	[R]
1	561
1 828	1 251	
252	NOG13359	[D]
5	429 33 711 709 685
1 24	1 252	
253	COG1014	[C]
1	152
1 454	1 253	
254	COG0784	[T]
4	559 746 206 284
5 492 421 639 795 184	1 254	
255	COG0781	[K]
1	264
1 602	1 255	
256	COG0783	[P]
1	486
1 609	1 256	
257	COG0782	[K]
7	204 33 187 20 158 691 709
2 270 193	1 257	
258	COG0396	[O]
1	661
1 679	1 258	
259	COG0425	[O]
3	10 543 158
1 41	1 259	
260	COG0426	[C]
2	72 65
1 436	1 260	
261	COG0690	[U]
3	76 72 32
1 221	1 261	
262	COG0420	[L]
1	2
1 703	1 262	
263	COG0391	[S]
2	3 97
1 465	1 263	
264	COG0051	[J]
23	48 155 248 455 721 482 604 154 367 171 483 7 380 486 255 330 172 724 170 490 556 431 235
1 322	1 264	
265	COG2169	[F]
1	685
1 1	1 265	
266	COG2168	[P]
2	46 522
1 671	1 266	
267	COG1589	[M]
11	443 366 477 72 32 97 135 98 693 678 435
1 508	1 267	
268	COG2161	[D]
1	552
1 296	1 268	
269	COG2166	[R]
1	602
2 425 405	1 269	
270	COG0055	[C]
7	591 608 594 275 460 196 200
1 866	1 270	
271	COG1490	[J]
2	743 331
1 861	1 271	
272	COG2731	[G]
0 -1
1 210	1 272	
273	COG1304	[C]
1	322
1 69	1 273	
274	COG1264	[G]
0 -1
2 604 612	1 274	
275	COG0056	[C]
10	714 708 180 225 608 270 481 460 196 200
1 868	1 275	
276	COG1261	[NO]
2	461 462
1 156	1 276	
277	COG1263	[G]
0 -1
2 604 612	1 277	
278	COG1309	[K]
0 -1
1 160	1 278	
279	COG0648	[L]
2	385 161
1 114	1 279	
280	COG0649	[C]
4	13 185 201 80
1 585	1 280	
281	COG2226	[H]
1	608
1 342	1 281	
282	COG0506	[E]
1	608
1 755	1 282	
283	COG0642	[T]
1	349
16 300 66 328 347 492 421 445 108 634 639 134 130 370 184 339 592	1 283	
284	COG0643	[NT]
10	171 487 752 395 254 18 729 59 206 116
1 462	1 284	
285	COG1063	[ER]
1	561
2 720 601	1 285	
286	COG0533	[O]
1	740
1 337	1 286	
287	COG0492	[O]
1	608
1 504	1 287	
288	COG0495	[J]
5	55 112 461 462 526
1 485	1 288	
289	COG0494	[LR]
0 -1
1 430	1 289	
290	COG3206	[M]
1	137
1 743	1 290	
291	COG1109	[G]
2	445 136
1 197	1 291	
292	COG1466	[L]
9	751 30 191 566 520 539 670 92 682
1 483	1 292	
293	COG1464	[P]
1	496
1 645	1 293	
294	COG1781	[F]
1	51
1 872	1 294	
295	COG0621	[J]
3	13 511 323
1 125	1 295	
296	COG1785	[P]
2	608 72
1 858	1 296	
297	COG1162	[R]
1	315
1 158	1 297	
298	COG1160	[R]
1	489
1 570	1 298	
299	COG1166	[E]
2	240 367
1 548	1 299	
300	COG0105	[F]
2	608 150
1 823	1 300	
301	COG1168	[E]
1	178
1 212	1 301	
302	COG1766	[NU]
1	620
1 776	1 302	
303	COG1760	[E]
0 -1
1 685	1 303	
304	COG4974	[L]
3	593 238 44
1 451	1 304	
305	COG1762	[GT]
0 -1
1 719	1 305	
306	COG1763	[H]
4	601 228 42 352
1 631	1 306	
307	COG2893	[G]
2	579 580
1 749	1 307	
308	COG2891	[M]
1	557
1 216	1 308	
309	COG5569	[S]
1	616
1 333	1 309	
310	COG2896	[H]
1	169
1 466	1 310	
311	COG2895	[P]
1	334
1 540	1 311	
312	COG2894	[D]
5	13 72 561 449 450
1 627	1 312	
313	COG4172	[R]
2	751 405
1 109	1 313	
314	COG0028	[EH]
1	561
1 730	1 314	
315	COG1806	[S]
1	297
1 422	1 315	
316	COG1802	[K]
0 -1
1 615	1 316	
317	COG1159	[R]
3	340 483 757
1 756	1 317	
318	COG0446	[R]
1	645
1 286	1 318	
319	COG2864	[C]
0 -1
1 804	1 319	
320	COG2861	[S]
1	608
1 599	1 320	
321	COG2943	[M]
1	642
1 33	1 321	
322	COG0752	[J]
1	273
1 820	1 322	
323	COG1117	[P]
13	370 13 394 295 745 511 425 561 36 395 42 501 178
1 613	1 323	
324	COG3077	[L]
1	25
1 19	1 324	
325	COG0822	[C]
3	19 504 543
1 208	1 325	
326	COG0823	[U]
5	735 189 532 121 609
1 254	1 326	
327	COG0824	[R]
2	642 238
1 250	1 327	
328	COG0825	[I]
7	134 41 52 441 667 697 675
1 42	1 328	
329	COG0826	[O]
4	340 508 82 481
2 657 616	1 329	
330	COG0828	[J]
23	155 248 455 721 482 604 154 367 264 171 688 483 7 380 486 235 102 170 490 724 431 172 556
1 338	1 330	
331	COG3078	[S]
2	675 271
1 56	1 331	
332	COG1282	[C]
1	376
1 681	1 332	
333	COG1281	[O]
2	22 556
1 217	1 333	
334	COG0175	[EH]
1	311
2 655 539	1 334	
335	COG4105	[R]
1	63
1 408	1 335	
336	COG1516	[NUO]
9	424 174 468 68 700 634 606 752 729
1 770	1 336	
337	COG0460	[E]
1	248
1 760	1 337	
338	COG0462	[FE]
7	445 669 694 518 85 503 397
1 410	1 338	
339	COG0465	[O]
2	723 58
1 266	1 339	
340	COG0466	[O]
6	695 197 676 317 329 345
1 139	1 340	
341	COG0468	[L]
13	382 370 13 174 185 390 608 561 511 36 220 42 395
1 203	1 341	
342	COG0469	[G]
0 -1
1 650	1 342	
343	COG0749	[L]
6	429 740 133 179 223 161
1 116	1 343	
344	COG0298	[O]
4	635 636 221 689
1 816	1 344	
345	COG0293	[J]
4	340 243 244 664
1 198	1 345	
346	COG0292	[J]
37	240 436 214 144 34 722 702 241 23 347 659 688 244 619 585 363 440 31 441 485 484 400 489 434 399 698 488 703 710 514 233 358 459 707 708 456 481
1 187	1 346	
347	COG0291	[J]
33	240 436 214 144 34 722 346 708 707 459 358 585 363 441 440 710 488 702 703 485 434 489 241 399 484 31 698 400 481 659 514 23 244
1 432	1 347	
348	COG0290	[J]
8	621 467 482 171 724 688 380 503
1 431	1 348	
349	COG0745	[TK]
1	283
13 299 301 166 346 215 446 635 544 131 658 127 593 549	1 349	
350	COG0744	[M]
1	366
1 17	1 350	
351	COG0747	[E]
0 -1
1 443	1 351	
352	COG0746	[H]
3	306 42 228
1 633	1 352	
353	COG2009	[C]
3	129 430 147
1 582	1 353	
354	COG2771	[K]
0 -1
1 269	1 354	
355	COG2001	[S]
2	683 115
1 732	1 355	
356	COG1609	[K]
0 -1
3 787 731 119	1 356	
357	COG0266	[L]
2	248 58
2 825 713	1 357	
358	COG0267	[J]
34	240 436 214 144 34 722 346 708 707 456 459 702 434 489 241 399 485 484 703 31 23 347 659 244 585 363 440 441 400 698 488 710 514 481
1 283	1 358	
359	COG0264	[J]
3	154 608 514
1 690	1 359	
360	COG0265	[O]
1	517
2 693 497	1 360	
361	COG0348	[C]
1	545
1 235	1 361	
362	COG0260	[E]
0 -1
1 826	1 362	
363	COG0261	[J]
35	240 436 214 144 34 722 346 708 707 459 358 585 702 434 489 241 399 485 484 703 31 440 698 441 400 481 659 514 488 686 23 347 244 710 556
1 293	1 363	
364	COG0347	[E]
5	379 622 364 646 578
2 696 440	1 364	
365	COG3080	[C]
3	129 147 555
1 735	1 365	
366	COG3087	[D]
7	350 267 98 693 135 678 435
1 122	1 366	
367	COG0268	[J]
22	155 455 721 482 604 154 171 654 299 330 172 724 483 486 7 170 490 264 380 556 431 235
1 275	1 367	
368	COG0126	[G]
5	597 632 739 500 481
1 317	1 368	
369	COG1027	[E]
1	379
1 470	1 369	
370	COG0689	[J]
5	511 341 42 13 323
1 31	1 370	
371	COG1024	[I]
0 -1
2 362 516	1 371	
372	COG1435	[F]
2	248 608
1 54	1 372	
373	COG1028	[IQR]
0 -1
1 605	1 373	
374	COG1344	[N]
4	424 700 198 634
1 856	1 374	
375	COG0683	[E]
1	608
2 353 355	1 375	
376	COG3288	[C]
1	332
1 753	1 376	
377	COG3850	[T]
1	222
2 667 774	1 377	
378	COG3851	[T]
0 -1
1 515	1 378	
379	COG3852	[T]
3	364 727 369
1 68	1 379	
380	COG0049	[J]
27	155 248 455 721 482 604 154 456 367 264 171 330 483 724 348 492 490 486 7 170 556 133 535 686 172 431 235
1 673	1 380	
381	COG0514	[L]
6	459 461 462 393 627 682
1 576	1 381	
382	COG1974	[KT]
2	53 341
2 22 803	1 382	
383	COG0516	[F]
2	224 574
1 372	1 383	
384	COG0045	[C]
2	608 756
1 479	1 384	
385	COG0042	[J]
1	279
1 625	1 385	
386	COG0511	[I]
6	52 667 185 675 651 164
1 36	1 386	
387	COG0512	[EH]
1	624
1 74	1 387	
388	COG0513	[LKJ]
22	642 188 467 708 457 741 679 743 39 758 488 69 163 632 621 739 503 479 82 400 490 212
3 498 532 807	1 388	
389	NOG11590	[?]
1	202
1 28	1 389	
390	COG2137	[R]
1	341
1 202	1 390	
391	COG3550	[R]
1	649
1 133	1 391	
392	COG4206	[H]
1	548
1 79	1 392	
393	COG0328	[L]
7	461 519 521 161 186 627 381
1 530	1 393	
394	COG0191	[G]
6	561 511 501 178 36 323
2 315 717	1 394	
395	COG0192	[H]
13	424 13 745 248 683 341 541 561 178 284 729 244 323
1 550	1 395	
396	COG0193	[J]
1	696
1 417	1 396	
397	COG0195	[K]
14	133 528 33 604 711 488 685 464 338 709 561 490 99 31
1 814	1 397	
398	COG0196	[H]
1	426
1 382	1 398	
399	COG0197	[J]
36	240 436 248 214 144 34 722 346 708 707 456 459 358 585 363 441 440 710 488 702 703 485 347 698 484 400 489 434 241 23 659 244 31 514 556 481
1 560	1 399	
400	COG0198	[J]
36	240 436 248 214 144 34 722 346 708 707 456 459 358 585 363 441 440 710 488 702 703 485 347 388 698 484 434 489 241 399 31 23 659 244 514 481
1 556	1 400	
401	COG1509	[E]
6	559 424 248 115 729 532
1 463	1 401	
402	COG0014	[E]
1	18
1 754	1 402	
403	COG3105	[S]
1	495
1 420	1 403	
404	COG4608	[E]
1	621
1 863	1 404	
405	COG2890	[J]
2	537 313
2 413 610	1 405	
406	COG1729	[S]
1	121
1 511	1 406	
407	COG0633	[C]
1	543
1 204	1 407	
408	COG0632	[L]
2	414 546
1 427	1 408	
409	COG1484	[L]
1	229
1 400	1 409	
410	COG0637	[R]
0 -1
2 729 200	1 410	
411	COG1486	[G]
1	75
1 665	1 411	
412	COG1330	[L]
2	502 426
1 185	1 412	
413	COG2200	[T]
1	621
2 630 766	1 413	
414	COG2255	[L]
5	511 420 561 152 408
1 426	1 414	
415	COG2822	[P]
1	608
1 164	1 415	
416	COG2820	[F]
1	608
1 343	1 416	
417	COG2825	[M]
5	467 189 532 500 479
1 728	1 417	
418	COG1250	[I]
0 -1
2 362 516	1 418	
419	COG3131	[P]
1	248
1 29	1 419	
420	COG1158	[K]
6	204 248 445 678 414 685
1 499	1 420	
421	COG1651	[O]
1	613
1 452	1 421	
422	COG1653	[G]
4	30 92 19 539
1 112	1 422	
423	COG3033	[E]
1	608
1 384	1 423	
424	COG1157	[NU]
16	505 374 468 68 18 700 152 448 115 336 729 620 540 395 606 401
1 6	1 424	
425	COG1154	[HI]
1	323
1 305	1 425	
426	COG0507	[L]
4	502 412 461 398
1 419	1 426	
427	COG4772	[P]
1	581
1 308	1 427	
428	COG4775	[M]
3	512 638 63
1 692	1 428	
429	COG2916	[R]
12	133 207 627 637 466 736 252 429 161 586 343 439
2 53 522	1 429	
430	COG2142	[C]
3	129 353 147
1 30	1 430	
431	COG0360	[J]
21	740 155 455 721 482 604 154 367 264 171 330 483 724 490 486 7 170 556 380 235 172
1 851	1 431	
432	COG1854	[T]
1	248
1 294	1 432	
433	COG1226	[P]
0 -1
1 306	1 433	
434	COG0255	[J]
35	240 436 248 214 144 34 722 346 708 707 456 459 358 585 363 441 440 710 488 702 703 485 347 698 484 400 489 241 23 659 244 31 399 514 481
1 559	1 434	
435	COG2919	[D]
5	366 135 267 98 693
1 536	1 435	
436	COG0254	[J]
32	240 702 346 434 489 241 144 399 485 484 214 23 347 659 244 585 363 722 34 440 31 441 400 698 488 703 710 514 358 707 708 481
1 117	1 436	
437	COG0708	[L]
1	161
1 67	1 437	
438	COG0259	[H]
1	248
1 670	1 438	
439	COG0258	[L]
5	429 740 179 223 161
1 116	1 439	
440	COG0257	[J]
34	174 240 436 214 144 34 722 346 708 707 459 358 585 363 441 702 434 489 241 399 485 484 703 31 23 347 659 244 400 698 488 710 514 481
1 782	1 440	
441	COG0256	[J]
37	328 240 436 214 144 34 722 346 482 708 707 456 459 358 585 363 702 434 233 489 241 399 485 484 703 31 440 698 23 347 659 244 400 488 710 514 481
1 790	1 441	
442	COG0707	[M]
2	73 692
1 507	1 442	
443	COG0706	[U]
1	267
1 90	1 443	
444	COG5339	[S]
2	72 147
1 802	1 444	
445	COG0250	[K]
13	528 597 33 291 99 561 476 464 338 420 470 711 709
1 224	1 445	
446	COG3727	[L]
1	566
1 636	1 446	
447	NOG07456	[N]
2	448 532
1 194	1 447	
448	NOG07455	[K]
8	424 620 152 115 540 729 447 113
1 174	1 448	
449	COG0851	[D]
1	312
1 626	1 449	
450	COG0850	[D]
2	36 312
1 628	1 450	
451	COG0852	[C]
4	13 185 201 80
1 585	1 451	
452	COG0855	[P]
1	621
1 587	1 452	
453	COG3095	[D]
2	544 593
1 396	1 453	
454	COG0857	[R]
2	561 527
1 562	1 454	
455	COG0228	[J]
20	155 171 367 330 172 721 604 724 482 483 486 7 170 490 264 380 556 154 431 235
1 171	1 455	
456	COG0222	[J]
35	740 155 248 214 144 34 722 346 708 664 707 702 434 489 399 561 485 484 483 7 380 703 31 358 698 23 659 585 441 400 490 488 710 235 481
1 226	1 456	
457	COG0220	[R]
7	43 65 487 205 102 388 57
1 231	1 457	
458	COG0226	[P]
1	248
1 830	1 458	
459	COG0227	[J]
33	240 248 214 144 34 722 346 708 707 702 434 489 399 485 484 486 703 31 358 621 440 698 441 400 23 347 659 585 363 488 710 381 481
1 282	1 459	
460	COG0224	[C]
4	270 594 275 196
1 869	1 460	
461	COG0550	[L]
17	77 248 276 33 393 461 462 426 381 627 520 682 288 540 186 161 709
2 318 435	1 461	
462	COG0551	[L]
12	77 248 276 33 461 627 288 540 186 161 381 709
1 435	1 462	
463	COG0562	[M]
1	561
1 280	1 463	
464	COG0553	[KL]
7	528 33 445 711 99 397 709
1 375	1 464	
465	COG0554	[C]
1	226
1 836	1 465	
466	COG0556	[L]
7	429 586 58 133 577 567 1
1 468	1 466	
467	COG0557	[K]
18	492 65 688 348 758 69 163 621 741 82 388 417 679 212 686 102 500 235
1 135	1 467	
468	COG3951	[MNO]
7	559 424 673 541 336 729 540
1 149	1 468	
469	COG2332	[O]
2	560 11
1 838	1 469	
470	COG0796	[M]
1	445
1 428	1 470	
471	COG0414	[H]
2	71 227
1 403	1 471	
472	COG0437	[C]
0 -1
1 805	1 472	
473	COG2077	[O]
1	608
1 745	1 473	
474	COG2171	[E]
2	608 246
1 95	1 474	
475	COG4565	[KT]
1	598
1 662	1 475	
476	COG0358	[L]
2	445 229
1 586	1 476	
477	COG2177	[D]
2	267 678
1 351	1 477	
478	COG0316	[S]
0 -1
1 207	1 478	
479	COG0317	[TK]
10	188 34 39 593 205 388 238 500 417 235
1 742	1 479	
480	COG0314	[H]
1	56
1 170	1 480	
481	COG0359	[J]
39	240 436 214 144 34 722 346 708 707 456 459 358 585 363 441 368 440 710 488 702 703 485 347 561 698 484 400 489 434 399 244 329 514 241 31 275 621 23 659
1 849	1 481	
482	COG0099	[J]
23	155 455 721 171 367 483 604 686 348 330 172 724 441 486 7 170 490 264 380 556 154 431 235
1 783	1 482	
483	COG0098	[J]
25	48 155 248 455 721 482 604 154 708 456 367 264 171 330 317 172 724 486 7 170 490 380 556 431 235
1 778	1 483	
484	COG0094	[J]
35	240 436 248 214 144 34 722 346 708 707 456 459 358 585 363 441 440 710 488 702 703 485 347 698 434 489 241 399 23 659 244 31 400 514 481
1 555	1 484	
485	COG0097	[J]
35	240 436 248 214 144 34 722 346 708 707 456 459 358 585 363 441 440 710 488 702 703 434 489 241 399 23 347 659 244 31 484 400 698 514 481
1 789	1 485	
486	COG0096	[J]
23	155 455 721 482 604 154 708 256 367 459 264 171 330 483 724 490 7 380 172 170 556 431 235
1 553	1 486	
487	COG2747	[KNU]
7	37 174 746 457 115 729 284
1 379	1 487	
488	COG0090	[J]
40	740 240 436 248 214 144 34 722 346 708 707 456 459 358 585 363 441 440 710 702 434 489 241 399 485 484 703 31 621 698 400 481 397 659 514 23 347 388 244 709
1 324	1 488	
489	COG0093	[J]
36	240 436 248 214 144 34 722 346 708 707 456 459 358 585 363 441 440 710 488 702 703 485 347 698 484 400 434 241 23 659 298 244 31 399 514 481
1 557	1 489	
490	COG0092	[J]
25	155 248 455 721 482 604 154 456 367 264 171 330 483 724 102 388 7 380 486 235 170 397 172 556 431
1 551	1 490	
491	COG0674	[C]
1	152
1 454	1 491	
492	COG1278	[K]
7	492 741 739 500 467 380 686
6 48 572 722 489 518 51	1 492	
493	COG1377	[NU]
3	620 750 96
1 796	1 493	
494	COG0673	[R]
1	669
1 219	1 494	
495	COG1271	[C]
3	495 403 549
2 264 476	1 495	
496	COG0076	[E]
8	561 293 203 131 496 125 120 10
2 740 118	1 496	
497	COG3250	[G]
0 -1
2 211 248	1 497	
498	COG1925	[G]
2	648 506
2 356 58	1 498	
499	COG0073	[R]
2	561 245
1 189	1 499	
500	COG1923	[R]
14	492 467 604 741 743 368 758 205 479 621 82 739 535 417
1 649	1 500	
501	COG0071	[O]
8	13 130 394 534 36 323 178 501
2 699 698	1 501	
502	COG1074	[L]
2	412 426
1 183	1 502	
503	COG2214	[O]
9	695 248 101 702 593 338 348 535 388
1 524	1 503	
504	COG1076	[O]
4	745 684 325 243
1 206	1 504	
505	COG1886	[NU]
7	559 541 424 18 152 540 606
1 4	1 505	
506	COG2213	[G]
2	498 648
1 638	1 506	
507	COG1882	[C]
2	631 87
1 10	1 507	
508	COG0820	[R]
4	710 233 329 82
1 824	1 508	
509	COG0489	[D]
1	137
1 743	1 509	
510	COG0486	[R]
1	111
1 91	1 510	
511	COG0484	[O]
11	370 28 394 295 341 19 414 131 178 685 323
1 272	1 511	
512	COG3317	[M]
2	63 428
1 62	1 512	
513	COG3468	[MU]
0 -1
1 173	1 513	
514	COG0480	[J]
34	240 436 214 144 34 722 346 154 708 707 358 585 363 441 440 710 488 702 703 608 485 347 698 484 400 489 434 399 241 31 481 359 659 23
1 674	1 514	
515	COG0481	[M]
3	707 584 556
1 320	1 515	
516	COG3047	[M]
2	129 147
1 862	1 516	
517	COG3073	[T]
3	360 211 540
1 761	1 517	
518	COG3070	[K]
2	669 338
1 622	1 518	
519	COG1198	[L]
2	627 393
1 619	1 519	
520	COG2927	[L]
10	751 30 191 461 627 292 670 92 682 539
1 344	1 520	
521	COG2925	[L]
3	627 393 186
1 412	1 521	
522	COG2923	[P]
2	266 46
1 677	1 522	
523	COG2921	[S]
2	13 608
1 706	1 523	
524	COG1190	[J]
0 -1
1 240	1 524	
525	COG1902	[C]
1	645
1 286	1 525	
526	COG2203	[T]
2	55 288
1 438	1 526	
527	COG1207	[M]
3	608 573 454
1 865	1 527	
528	COG1758	[K]
11	99 608 561 445 551 464 685 397 33 711 709
1 35	1 528	
529	COG2882	[NUO]
1	729
1 7	1 529	
530	COG1204	[R]
1	158
1 439	1 530	
531	COG2884	[D]
1	36
1 350	1 531	
532	COG2885	[M]
7	248 447 326 45 72 401 417
3 251 624 575	1 532	
533	COG1042	[C]
1	621
1 538	1 533	
534	COG1816	[F]
5	13 174 608 501 36
1 218	1 534	
535	COG1044	[M]
5	619 503 500 380 235
1 746	1 535	
536	NOG05217	[S]
1	621
1 381	1 536	
537	COG0216	[J]
1	405
1 543	1 537	
538	COG3228	[S]
1	153
1 32	1 538	
539	COG2812	[L]
11	751 30 191 422 520 292 670 229 92 682 175
1 464	1 539	
540	COG1595	[K]
15	505 424 581 468 68 448 171 461 462 709 551 517 211 606 152
2 764 694	1 540	
541	COG1684	[NU]
5	505 468 68 395 606
1 267	1 541	
542	COG1047	[O]
1	145
1 450	1 542	
543	COG1104	[E]
5	325 593 238 407 259
1 209	1 543	
544	COG3006	[D]
2	453 593
1 352	1 544	
545	COG3005	[C]
1	361
2 233 527	1 545	
546	COG0817	[L]
1	408
1 429	1 546	
547	COG0811	[U]
2	677 121
2 247 700	1 547	
548	COG0810	[M]
2	742 392
1 309	1 548	
549	COG1294	[C]
1	495
1 475	1 549	
550	COG0552	[U]
1	244
1 841	1 550	
551	COG3160	[K]
8	528 33 711 685 709 115 540 617
1 113	1 551	
552	COG4115	[S]
1	268
1 723	1 552	
553	COG1862	[U]
1	674
1 371	1 553	
554	NOG05448	[S]
1	715
1 600	1 554	
555	COG3029	[C]
3	365 129 147
1 736	1 555	
556	COG0048	[J]
29	155 455 721 722 482 604 333 154 707 367 363 264 171 330 483 106 724 490 486 7 170 399 241 380 235 23 431 515 172
1 672	1 556	
557	COG1792	[M]
2	13 308
1 40	1 557	
558	COG0159	[E]
1	595
1 859	1 558	
559	COG1868	[N]
10	700 468 68 254 620 160 505 752 606 401
1 3	1 559	
560	COG0755	[O]
1	469
1 232	1 560	
561	COG0459	[O]
62	528 71 28 174 394 155 17 496 737 623 745 714 656 33 499 760 245 341 154 445 456 711 9 285 51 733 19 463 685 15 62 600 414 20 24 213 158 70 237 690 314 754 568 621 312 691 590 573 454 587 131 689 632 395 397 183 563 85 323 251 481 650
1 474	1 561	
562	COG0458	[EF]
2	248 162
1 501	1 562	
563	COG0751	[J]
3	174 561 169
1 821	1 563	
564	COG0454	[KR]
0 -1
2 538 860	1 564	
565	COG1129	[G]
0 -1
1 25	1 565	
566	COG0323	[L]
6	446 292 586 92 662 122
1 129	1 566	
567	COG0322	[L]
1	466
1 321	1 567	
568	COG0320	[H]
1	561
1 705	1 568	
569	COG0033	[G]
1	706
1 573	1 569	
570	COG0001	[H]
1	141
1 20	1 570	
571	COG2194	[R]
1	95
1 341	1 571	
572	COG3024	[S]
2	174 169
1 368	1 572	
573	COG0280	[C]
2	561 527
1 562	1 573	
574	COG0006	[E]
2	224 383
1 213	1 574	
575	COG0282	[C]
0 -1
1 563	1 575	
576	COG1960	[I]
1	619
1 365	1 576	
577	COG0286	[V]
3	466 223 83
1 834	1 577	
578	COG0004	[P]
1	364
1 695	1 578	
579	COG3716	[G]
2	307 88
1 521	1 579	
580	COG3715	[G]
2	307 88
1 748	1 580	
581	COG3712	[PT]
2	540 427
1 775	1 581	
582	COG3711	[K]
1	709
1 259	1 582	
583	COG0524	[G]
0 -1
2 486 11	1 583	
584	COG3099	[S]
1	515
1 591	1 584	
585	COG0211	[J]
35	174 240 436 214 144 34 722 346 708 707 456 459 358 702 434 489 241 399 485 484 703 31 440 698 441 400 481 659 514 488 363 347 23 244 710
1 292	1 585	
586	COG0210	[L]
10	429 566 65 758 466 662 179 161 1 631
2 818 617	1 586	
587	COG0035	[F]
1	561
1 583	1 587	
588	COG0353	[L]
1	103
1 236	1 588	
589	COG0350	[L]
1	685
1 1	1 589	
590	COG0351	[H]
1	561
1 632	1 590	
591	COG0356	[C]
3	180 270 200
1 261	1 591	
592	COG0357	[M]
1	174
1 263	1 592	
593	COG3096	[D]
10	174 543 453 479 243 304 503 544 36 238
1 397	1 593	
594	COG0355	[C]
4	180 270 460 196
1 867	1 594	
595	COG0133	[E]
1	558
1 854	1 595	
596	COG0131	[E]
1	248
1 829	1 596	
597	COG0136	[E]
5	445 368 711 94 709
1 82	1 597	
598	COG3290	[T]
1	475
1 663	1 598	
599	COG0528	[F]
2	608 754
1 691	1 599	
600	COG0039	[C]
1	561
1 418	1 600	
601	COG0521	[H]
4	174 306 228 42
1 758	1 601	
602	COG0520	[E]
2	743 269
2 424 751	1 602	
603	COG0031	[E]
1	725
1 312	1 603	
604	COG0522	[J]
25	155 455 144 721 482 171 367 483 102 330 172 397 724 486 7 170 490 264 380 556 154 708 500 431 235
1 785	1 604	
605	COG1966	[T]
1	72
1 395	1 605	
606	COG0036	[G]
12	559 505 424 621 43 541 336 20 18 540 729 152
1 398	1 606	
607	COG0527	[E]
1	248
1 760	1 607	
608	COG0526	[OC]
55	86 528 13 695 108 372 28 474 189 629 173 296 203 415 190 759 375 320 185 204 716 341 534 684 523 39 611 281 416 143 644 423 282 612 36 359 599 633 384 287 47 630 473 300 244 632 8 514 527 270 275 631 237 625 613
3 500 120 842	1 608	
609	COG4238	[M]
2	326 197
1 710	1 609	
610	COG2104	[H]
1	128
1 303	1 610	
611	COG0793	[M]
1	608
1 297	1 611	
612	COG4230	[C]
1	608
1 755	1 612	
613	COG4232	[OC]
2	608 421
1 332	1 613	
614	COG4235	[O]
1	11
1 682	1 614	
615	COG2716	[E]
0 -1
1 64	1 615	
616	COG1538	[MU]
1	309
2 92 128	1 616	
617	COG1508	[K]
5	33 711 184 709 551
1 642	1 617	
618	COG1535	[Q]
1	631
1 848	1 618	
619	COG1534	[J]
4	346 233 535 576
1 201	1 619	
620	COG1536	[N]
9	559 424 171 174 493 302 700 448 18
1 8	1 620	
621	COG1530	[J]
28	48 171 721 632 348 606 695 467 708 679 743 459 488 536 69 163 639 561 388 533 452 413 500 54 31 739 481 404
2 855 38	1 621	
622	COG2844	[O]
1	364
1 94	1 622	
623	COG1249	[C]
1	561
2 138 76	1 623	
624	COG0147	[EH]
1	387
1 744	1 624	
625	COG1328	[F]
1	608
1 864	1 625	
626	COG1080	[G]
0 -1
1 59	1 626	
627	COG0629	[L]
14	30 429 174 461 519 520 521 462 186 670 393 103 381 682
1 565	1 627	
628	COG1324	[P]
1	678
1 199	1 628	
629	COG1495	[O]
1	608
1 111	1 629	
630	COG0623	[I]
2	608 238
1 648	1 630	
631	COG0149	[G]
7	507 224 608 87 586 618 640
1 832	1 631	
632	COG0148	[G]
7	621 368 608 20 561 388 739
1 780	1 632	
633	COG1327	[K]
2	608 660
1 597	1 633	
634	COG1345	[N]
4	66 336 374 729
1 488	1 634	
635	COG3262	[C]
2	663 344
2 357 567	1 635	
636	COG3261	[C]
2	663 344
2 357 567	1 636	
637	NOG06626	[?]
1	429
1 750	1 637	
638	COG3266	[S]
1	428
1 161	1 638	
639	COG3264	[M]
1	621
1 467	1 639	
640	COG3433	[Q]
1	631
1 848	1 640	
641	COG3539	[NU]
0 -1
2 845 846	1 641	
642	COG2937	[I]
6	321 327 238 741 388 102
1 84	1 642	
643	COG3121	[NU]
0 -1
1 242	1 643	
644	COG1666	[S]
1	608
1 377	1 644	
645	COG1140	[C]
6	318 525 42 27 645 26
2 392 772	1 645	
646	COG1391	[OT]
1	364
1 580	1 646	
647	COG2376	[G]
1	60
2 414 415	1 647	
648	COG4668	[G]
3	498 648 506
2 356 638	1 648	
649	COG1396	[K]
1	391
1 257	1 649	
650	COG4667	[R]
1	561
1 765	1 650	
651	COG1985	[H]
3	386 157 52
1 596	1 651	
652	COG2961	[R]
2	741 679
1 80	1 652	
653	COG1987	[NU]
1	215
1 268	1 653	
654	COG1982	[E]
3	667 240 367
3 44 243 265	1 654	
655	COG1983	[KT]
1	216
1 287	1 655	
656	COG2969	[R]
4	751 745 561 243
1 177	1 656	
657	COG4154	[G]
1	667
1 683	1 657	
658	COG1826	[U]
1	12
2 378 256	1 658	
659	COG1825	[J]
35	740 240 436 214 144 34 722 346 708 707 456 459 358 585 363 441 440 710 488 702 703 485 347 698 484 400 489 434 399 244 514 241 31 481 23
1 840	1 659	
660	COG2373	[R]
1	633
1 546	1 660	
661	COG0719	[O]
2	258 661
2 388 687	1 661	
662	COG0249	[L]
3	566 586 122
1 808	1 662	
663	COG0308	[E]
2	635 636
1 402	1 663	
664	COG0244	[J]
6	248 345 707 456 19 244
1 223	1 664	
665	COG0247	[C]
0 -1
1 331	1 665	
666	COG0241	[E]
1	248
1 829	1 666	
667	COG0714	[R]
7	386 328 654 52 131 41 657
1 258	1 667	
668	COG0243	[C]
1	91
5 229 806 276 545 857	1 668	
669	COG0846	[K]
4	494 7 518 338
1 249	1 669	
670	COG0847	[L]
10	751 30 191 520 539 292 627 92 175 682
1 529	1 670	
671	COG0845	[M]
0 -1
2 473 348	1 671	
672	COG0843	[C]
2	217 738
1 145	1 672	
673	COG0840	[NT]
5	468 68 206 152 116
1 791	1 673	
674	COG0841	[V]
1	553
2 668 472	1 674	
675	COG5405	[O]
6	386 328 134 185 52 331
1 623	1 675	
676	COG5404	[D]
3	185 340 36
1 360	1 676	
677	COG0848	[U]
2	547 121
2 0 83	1 677	
678	COG0849	[D]
10	366 210 95 477 420 628 36 135 267 693
1 509	1 678	
679	COG2501	[S]
12	467 741 233 65 652 69 163 621 388 739 102 686
1 274	1 679	
680	COG3190	[N]
1	160
1 2	1 680	
681	COG3057	[L]
1	174
1 574	1 681	
682	COG3050	[L]
10	751 30 461 520 539 292 670 627 381 92
1 618	1 682	
683	COG4787	[N]
4	700 355 395 752
1 153	1 683	
684	COG0326	[O]
2	504 608
1 237	1 684	
685	COG0568	[K]
18	528 726 713 33 711 19 511 187 551 561 131 397 709 181 420 589 265 252
3 354 304 255	1 685	
686	COG0564	[J]
10	467 34 482 741 679 363 709 492 380 233
1 853	1 686	
687	COG0567	[C]
1	159
1 477	1 687	
688	COG0566	[J]
12	188 467 248 719 720 346 330 69 163 348 233 235
2 533 366	1 688	
689	COG0409	[O]
4	142 561 221 344
1 812	1 689	
690	COG0119	[E]
1	561
1 168	1 690	
691	COG4573	[G]
6	185 248 257 72 158 561
1 716	1 691	
692	COG0769	[M]
2	73 442
1 727	1 692	
693	COG0768	[M]
7	366 97 135 267 678 435 98
1 733	1 693	
694	COG0766	[M]
1	338
1 295	1 694	
695	COG0764	[I]
8	608 65 340 243 621 503 244 248
2 46 621	1 695	
696	COG0761	[IM]
1	396
1 390	1 696	
697	COG0760	[O]
3	328 134 703
1 659	1 697	
698	COG0091	[J]
35	240 436 248 214 144 34 722 346 708 707 456 459 358 585 363 441 440 710 488 702 703 485 347 434 489 241 399 484 31 23 659 244 400 514 481
1 552	1 698	
699	NOG06008	[?]
1	67
1 493	1 699	
700	COG2063	[N]
12	559 424 620 248 66 374 67 116 729 683 336 57
1 151	1 700	
701	COG0362	[G]
1	224
1 531	1 701	
702	COG0088	[J]
36	240 436 248 214 144 34 722 346 708 707 456 459 358 585 363 441 440 710 488 241 503 23 347 659 244 31 485 484 400 489 434 399 698 703 514 481
1 326	1 702	
703	COG0089	[J]
36	240 436 248 214 697 144 34 722 346 708 707 456 459 358 585 363 441 440 710 488 702 434 489 241 399 485 484 23 347 659 244 31 400 698 514 481
1 327	1 703	
704	COG0367	[E]
1	248
1 334	1 704	
705	COG0318	[IQ]
2	72 238
1 786	1 705	
706	COG0364	[G]
2	224 569
1 651	1 706	
707	COG0080	[J]
40	740 240 436 214 144 34 722 346 154 708 664 702 434 489 241 399 485 484 703 31 358 23 347 659 515 244 585 363 193 440 441 400 698 488 710 514 556 459 456 481
1 225	1 707	
708	COG0081	[J]
43	155 240 436 248 214 144 34 722 346 604 702 434 489 241 399 485 484 483 275 486 703 69 163 31 358 621 707 440 698 23 347 659 388 585 363 441 400 488 710 514 459 456 481
1 222	1 708	
709	COG0086	[K]
19	528 597 33 445 711 488 257 685 464 461 462 540 551 617 582 252 397 115 686
1 455	1 709	
710	COG0087	[J]
37	240 436 248 214 144 34 722 346 708 707 456 459 358 585 363 441 440 702 434 133 489 241 399 485 484 508 703 31 698 400 481 659 514 488 347 23 244
1 323	1 710	
711	COG0085	[K]
14	528 597 33 445 561 104 551 617 464 252 115 685 397 709
1 227	1 711	
712	COG0661	[R]
1	713
1 12	1 712	
713	COG0664	[T]
5	685 33 712 99 40
2 162 311	1 713	
714	COG0665	[E]
3	248 561 275
1 176	1 714	
715	COG0668	[M]
1	554
1 316	1 715	
716	COG1049	[C]
1	608
1 146	1 716	
717	COG1952	[U]
2	72 754
1 481	1 717	
718	COG2336	[T]
1	731
1 815	1 718	
719	COG0062	[S]
2	10 688
1 157	1 719	
720	COG0063	[G]
2	10 688
1 157	1 720	
721	COG0103	[J]
24	621 155 248 455 144 171 367 23 330 172 604 724 482 483 486 7 170 490 264 380 556 154 431 235
1 179	1 721	
722	COG0102	[J]
36	240 436 248 214 144 34 702 346 434 489 241 399 485 484 703 31 358 707 440 698 708 456 441 400 459 23 347 659 244 585 363 488 710 514 556 481
1 182	1 722	
723	COG1043	[M]
1	339
1 45	1 723	
724	COG0100	[J]
22	155 248 455 721 482 604 154 367 264 171 330 483 7 380 348 486 235 170 490 172 556 431
1 784	1 724	
725	COG1045	[E]
1	603
1 715	1 725	
726	COG2207	[K]
2	685 33
5 664 589 726 603 349	1 726	
727	COG2204	[T]
1	379
3 442 707 340	1 727	
728	COG2205	[T]
0 -1
1 711	1 728	
729	NOG08749	[K]
14	424 529 468 68 700 448 336 487 752 401 634 395 606 284
1 769	1 729	
730	COG0625	[O]
0 -1
1 178	1 730	
731	COG2337	[T]
1	718
1 141	1 731	
732	COG3088	[O]
1	11
1 682	1 732	
733	COG0620	[E]
1	561
1 345	1 733	
734	COG1561	[S]
1	20
1 26	1 734	
735	COG4580	[G]
2	72 326
1 75	1 735	
736	NOG13376	[?]
1	429
1 154	1 736	
737	COG0647	[G]
1	561
1 121	1 737	
738	COG1622	[C]
2	672 217
1 147	1 738	
739	COG1185	[J]
11	48 492 741 19 679 743 368 388 632 500 621
1 809	1 739	
740	COG1186	[J]
10	286 659 170 488 343 439 707 456 431 235
1 87	1 740	
741	COG1187	[J]
17	492 642 188 467 233 652 758 163 679 212 686 388 739 82 500 235 99
3 702 252 588	1 741	
742	COG1629	[P]
1	548
1 18	1 742	
743	COG0617	[J]
7	621 388 739 602 500 271 195
2 279 578	1 743	
744	COG0614	[P]
2	219 218
1 23	1 744	
745	COG1219	[O]
8	561 131 204 395 323 656 504 243
1 140	1 745	
746	COG1749	[N]
2	487 254
1 152	1 746	
747	COG1210	[M]
1	747
2 284 55	1 747	
748	COG1211	[I]
1	248
1 537	1 748	
749	COG1740	[C]
1	248
1 89	1 749	
750	COG4786	[N]
2	493 752
1 150	1 750	
751	COG0587	[L]
12	30 292 205 670 22 191 92 682 520 539 313 656
1 43	1 751	
752	COG0584	[C]
8	559 750 683 336 67 284 729 57
1 437	1 752	
753	COG0583	[K]
0 -1
4 709 115 63 434	1 753	
754	COG0589	[T]
5	156 72 561 599 717
1 654	1 754	
755	COG0588	[G]
1	236
1 99	1 755	
756	COG0074	[C]
1	384
1 482	1 756	
757	COG1694	[R]
1	317
1 669	1 757	
758	COG0343	[J]
6	467 741 586 151 388 500
1 441	1 758	
759	NOG11651	[S]
1	608
1 767	1 759	
760	COG0072	[J]
2	561 245
1 189	1 760	
