1	101
2	339
2	89
3	278
4	99
5	216
5	184
5	389
5	172
5	141
5	433
5	173
5	237
5	6
5	89
5	339
5	352
5	160
6	5
6	352
7	184
7	153
7	378
8	144
8	133
8	59
8	31
8	138
9	453
9	49
10	253
11	122
11	212
12	366
12	16
12	229
12	380
13	325
13	113
13	244
13	423
14	423
14	150
15	155
16	147
16	12
16	173
16	250
16	380
16	198
17	207
17	430
17	384
17	454
18	430
19	268
19	217
19	209
19	450
20	72
20	454
21	60
21	441
22	243
22	39
22	416
22	116
23	157
23	186
23	290
24	217
24	65
24	450
25	88
25	250
26	47
27	147
27	115
28	187
29	403
30	147
30	436
30	173
31	420
31	133
31	8
32	292
33	365
33	127
34	333
34	458
34	180
34	71
34	60
34	327
34	99
35	359
36	415
37	147
37	303
38	458
39	22
40	183
41	103
42	151
43	399
44	374
44	266
44	255
45	72
46	199
47	26
47	188
48	240
48	288
48	203
48	380
48	214
48	316
48	331
49	9
49	129
49	337
50	414
51	280
52	232
53	204
54	84
55	383
56	170
56	320
56	119
57	193
57	239
57	147
57	398
57	292
57	338
57	438
58	442
58	454
59	184
59	228
59	88
59	452
59	144
59	147
59	133
59	394
59	303
59	118
59	436
59	229
59	173
59	115
59	402
59	250
59	107
59	8
60	34
60	300
60	234
60	441
60	21
61	442
62	109
62	400
63	227
63	148
64	270
65	217
65	24
65	450
66	274
67	111
67	146
68	242
69	307
70	261
71	397
71	34
72	109
72	201
72	349
72	413
72	184
72	85
72	88
72	147
72	45
72	226
72	20
72	436
72	173
72	249
72	250
72	446
72	143
72	346
72	255
73	289
74	353
75	370
76	120
76	458
77	269
78	121
78	104
79	339
80	359
81	197
82	134
83	442
84	54
84	263
84	402
84	134
85	72
86	233
87	237
87	89
87	407
88	413
88	403
88	72
88	59
88	436
88	226
88	173
88	360
88	25
88	394
88	147
89	5
89	433
89	87
89	409
89	174
89	2
90	120
91	147
91	288
91	173
91	402
92	258
93	412
93	320
93	126
93	386
93	398
94	366
94	377
95	222
96	436
96	173
96	335
96	147
97	256
98	159
99	34
99	154
99	372
99	4
99	458
99	428
99	120
99	312
99	393
100	404
100	375
101	152
101	1
101	455
102	447
102	311
102	164
103	41
104	78
105	206
106	224
107	277
107	420
107	133
107	59
107	138
108	454
108	319
109	182
109	72
109	238
109	181
109	197
109	184
109	436
109	265
109	62
109	418
109	369
109	460
109	314
109	400
109	117
109	310
109	451
109	127
109	446
109	363
109	215
109	139
109	218
109	275
109	199
109	147
109	252
109	195
110	307
111	67
111	146
111	323
112	294
113	447
113	13
113	164
114	455
115	349
115	147
115	59
115	27
116	243
116	22
117	109
117	141
117	194
118	59
119	170
119	320
119	56
120	90
120	99
120	312
120	76
120	318
121	78
122	11
122	212
123	193
124	267
125	379
126	93
126	458
126	428
127	109
127	400
127	33
127	148
128	151
128	276
129	384
129	49
130	246
131	148
132	443
133	420
133	59
133	31
133	107
133	8
133	394
134	84
134	308
134	319
134	82
135	303
135	461
136	306
137	337
138	277
138	254
138	144
138	8
138	107
139	109
140	226
140	250
141	5
141	431
141	117
141	280
142	440
143	72
143	446
144	277
144	59
144	138
144	8
145	381
146	67
146	111
147	109
147	349
147	413
147	239
147	228
147	275
147	37
147	88
147	334
147	96
147	210
147	300
147	72
147	59
147	292
147	436
147	91
147	57
147	162
147	173
147	438
147	115
147	27
147	249
147	250
147	446
147	342
147	16
147	218
147	30
147	394
148	63
148	443
148	131
148	127
149	406
149	428
150	14
150	375
150	404
151	251
151	42
151	128
151	276
151	346
151	455
152	101
153	7
154	99
155	15
155	236
156	336
157	23
157	290
158	326
159	384
159	98
160	5
161	319
162	349
162	147
162	226
162	173
163	422
164	447
164	113
164	441
164	102
165	303
166	173
167	268
167	375
167	404
168	357
168	260
169	348
169	448
170	340
170	56
170	320
170	119
171	311
172	5
172	339
173	434
173	239
173	228
173	275
173	88
173	96
173	5
173	210
173	147
173	16
173	394
173	59
173	72
173	162
173	436
173	446
173	91
173	166
173	438
173	342
173	30
174	237
174	89
175	361
176	240
176	292
176	309
176	320
176	319
177	437
178	211
178	264
179	322
180	333
180	34
181	109
182	109
182	232
182	248
183	40
183	427
183	338
184	109
184	72
184	197
184	59
184	378
184	5
184	460
184	358
184	7
184	351
185	278
186	23
187	28
188	47
189	228
190	293
191	425
192	356
193	57
193	123
193	444
193	199
194	117
194	224
195	109
195	400
196	300
197	109
197	184
197	81
198	16
199	193
199	109
199	46
200	458
201	72
201	446
202	262
203	48
203	316
204	53
205	444
205	290
205	457
206	105
207	17
208	248
209	328
209	268
209	217
209	285
209	291
209	418
209	382
209	450
209	19
210	173
210	147
211	178
212	11
212	122
213	458
214	48
214	265
214	380
214	316
215	109
216	5
217	209
217	65
217	24
217	450
217	19
218	109
218	147
219	458
220	247
220	306
221	283
222	95
223	305
224	106
224	194
225	341
226	239
226	88
226	334
226	72
226	140
226	162
226	250
226	446
227	63
227	417
228	59
228	436
228	229
228	173
228	420
228	189
228	147
229	366
229	228
229	420
229	12
229	59
230	299
231	402
232	182
232	52
233	86
234	309
234	402
234	319
234	60
235	405
236	155
237	5
237	433
237	87
237	174
237	360
238	109
239	226
239	57
239	173
239	147
240	378
240	48
240	458
240	393
240	176
241	321
242	68
242	367
243	116
243	22
244	13
244	423
244	404
245	425
245	293
246	130
247	220
248	208
248	398
248	182
248	388
249	147
249	72
250	147
250	16
250	25
250	226
250	59
250	72
250	436
250	140
251	432
251	315
251	151
251	455
252	109
253	10
254	138
255	72
255	44
256	410
256	97
257	373
258	92
259	300
260	443
260	168
261	70
262	424
262	364
262	202
263	84
264	178
265	109
265	401
265	380
265	214
266	44
266	374
267	124
267	458
268	167
268	209
268	423
268	418
268	450
268	19
269	364
269	77
270	64
271	276
272	282
273	281
274	66
275	109
275	436
275	173
275	400
275	147
276	271
276	151
276	346
276	336
276	128
277	144
277	138
277	107
278	3
278	185
278	302
279	375
280	51
280	431
280	141
281	273
282	357
282	435
282	272
283	362
283	221
284	305
285	328
285	209
285	291
285	450
286	354
287	385
288	48
288	351
288	91
289	73
290	23
290	205
290	157
291	209
291	382
291	285
292	176
292	384
292	147
292	32
292	57
293	245
293	190
293	425
294	112
294	324
295	327
295	297
296	439
297	295
298	307
299	230
300	310
300	196
300	259
300	60
300	147
301	329
302	278
303	37
303	165
303	135
303	59
304	364
305	223
305	284
306	220
306	136
307	110
307	298
307	69
308	134
309	176
309	234
309	319
310	109
310	300
310	418
311	171
311	102
312	412
312	99
312	458
312	120
312	386
313	358
314	109
315	251
316	48
316	214
316	203
317	458
318	120
319	176
319	108
319	234
319	309
319	402
319	161
319	134
320	93
320	176
320	170
320	412
320	56
320	119
320	386
321	241
322	179
322	427
323	111
324	294
325	13
325	423
326	158
327	34
327	295
327	458
327	428
328	209
328	285
328	382
329	301
330	402
331	48
332	454
333	34
333	180
333	444
334	226
334	147
335	96
335	458
335	448
336	376
336	276
336	156
337	49
337	137
338	183
338	427
338	57
339	396
339	172
339	5
339	2
339	79
340	170
341	225
342	147
342	436
342	173
343	390
344	345
345	344
346	151
346	72
346	276
347	350
348	169
348	448
349	72
349	162
349	459
349	115
349	147
350	347
351	184
351	288
351	360
352	389
352	5
352	6
353	74
354	421
354	286
355	437
356	192
357	168
357	282
357	435
358	184
358	457
358	313
359	80
359	35
359	458
360	88
360	351
360	237
361	175
362	283
363	109
364	269
364	262
364	304
365	33
366	12
366	94
366	229
367	242
368	392
369	109
370	75
371	419
372	99
373	257
374	44
374	266
375	150
375	279
375	167
375	404
375	100
376	336
377	94
377	421
378	240
378	184
378	7
379	125
380	48
380	16
380	12
380	265
380	214
381	145
382	328
382	209
382	423
382	291
382	450
383	55
384	430
384	422
384	17
384	159
384	292
384	129
385	287
386	93
386	412
386	312
386	320
386	458
386	393
387	442
388	248
389	5
389	352
390	343
391	395
392	368
393	240
393	99
393	386
393	458
394	88
394	147
394	133
394	59
394	173
395	391
396	339
397	458
397	428
397	71
398	93
398	57
398	248
399	43
400	109
400	275
400	451
400	62
400	127
400	195
401	265
402	84
402	234
402	319
402	330
402	59
402	231
402	91
403	29
403	88
404	150
404	244
404	167
404	375
404	100
405	235
406	428
406	149
407	87
408	445
409	433
409	89
410	256
411	426
412	93
412	458
412	320
412	386
412	312
413	72
413	88
413	147
414	50
415	36
416	22
417	227
418	109
418	268
418	310
418	209
418	450
419	371
420	228
420	229
420	31
420	107
420	133
421	377
421	354
422	163
422	384
423	14
423	268
423	325
423	382
423	244
423	13
424	262
425	245
425	293
425	191
426	411
427	322
427	183
427	338
428	406
428	397
428	149
428	99
428	327
428	126
429	444
430	384
430	18
430	17
431	456
431	141
431	280
432	251
433	5
433	409
433	237
433	89
434	173
435	357
435	282
436	109
436	228
436	275
436	88
436	96
436	147
436	59
436	72
436	173
436	438
436	250
436	342
436	30
437	355
437	177
438	147
438	436
438	173
438	57
439	296
440	142
441	447
441	60
441	164
441	21
442	61
442	387
442	58
442	83
443	260
443	148
443	132
444	193
444	333
444	205
444	429
445	408
446	109
446	201
446	147
446	226
446	72
446	173
446	143
447	113
447	164
447	441
447	102
448	169
448	335
448	348
449	459
450	268
450	217
450	209
450	382
450	285
450	65
450	418
450	19
450	24
451	109
451	400
452	59
453	9
454	332
454	17
454	108
454	20
454	58
455	251
455	151
455	101
455	114
456	431
457	358
457	205
458	240
458	213
458	267
458	397
458	34
458	412
458	335
458	99
458	327
458	312
458	200
458	126
458	386
458	76
458	317
458	38
458	219
458	359
458	393
459	349
459	449
460	109
460	184
461	135
