(1, 161)
(2, 330)
(2, 475)
(3, 172)
(3, 362)
(3, 436)
(4, 157)
(4, 187)
(4, 402)
(4, 459)
(6, 220)
(6, 317)
(6, 361)
(6, 433)
(8, 148)
(9, 32)
(9, 71)
(9, 88)
(9, 124)
(9, 147)
(9, 150)
(9, 165)
(9, 177)
(9, 188)
(9, 212)
(9, 239)
(9, 267)
(9, 307)
(9, 332)
(9, 339)
(9, 361)
(9, 377)
(9, 383)
(9, 390)
(9, 412)
(9, 426)
(9, 443)
(9, 463)
(10, 86)
(10, 97)
(10, 227)
(10, 300)
(11, 472)
(12, 106)
(13, 65)
(14, 62)
(14, 86)
(14, 97)
(14, 227)
(14, 300)
(16, 62)
(16, 86)
(16, 97)
(16, 227)
(16, 300)
(17, 40)
(17, 51)
(17, 81)
(17, 86)
(17, 97)
(17, 104)
(17, 222)
(17, 227)
(17, 241)
(17, 293)
(17, 300)
(17, 302)
(17, 409)
(17, 428)
(17, 464)
(18, 364)
(19, 399)
(21, 152)
(21, 210)
(22, 57)
(23, 220)
(23, 317)
(23, 361)
(23, 433)
(25, 282)
(27, 62)
(27, 86)
(27, 97)
(27, 227)
(27, 300)
(28, 268)
(29, 317)
(30, 96)
(30, 279)
(32, 88)
(32, 124)
(32, 147)
(32, 150)
(32, 165)
(32, 212)
(32, 239)
(32, 307)
(32, 383)
(32, 443)
(33, 67)
(33, 221)
(33, 255)
(33, 336)
(33, 353)
(33, 394)
(34, 130)
(34, 340)
(34, 406)
(35, 36)
(35, 86)
(35, 97)
(35, 119)
(35, 227)
(35, 294)
(35, 300)
(36, 86)
(36, 97)
(36, 119)
(36, 227)
(36, 294)
(36, 300)
(38, 364)
(40, 51)
(40, 81)
(40, 86)
(40, 97)
(40, 104)
(40, 222)
(40, 227)
(40, 241)
(40, 293)
(40, 300)
(40, 302)
(40, 409)
(40, 428)
(40, 464)
(44, 62)
(44, 86)
(44, 97)
(44, 227)
(44, 300)
(46, 62)
(46, 86)
(46, 97)
(46, 227)
(46, 300)
(47, 420)
(48, 196)
(48, 234)
(48, 245)
(48, 314)
(48, 315)
(48, 344)
(49, 185)
(50, 370)
(51, 81)
(51, 86)
(51, 97)
(51, 104)
(51, 222)
(51, 227)
(51, 241)
(51, 293)
(51, 300)
(51, 302)
(51, 409)
(51, 428)
(51, 464)
(52, 374)
(53, 340)
(57, 141)
(57, 142)
(57, 204)
(57, 222)
(57, 396)
(59, 319)
(59, 325)
(59, 431)
(62, 89)
(62, 121)
(62, 229)
(62, 263)
(62, 326)
(62, 415)
(62, 424)
(62, 427)
(62, 453)
(64, 312)
(64, 456)
(64, 469)
(66, 130)
(66, 340)
(66, 406)
(67, 484)
(69, 344)
(71, 88)
(71, 124)
(71, 147)
(71, 150)
(71, 165)
(71, 212)
(71, 239)
(71, 307)
(71, 383)
(71, 443)
(72, 330)
(72, 475)
(73, 86)
(73, 97)
(73, 215)
(73, 216)
(73, 227)
(73, 300)
(74, 407)
(75, 422)
(76, 86)
(76, 97)
(76, 227)
(76, 300)
(78, 482)
(80, 130)
(80, 340)
(80, 406)
(81, 86)
(81, 97)
(81, 104)
(81, 222)
(81, 227)
(81, 241)
(81, 293)
(81, 300)
(81, 302)
(81, 409)
(81, 428)
(81, 464)
(86, 89)
(86, 90)
(86, 97)
(86, 104)
(86, 116)
(86, 121)
(86, 134)
(86, 151)
(86, 155)
(86, 170)
(86, 174)
(86, 190)
(86, 191)
(86, 209)
(86, 220)
(86, 224)
(86, 227)
(86, 234)
(86, 241)
(86, 263)
(86, 270)
(86, 281)
(86, 284)
(86, 293)
(86, 296)
(86, 300)
(86, 302)
(86, 306)
(86, 309)
(86, 318)
(86, 326)
(86, 328)
(86, 333)
(86, 334)
(86, 349)
(86, 351)
(86, 356)
(86, 408)
(86, 409)
(86, 413)
(86, 414)
(86, 415)
(86, 416)
(86, 424)
(86, 427)
(86, 433)
(86, 453)
(86, 464)
(86, 481)
(88, 124)
(88, 147)
(88, 150)
(88, 165)
(88, 177)
(88, 188)
(88, 212)
(88, 239)
(88, 267)
(88, 307)
(88, 332)
(88, 339)
(88, 361)
(88, 377)
(88, 383)
(88, 390)
(88, 412)
(88, 426)
(88, 443)
(88, 463)
(89, 97)
(89, 227)
(89, 300)
(90, 97)
(90, 227)
(90, 300)
(91, 437)
(93, 330)
(93, 475)
(94, 248)
(94, 384)
(94, 404)
(96, 347)
(97, 104)
(97, 116)
(97, 121)
(97, 134)
(97, 151)
(97, 155)
(97, 170)
(97, 174)
(97, 190)
(97, 191)
(97, 209)
(97, 220)
(97, 224)
(97, 227)
(97, 234)
(97, 241)
(97, 263)
(97, 270)
(97, 281)
(97, 284)
(97, 293)
(97, 296)
(97, 300)
(97, 302)
(97, 306)
(97, 309)
(97, 318)
(97, 326)
(97, 328)
(97, 333)
(97, 334)
(97, 349)
(97, 351)
(97, 356)
(97, 408)
(97, 409)
(97, 413)
(97, 414)
(97, 415)
(97, 416)
(97, 424)
(97, 427)
(97, 433)
(97, 453)
(97, 464)
(97, 481)
(99, 317)
(101, 220)
(101, 317)
(101, 361)
(101, 433)
(104, 222)
(104, 227)
(104, 241)
(104, 293)
(104, 300)
(104, 302)
(104, 409)
(104, 428)
(104, 464)
(107, 222)
(115, 247)
(115, 379)
(116, 139)
(116, 227)
(116, 300)
(116, 480)
(117, 475)
(119, 193)
(119, 465)
(120, 451)
(121, 227)
(121, 300)
(122, 173)
(122, 219)
(124, 147)
(124, 150)
(124, 165)
(124, 177)
(124, 188)
(124, 212)
(124, 239)
(124, 267)
(124, 307)
(124, 332)
(124, 339)
(124, 361)
(124, 377)
(124, 383)
(124, 390)
(124, 412)
(124, 426)
(124, 443)
(124, 463)
(125, 202)
(125, 354)
(126, 317)
(130, 137)
(130, 162)
(130, 261)
(130, 398)
(131, 449)
(133, 207)
(134, 227)
(134, 300)
(135, 400)
(136, 273)
(136, 278)
(137, 157)
(137, 187)
(137, 402)
(137, 459)
(137, 471)
(139, 328)
(139, 332)
(139, 339)
(139, 356)
(139, 390)
(139, 412)
(139, 416)
(139, 426)
(140, 377)
(140, 465)
(145, 220)
(145, 317)
(145, 361)
(145, 433)
(147, 150)
(147, 165)
(147, 177)
(147, 188)
(147, 212)
(147, 239)
(147, 267)
(147, 307)
(147, 332)
(147, 339)
(147, 361)
(147, 377)
(147, 383)
(147, 390)
(147, 412)
(147, 426)
(147, 443)
(147, 463)
(150, 165)
(150, 177)
(150, 188)
(150, 212)
(150, 239)
(150, 267)
(150, 307)
(150, 332)
(150, 339)
(150, 361)
(150, 377)
(150, 383)
(150, 390)
(150, 412)
(150, 426)
(150, 443)
(150, 463)
(151, 152)
(151, 227)
(151, 251)
(151, 260)
(151, 300)
(151, 352)
(151, 388)
(151, 461)
(152, 208)
(152, 240)
(152, 254)
(154, 172)
(154, 362)
(154, 436)
(155, 227)
(155, 300)
(156, 291)
(156, 467)
(157, 225)
(157, 261)
(157, 265)
(158, 220)
(158, 317)
(158, 361)
(158, 433)
(161, 285)
(162, 340)
(162, 406)
(163, 291)
(163, 467)
(165, 177)
(165, 188)
(165, 212)
(165, 239)
(165, 267)
(165, 307)
(165, 332)
(165, 339)
(165, 361)
(165, 377)
(165, 383)
(165, 390)
(165, 412)
(165, 426)
(165, 443)
(165, 463)
(166, 374)
(167, 377)
(168, 374)
(170, 227)
(170, 300)
(171, 432)
(172, 332)
(172, 339)
(172, 390)
(172, 412)
(172, 425)
(172, 426)
(173, 219)
(174, 227)
(174, 300)
(176, 370)
(177, 212)
(177, 239)
(177, 307)
(177, 316)
(177, 317)
(177, 383)
(177, 443)
(178, 374)
(180, 317)
(180, 393)
(181, 330)
(181, 475)
(182, 340)
(183, 250)
(184, 330)
(184, 475)
(185, 252)
(185, 380)
(185, 389)
(187, 225)
(187, 261)
(187, 265)
(188, 212)
(188, 239)
(188, 248)
(188, 307)
(188, 383)
(188, 384)
(188, 404)
(188, 443)
(190, 227)
(190, 300)
(191, 227)
(191, 300)
(191, 303)
(193, 294)
(195, 247)
(195, 379)
(196, 234)
(196, 245)
(196, 314)
(196, 315)
(196, 344)
(201, 235)
(202, 355)
(202, 445)
(203, 246)
(203, 340)
(206, 238)
(206, 401)
(208, 210)
(209, 227)
(209, 300)
(210, 240)
(210, 254)
(211, 249)
(212, 239)
(212, 267)
(212, 307)
(212, 332)
(212, 339)
(212, 361)
(212, 377)
(212, 383)
(212, 390)
(212, 412)
(212, 426)
(212, 443)
(212, 463)
(214, 330)
(214, 475)
(215, 306)
(215, 318)
(215, 408)
(215, 413)
(215, 481)
(216, 306)
(216, 318)
(216, 408)
(216, 413)
(216, 481)
(218, 247)
(218, 379)
(220, 227)
(220, 300)
(220, 350)
(220, 366)
(221, 484)
(222, 241)
(222, 293)
(222, 302)
(222, 409)
(222, 464)
(224, 227)
(224, 300)
(225, 402)
(225, 435)
(225, 459)
(226, 247)
(226, 379)
(227, 234)
(227, 241)
(227, 263)
(227, 270)
(227, 281)
(227, 284)
(227, 293)
(227, 296)
(227, 300)
(227, 302)
(227, 306)
(227, 309)
(227, 318)
(227, 326)
(227, 328)
(227, 333)
(227, 334)
(227, 349)
(227, 351)
(227, 356)
(227, 408)
(227, 409)
(227, 413)
(227, 414)
(227, 415)
(227, 416)
(227, 424)
(227, 427)
(227, 433)
(227, 453)
(227, 464)
(227, 481)
(229, 331)
(232, 381)
(232, 444)
(234, 245)
(234, 300)
(234, 314)
(234, 315)
(236, 291)
(236, 467)
(238, 401)
(239, 267)
(239, 307)
(239, 332)
(239, 339)
(239, 361)
(239, 377)
(239, 383)
(239, 390)
(239, 412)
(239, 426)
(239, 443)
(239, 463)
(241, 293)
(241, 300)
(241, 302)
(241, 409)
(241, 428)
(241, 464)
(242, 419)
(245, 314)
(245, 315)
(245, 344)
(246, 289)
(246, 405)
(247, 262)
(255, 484)
(256, 447)
(257, 330)
(257, 475)
(259, 361)
(261, 402)
(261, 459)
(261, 471)
(262, 379)
(263, 300)
(265, 402)
(265, 435)
(265, 459)
(267, 307)
(267, 383)
(267, 443)
(270, 300)
(271, 374)
(273, 278)
(275, 330)
(275, 475)
(276, 303)
(279, 347)
(281, 300)
(283, 423)
(284, 300)
(288, 340)
(289, 340)
(292, 297)
(293, 300)
(293, 302)
(293, 409)
(293, 428)
(293, 464)
(294, 465)
(296, 300)
(300, 302)
(300, 306)
(300, 309)
(300, 318)
(300, 326)
(300, 328)
(300, 333)
(300, 334)
(300, 349)
(300, 351)
(300, 356)
(300, 408)
(300, 409)
(300, 413)
(300, 414)
(300, 415)
(300, 416)
(300, 424)
(300, 427)
(300, 433)
(300, 453)
(300, 464)
(300, 481)
(301, 330)
(301, 475)
(302, 409)
(302, 428)
(302, 464)
(304, 330)
(304, 475)
(307, 332)
(307, 339)
(307, 361)
(307, 377)
(307, 383)
(307, 390)
(307, 412)
(307, 426)
(307, 443)
(307, 463)
(308, 330)
(308, 475)
(312, 456)
(312, 469)
(314, 315)
(314, 344)
(315, 344)
(316, 463)
(317, 350)
(317, 366)
(317, 463)
(319, 450)
(320, 378)
(321, 322)
(321, 374)
(322, 374)
(325, 450)
(328, 480)
(332, 339)
(332, 340)
(332, 379)
(332, 383)
(332, 390)
(332, 412)
(332, 426)
(332, 443)
(336, 484)
(337, 348)
(338, 361)
(339, 340)
(339, 379)
(339, 383)
(339, 390)
(339, 412)
(339, 426)
(339, 443)
(340, 390)
(340, 398)
(340, 405)
(340, 412)
(340, 426)
(342, 473)
(350, 361)
(350, 433)
(353, 484)
(354, 355)
(354, 445)
(356, 480)
(361, 366)
(361, 373)
(361, 383)
(361, 443)
(362, 425)
(364, 430)
(366, 433)
(376, 377)
(377, 383)
(377, 443)
(377, 452)
(379, 390)
(379, 412)
(379, 426)
(382, 462)
(383, 390)
(383, 412)
(383, 426)
(383, 443)
(383, 463)
(390, 412)
(390, 426)
(390, 443)
(394, 484)
(397, 418)
(398, 406)
(409, 428)
(409, 464)
(412, 426)
(412, 443)
(416, 480)
(425, 436)
(426, 443)
(428, 464)
(431, 450)
(443, 463)
(452, 465)
(456, 469)
