(1	,2)
(1	,3)
(1	,4)
(1	,5)
(1	,6)
(1	,7)
(1	,8)
(1	,9)
(1	,10)
(1	,11)
(1	,12)
(1	,13)
(1	,14)
(1	,15)
(1	,16)
(1	,17)
(1	,18)
(1	,19)
(1	,20)
(1	,21)
(1	,22)
(1	,23)
(1	,24)
(1	,25)
(1	,26)
(1	,27)
(1	,28)
(1	,29)
(1	,30)
(1	,31)
(1	,32)
(1	,33)
(1	,34)
(1	,35)
(1	,36)
(1	,37)
(1	,38)
(1	,39)
(1	,40)
(1	,41)
(1	,42)
(1	,43)
(1	,44)
(1	,45)
(1	,46)
(1	,47)
(1	,48)
(1	,49)
(1	,50)
(1	,51)
(1	,52)
(1	,53)
(1	,54)
(1	,55)
(1	,56)
(1	,57)
(1	,58)
(1	,59)
(1	,60)
(1	,61)
(1	,62)
(1	,63)
(1	,64)
(1	,65)
(1	,66)
(1	,67)
(1	,68)
(1	,69)
(1	,70)
(1	,71)
(1	,72)
(1	,73)
(1	,74)
(1	,75)
(1	,76)
(1	,77)
(1	,78)
(1	,79)
(1	,80)
(1	,81)
(1	,82)
(1	,83)
(1	,84)
(1	,85)
(1	,86)
(1	,87)
(1	,88)
(1	,89)
(1	,90)
(1	,91)
(1	,92)
(1	,93)
(1	,94)
(1	,95)
(1	,96)
(1	,97)
(1	,98)
(1	,99)
(1	,100)
(1	,101)
(1	,102)
(1	,103)
(1	,104)
(1	,105)
(1	,106)
(1	,107)
(1	,108)
(1	,110)
(1	,111)
(1	,113)
(1	,114)
(1	,115)
(1	,116)
(1	,117)
(1	,118)
(1	,119)
(1	,120)
(1	,121)
(1	,122)
(1	,123)
(1	,124)
(1	,125)
(1	,126)
(1	,127)
(1	,128)
(1	,129)
(1	,130)
(1	,131)
(1	,132)
(1	,133)
(1	,134)
(1	,135)
(1	,136)
(1	,137)
(1	,138)
(1	,139)
(1	,140)
(1	,141)
(1	,142)
(1	,143)
(1	,144)
(1	,145)
(1	,146)
(1	,147)
(1	,148)
(1	,149)
(1	,150)
(1	,151)
(1	,152)
(1	,153)
(1	,154)
(1	,155)
(1	,156)
(1	,158)
(1	,159)
(1	,160)
(1	,162)
(1	,163)
(1	,164)
(1	,166)
(1	,167)
(1	,168)
(1	,169)
(1	,170)
(1	,171)
(1	,172)
(1	,173)
(1	,174)
(1	,176)
(1	,177)
(1	,178)
(1	,179)
(1	,180)
(1	,181)
(1	,182)
(1	,183)
(1	,184)
(1	,186)
(1	,187)
(1	,188)
(1	,189)
(1	,190)
(1	,191)
(1	,192)
(1	,193)
(1	,194)
(1	,195)
(1	,196)
(1	,197)
(1	,198)
(1	,199)
(1	,201)
(1	,202)
(1	,203)
(1	,204)
(1	,205)
(1	,206)
(1	,207)
(1	,208)
(1	,209)
(1	,210)
(1	,211)
(1	,212)
(1	,214)
(1	,215)
(1	,216)
(1	,217)
(1	,218)
(1	,219)
(1	,221)
(1	,222)
(1	,223)
(1	,224)
(1	,225)
(1	,228)
(1	,229)
(1	,230)
(1	,231)
(1	,232)
(1	,233)
(1	,234)
(1	,235)
(1	,236)
(1	,237)
(1	,238)
(1	,239)
(1	,242)
(1	,243)
(1	,244)
(1	,245)
(1	,247)
(1	,248)
(1	,249)
(1	,251)
(1	,252)
(1	,253)
(1	,254)
(1	,255)
(1	,256)
(1	,257)
(1	,258)
(1	,259)
(1	,261)
(1	,262)
(1	,264)
(1	,265)
(1	,266)
(1	,267)
(1	,268)
(1	,269)
(1	,270)
(1	,272)
(1	,273)
(1	,274)
(1	,275)
(1	,276)
(1	,277)
(1	,278)
(1	,279)
(1	,280)
(1	,281)
(1	,282)
(1	,283)
(1	,284)
(1	,287)
(1	,288)
(1	,289)
(1	,290)
(1	,291)
(1	,292)
(1	,293)
(1	,294)
(1	,295)
(1	,296)
(1	,297)
(1	,298)
(1	,299)
(1	,300)
(1	,301)
(1	,302)
(1	,303)
(1	,304)
(1	,305)
(1	,306)
(1	,308)
(1	,309)
(1	,310)
(1	,311)
(1	,314)
(1	,315)
(1	,316)
(1	,317)
(1	,318)
(1	,319)
(1	,320)
(1	,321)
(1	,322)
(1	,323)
(1	,324)
(1	,325)
(1	,326)
(1	,327)
(1	,328)
(1	,329)
(1	,331)
(1	,332)
(1	,333)
(1	,334)
(1	,337)
(1	,338)
(1	,339)
(1	,340)
(1	,341)
(1	,342)
(1	,343)
(1	,344)
(1	,345)
(1	,346)
(1	,348)
(1	,349)
(1	,350)
(1	,351)
(1	,353)
(1	,354)
(1	,355)
(1	,357)
(1	,358)
(1	,359)
(1	,362)
(1	,363)
(1	,364)
(1	,365)
(1	,366)
(1	,367)
(1	,369)
(1	,371)
(1	,372)
(1	,374)
(1	,375)
(1	,376)
(1	,377)
(1	,379)
(1	,381)
(1	,382)
(1	,383)
(1	,384)
(1	,387)
(1	,388)
(1	,390)
(1	,391)
(1	,392)
(1	,393)
(1	,394)
(1	,395)
(1	,397)
(1	,398)
(1	,400)
(1	,401)
(1	,403)
(1	,404)
(1	,406)
(1	,407)
(1	,408)
(1	,409)
(1	,410)
(1	,411)
(1	,413)
(1	,415)
(1	,416)
(1	,417)
(1	,419)
(1	,421)
(1	,422)
(1	,424)
(1	,425)
(1	,426)
(1	,428)
(1	,430)
(1	,431)
(1	,432)
(1	,433)
(1	,434)
(1	,436)
(1	,438)
(1	,439)
(1	,440)
(1	,441)
(1	,442)
(1	,443)
(1	,444)
(1	,445)
(1	,447)
(1	,449)
(1	,450)
(1	,451)
(1	,453)
(1	,455)
(1	,458)
(1	,459)
(1	,460)
(1	,462)
(1	,463)
(1	,464)
(1	,465)
(1	,467)
(1	,468)
(1	,469)
(1	,470)
(1	,473)
(1	,475)
(1	,476)
(1	,477)
(1	,480)
(1	,481)
(1	,483)
(1	,484)
(1	,485)
(1	,487)
(1	,488)
(1	,490)
(1	,491)
(1	,492)
(1	,493)
(1	,494)
(1	,495)
(1	,496)
(1	,497)
(1	,500)
(1	,501)
(1	,503)
(1	,504)
(1	,506)
(1	,507)
(1	,511)
(1	,512)
(1	,514)
(1	,515)
(1	,516)
(1	,517)
(1	,519)
(1	,520)
(1	,521)
(1	,522)
(1	,523)
(1	,524)
(1	,525)
(1	,528)
(1	,530)
(1	,531)
(1	,532)
(1	,533)
(1	,534)
(1	,535)
(1	,536)
(1	,537)
(1	,538)
(1	,539)
(1	,540)
(1	,543)
(1	,544)
(1	,546)
(1	,548)
(1	,549)
(1	,550)
(1	,551)
(1	,552)
(1	,553)
(1	,555)
(1	,556)
(1	,557)
(1	,559)
(1	,560)
(1	,561)
(1	,562)
(1	,563)
(1	,564)
(1	,565)
(1	,567)
(1	,568)
(1	,570)
(1	,573)
(1	,574)
(1	,576)
(1	,578)
(1	,580)
(1	,581)
(1	,582)
(1	,584)
(1	,585)
(1	,586)
(1	,590)
(1	,592)
(1	,593)
(1	,597)
(1	,598)
(1	,600)
(1	,603)
(1	,604)
(1	,605)
(1	,606)
(1	,607)
(1	,608)
(1	,609)
(1	,610)
(1	,611)
(1	,614)
(1	,617)
(1	,619)
(1	,621)
(1	,622)
(1	,623)
(1	,625)
(1	,626)
(1	,627)
(1	,628)
(1	,629)
(1	,630)
(1	,631)
(1	,632)
(1	,633)
(1	,636)
(1	,637)
(1	,638)
(1	,639)
(1	,640)
(1	,641)
(1	,642)
(1	,643)
(1	,645)
(1	,646)
(1	,649)
(1	,653)
(1	,654)
(1	,655)
(1	,657)
(1	,658)
(1	,660)
(1	,661)
(1	,662)
(1	,663)
(1	,665)
(1	,666)
(1	,667)
(1	,668)
(1	,669)
(1	,673)
(1	,674)
(1	,675)
(1	,676)
(1	,677)
(1	,678)
(1	,679)
(1	,681)
(1	,682)
(1	,683)
(1	,689)
(1	,692)
(1	,693)
(1	,696)
(1	,697)
(1	,699)
(1	,700)
(1	,701)
(1	,702)
(1	,705)
(1	,708)
(1	,709)
(1	,710)
(1	,712)
(1	,714)
(1	,722)
(1	,723)
(1	,724)
(1	,725)
(1	,726)
(1	,728)
(1	,730)
(1	,731)
(1	,733)
(1	,734)
(1	,737)
(1	,740)
(1	,742)
(1	,743)
(1	,744)
(1	,745)
(1	,746)
(1	,751)
(1	,755)
(1	,758)
(1	,759)
(1	,763)
(1	,765)
(1	,766)
(1	,768)
(1	,769)
(1	,770)
(1	,771)
(1	,774)
(1	,776)
(1	,777)
(1	,783)
(1	,784)
(1	,787)
(1	,788)
(1	,792)
(1	,798)
(1	,799)
(1	,805)
(1	,806)
(1	,808)
(1	,809)
(1	,810)
(1	,811)
(1	,815)
(1	,817)
(1	,818)
(1	,823)
(1	,825)
(1	,826)
(1	,827)
(1	,828)
(1	,832)
(1	,833)
(1	,834)
(1	,837)
(1	,838)
(1	,840)
(1	,844)
(1	,847)
(1	,848)
(1	,852)
(1	,854)
(1	,855)
(1	,858)
(1	,859)
(1	,860)
(1	,864)
(1	,866)
(1	,867)
(1	,868)
(1	,869)
(1	,870)
(1	,872)
(1	,874)
(1	,876)
(1	,877)
(1	,878)
(1	,883)
(1	,886)
(1	,887)
(1	,891)
(1	,892)
(1	,893)
(1	,898)
(1	,900)
(1	,904)
(1	,907)
(1	,910)
(1	,911)
(1	,912)
(1	,913)
(1	,915)
(1	,916)
(1	,917)
(1	,918)
(1	,920)
(1	,923)
(1	,924)
(1	,925)
(1	,927)
(1	,932)
(1	,936)
(1	,937)
(1	,938)
(1	,939)
(1	,940)
(1	,941)
(1	,942)
(1	,943)
(1	,944)
(1	,945)
(1	,949)
(1	,950)
(1	,951)
(1	,952)
(1	,954)
(1	,958)
(1	,959)
(1	,961)
(1	,962)
(1	,963)
(1	,965)
(1	,969)
(1	,970)
(1	,971)
(1	,975)
(1	,978)
(1	,981)
(1	,982)
(1	,985)
(1	,986)
(1	,987)
(1	,990)
(1	,991)
(1	,992)
(1	,993)
(1	,996)
(1	,997)
(2	,3)
(2	,4)
(2	,5)
(2	,6)
(2	,7)
(2	,8)
(2	,9)
(2	,10)
(2	,11)
(2	,12)
(2	,13)
(2	,14)
(2	,15)
(2	,16)
(2	,17)
(2	,18)
(2	,19)
(2	,20)
(2	,21)
(2	,22)
(2	,23)
(2	,24)
(2	,25)
(2	,26)
(2	,27)
(2	,28)
(2	,29)
(2	,30)
(2	,31)
(2	,32)
(2	,33)
(2	,34)
(2	,35)
(2	,36)
(2	,37)
(2	,38)
(2	,39)
(2	,40)
(2	,41)
(2	,42)
(2	,43)
(2	,44)
(2	,45)
(2	,46)
(2	,47)
(2	,48)
(2	,49)
(2	,50)
(2	,51)
(2	,52)
(2	,53)
(2	,54)
(2	,55)
(2	,56)
(2	,59)
(2	,60)
(2	,61)
(2	,62)
(2	,63)
(2	,64)
(2	,65)
(2	,66)
(2	,67)
(2	,68)
(2	,69)
(2	,70)
(2	,72)
(2	,73)
(2	,74)
(2	,75)
(2	,76)
(2	,77)
(2	,78)
(2	,79)
(2	,80)
(2	,81)
(2	,82)
(2	,83)
(2	,84)
(2	,85)
(2	,86)
(2	,87)
(2	,88)
(2	,89)
(2	,90)
(2	,91)
(2	,92)
(2	,93)
(2	,94)
(2	,95)
(2	,96)
(2	,97)
(2	,98)
(2	,99)
(2	,100)
(2	,101)
(2	,103)
(2	,104)
(2	,105)
(2	,106)
(2	,107)
(2	,108)
(2	,109)
(2	,110)
(2	,112)
(2	,113)
(2	,114)
(2	,115)
(2	,116)
(2	,117)
(2	,119)
(2	,120)
(2	,121)
(2	,122)
(2	,123)
(2	,124)
(2	,125)
(2	,126)
(2	,127)
(2	,128)
(2	,129)
(2	,130)
(2	,131)
(2	,132)
(2	,134)
(2	,135)
(2	,137)
(2	,138)
(2	,139)
(2	,140)
(2	,141)
(2	,142)
(2	,143)
(2	,144)
(2	,146)
(2	,147)
(2	,149)
(2	,150)
(2	,151)
(2	,152)
(2	,153)
(2	,156)
(2	,157)
(2	,158)
(2	,159)
(2	,160)
(2	,161)
(2	,163)
(2	,164)
(2	,165)
(2	,167)
(2	,170)
(2	,171)
(2	,172)
(2	,173)
(2	,175)
(2	,176)
(2	,177)
(2	,178)
(2	,179)
(2	,180)
(2	,181)
(2	,182)
(2	,183)
(2	,185)
(2	,186)
(2	,188)
(2	,190)
(2	,191)
(2	,193)
(2	,194)
(2	,195)
(2	,199)
(2	,200)
(2	,201)
(2	,202)
(2	,203)
(2	,205)
(2	,208)
(2	,209)
(2	,210)
(2	,212)
(2	,215)
(2	,216)
(2	,217)
(2	,220)
(2	,222)
(2	,225)
(2	,227)
(2	,230)
(2	,231)
(2	,232)
(2	,233)
(2	,234)
(2	,236)
(2	,237)
(2	,238)
(2	,240)
(2	,242)
(2	,243)
(2	,244)
(2	,245)
(2	,246)
(2	,247)
(2	,249)
(2	,250)
(2	,251)
(2	,253)
(2	,254)
(2	,255)
(2	,256)
(2	,257)
(2	,260)
(2	,264)
(2	,266)
(2	,270)
(2	,271)
(2	,274)
(2	,275)
(2	,277)
(2	,278)
(2	,281)
(2	,282)
(2	,283)
(2	,285)
(2	,286)
(2	,287)
(2	,288)
(2	,290)
(2	,292)
(2	,293)
(2	,294)
(2	,295)
(2	,296)
(2	,300)
(2	,301)
(2	,302)
(2	,306)
(2	,310)
(2	,312)
(2	,314)
(2	,316)
(2	,319)
(2	,320)
(2	,322)
(2	,324)
(2	,325)
(2	,326)
(2	,328)
(2	,329)
(2	,330)
(2	,334)
(2	,336)
(2	,338)
(2	,339)
(2	,341)
(2	,342)
(2	,344)
(2	,345)
(2	,347)
(2	,352)
(2	,353)
(2	,354)
(2	,355)
(2	,358)
(2	,361)
(2	,368)
(2	,370)
(2	,374)
(2	,377)
(2	,378)
(2	,385)
(2	,389)
(2	,390)
(2	,392)
(2	,393)
(2	,397)
(2	,398)
(2	,399)
(2	,402)
(2	,404)
(2	,405)
(2	,406)
(2	,407)
(2	,409)
(2	,411)
(2	,412)
(2	,413)
(2	,414)
(2	,415)
(2	,416)
(2	,418)
(2	,420)
(2	,422)
(2	,425)
(2	,427)
(2	,428)
(2	,433)
(2	,435)
(2	,437)
(2	,444)
(2	,446)
(2	,447)
(2	,452)
(2	,454)
(2	,455)
(2	,456)
(2	,458)
(2	,460)
(2	,462)
(2	,463)
(2	,465)
(2	,466)
(2	,470)
(2	,476)
(2	,479)
(2	,481)
(2	,482)
(2	,485)
(2	,486)
(2	,487)
(2	,490)
(2	,491)
(2	,493)
(2	,494)
(2	,496)
(2	,500)
(2	,501)
(2	,503)
(2	,506)
(2	,507)
(2	,509)
(2	,510)
(2	,515)
(2	,518)
(2	,520)
(2	,525)
(2	,537)
(2	,541)
(2	,542)
(2	,544)
(2	,545)
(2	,552)
(2	,554)
(2	,557)
(2	,561)
(2	,563)
(2	,564)
(2	,565)
(2	,568)
(2	,571)
(2	,573)
(2	,574)
(2	,577)
(2	,581)
(2	,584)
(2	,585)
(2	,587)
(2	,592)
(2	,593)
(2	,594)
(2	,597)
(2	,598)
(2	,606)
(2	,607)
(2	,610)
(2	,612)
(2	,613)
(2	,614)
(2	,616)
(2	,618)
(2	,624)
(2	,626)
(2	,630)
(2	,631)
(2	,634)
(2	,639)
(2	,641)
(2	,642)
(2	,643)
(2	,646)
(2	,648)
(2	,650)
(2	,651)
(2	,655)
(2	,659)
(2	,661)
(2	,664)
(2	,666)
(2	,668)
(2	,674)
(2	,676)
(2	,677)
(2	,684)
(2	,687)
(2	,688)
(2	,692)
(2	,695)
(2	,700)
(2	,704)
(2	,708)
(2	,710)
(2	,714)
(2	,717)
(2	,718)
(2	,721)
(2	,725)
(2	,732)
(2	,734)
(2	,736)
(2	,737)
(2	,740)
(2	,741)
(2	,748)
(2	,751)
(2	,762)
(2	,772)
(2	,774)
(2	,775)
(2	,776)
(2	,781)
(2	,786)
(2	,790)
(2	,791)
(2	,799)
(2	,800)
(2	,801)
(2	,802)
(2	,803)
(2	,804)
(2	,809)
(2	,810)
(2	,812)
(2	,813)
(2	,814)
(2	,816)
(2	,819)
(2	,822)
(2	,823)
(2	,826)
(2	,830)
(2	,832)
(2	,835)
(2	,836)
(2	,849)
(2	,850)
(2	,852)
(2	,862)
(2	,864)
(2	,867)
(2	,875)
(2	,877)
(2	,878)
(2	,879)
(2	,883)
(2	,894)
(2	,897)
(2	,901)
(2	,903)
(2	,916)
(2	,917)
(2	,918)
(2	,919)
(2	,922)
(2	,927)
(2	,929)
(2	,933)
(2	,937)
(2	,943)
(2	,948)
(2	,953)
(2	,955)
(2	,960)
(2	,961)
(2	,962)
(2	,964)
(2	,966)
(2	,968)
(2	,970)
(2	,971)
(2	,972)
(2	,979)
(2	,980)
(2	,981)
(2	,982)
(2	,989)
(2	,992)
(2	,1000)
(3	,4)
(3	,5)
(3	,6)
(3	,7)
(3	,8)
(3	,9)
(3	,10)
(3	,11)
(3	,12)
(3	,13)
(3	,14)
(3	,15)
(3	,16)
(3	,17)
(3	,18)
(3	,19)
(3	,20)
(3	,21)
(3	,22)
(3	,23)
(3	,24)
(3	,25)
(3	,26)
(3	,27)
(3	,28)
(3	,29)
(3	,30)
(3	,31)
(3	,32)
(3	,33)
(3	,34)
(3	,35)
(3	,36)
(3	,37)
(3	,38)
(3	,39)
(3	,40)
(3	,41)
(3	,42)
(3	,44)
(3	,45)
(3	,46)
(3	,47)
(3	,48)
(3	,49)
(3	,50)
(3	,51)
(3	,52)
(3	,53)
(3	,54)
(3	,55)
(3	,56)
(3	,57)
(3	,58)
(3	,59)
(3	,60)
(3	,61)
(3	,62)
(3	,63)
(3	,64)
(3	,65)
(3	,66)
(3	,67)
(3	,68)
(3	,69)
(3	,70)
(3	,71)
(3	,72)
(3	,73)
(3	,74)
(3	,75)
(3	,76)
(3	,77)
(3	,80)
(3	,81)
(3	,82)
(3	,83)
(3	,84)
(3	,85)
(3	,86)
(3	,88)
(3	,89)
(3	,90)
(3	,91)
(3	,92)
(3	,93)
(3	,94)
(3	,95)
(3	,96)
(3	,97)
(3	,98)
(3	,100)
(3	,101)
(3	,102)
(3	,103)
(3	,104)
(3	,105)
(3	,106)
(3	,108)
(3	,110)
(3	,111)
(3	,112)
(3	,114)
(3	,115)
(3	,117)
(3	,118)
(3	,119)
(3	,121)
(3	,122)
(3	,123)
(3	,124)
(3	,125)
(3	,128)
(3	,129)
(3	,131)
(3	,132)
(3	,133)
(3	,134)
(3	,135)
(3	,136)
(3	,137)
(3	,138)
(3	,140)
(3	,142)
(3	,143)
(3	,144)
(3	,145)
(3	,149)
(3	,151)
(3	,152)
(3	,153)
(3	,154)
(3	,155)
(3	,156)
(3	,158)
(3	,162)
(3	,163)
(3	,164)
(3	,165)
(3	,166)
(3	,167)
(3	,168)
(3	,170)
(3	,171)
(3	,172)
(3	,173)
(3	,174)
(3	,176)
(3	,178)
(3	,179)
(3	,180)
(3	,181)
(3	,183)
(3	,187)
(3	,191)
(3	,195)
(3	,196)
(3	,198)
(3	,199)
(3	,201)
(3	,202)
(3	,205)
(3	,206)
(3	,207)
(3	,208)
(3	,211)
(3	,212)
(3	,214)
(3	,217)
(3	,219)
(3	,221)
(3	,222)
(3	,224)
(3	,226)
(3	,227)
(3	,228)
(3	,231)
(3	,232)
(3	,235)
(3	,236)
(3	,239)
(3	,241)
(3	,242)
(3	,244)
(3	,245)
(3	,246)
(3	,256)
(3	,258)
(3	,259)
(3	,261)
(3	,263)
(3	,265)
(3	,268)
(3	,273)
(3	,275)
(3	,276)
(3	,278)
(3	,279)
(3	,280)
(3	,282)
(3	,285)
(3	,291)
(3	,296)
(3	,297)
(3	,301)
(3	,303)
(3	,305)
(3	,306)
(3	,308)
(3	,309)
(3	,313)
(3	,315)
(3	,317)
(3	,321)
(3	,322)
(3	,326)
(3	,328)
(3	,331)
(3	,332)
(3	,333)
(3	,334)
(3	,337)
(3	,338)
(3	,339)
(3	,343)
(3	,346)
(3	,348)
(3	,349)
(3	,350)
(3	,351)
(3	,356)
(3	,357)
(3	,362)
(3	,363)
(3	,364)
(3	,366)
(3	,372)
(3	,373)
(3	,374)
(3	,375)
(3	,376)
(3	,382)
(3	,384)
(3	,388)
(3	,391)
(3	,393)
(3	,395)
(3	,396)
(3	,397)
(3	,401)
(3	,403)
(3	,406)
(3	,407)
(3	,408)
(3	,410)
(3	,411)
(3	,417)
(3	,418)
(3	,419)
(3	,421)
(3	,423)
(3	,425)
(3	,428)
(3	,429)
(3	,431)
(3	,434)
(3	,438)
(3	,439)
(3	,441)
(3	,442)
(3	,445)
(3	,451)
(3	,453)
(3	,456)
(3	,460)
(3	,462)
(3	,464)
(3	,477)
(3	,484)
(3	,487)
(3	,488)
(3	,494)
(3	,495)
(3	,497)
(3	,500)
(3	,505)
(3	,516)
(3	,519)
(3	,522)
(3	,524)
(3	,526)
(3	,529)
(3	,530)
(3	,531)
(3	,533)
(3	,535)
(3	,536)
(3	,537)
(3	,538)
(3	,540)
(3	,546)
(3	,547)
(3	,549)
(3	,551)
(3	,553)
(3	,556)
(3	,559)
(3	,560)
(3	,562)
(3	,564)
(3	,570)
(3	,572)
(3	,573)
(3	,574)
(3	,576)
(3	,578)
(3	,581)
(3	,582)
(3	,605)
(3	,607)
(3	,608)
(3	,609)
(3	,614)
(3	,616)
(3	,617)
(3	,618)
(3	,621)
(3	,622)
(3	,623)
(3	,625)
(3	,627)
(3	,628)
(3	,629)
(3	,649)
(3	,653)
(3	,656)
(3	,658)
(3	,660)
(3	,662)
(3	,663)
(3	,668)
(3	,669)
(3	,670)
(3	,675)
(3	,676)
(3	,677)
(3	,681)
(3	,682)
(3	,684)
(3	,686)
(3	,689)
(3	,690)
(3	,692)
(3	,693)
(3	,697)
(3	,699)
(3	,702)
(3	,704)
(3	,705)
(3	,712)
(3	,724)
(3	,726)
(3	,727)
(3	,728)
(3	,730)
(3	,733)
(3	,743)
(3	,752)
(3	,757)
(3	,759)
(3	,760)
(3	,764)
(3	,770)
(3	,775)
(3	,779)
(3	,783)
(3	,785)
(3	,787)
(3	,788)
(3	,790)
(3	,791)
(3	,797)
(3	,799)
(3	,806)
(3	,819)
(3	,824)
(3	,825)
(3	,827)
(3	,833)
(3	,838)
(3	,846)
(3	,856)
(3	,859)
(3	,860)
(3	,866)
(3	,868)
(3	,870)
(3	,872)
(3	,873)
(3	,877)
(3	,885)
(3	,886)
(3	,887)
(3	,897)
(3	,898)
(3	,900)
(3	,904)
(3	,907)
(3	,910)
(3	,911)
(3	,912)
(3	,913)
(3	,915)
(3	,925)
(3	,932)
(3	,941)
(3	,965)
(3	,970)
(3	,988)
(4	,5)
(4	,6)
(4	,7)
(4	,8)
(4	,9)
(4	,10)
(4	,11)
(4	,12)
(4	,13)
(4	,14)
(4	,15)
(4	,16)
(4	,17)
(4	,18)
(4	,19)
(4	,20)
(4	,21)
(4	,22)
(4	,23)
(4	,24)
(4	,25)
(4	,26)
(4	,27)
(4	,28)
(4	,29)
(4	,30)
(4	,31)
(4	,32)
(4	,33)
(4	,34)
(4	,35)
(4	,36)
(4	,37)
(4	,38)
(4	,39)
(4	,40)
(4	,41)
(4	,42)
(4	,44)
(4	,45)
(4	,46)
(4	,48)
(4	,49)
(4	,50)
(4	,51)
(4	,52)
(4	,53)
(4	,54)
(4	,55)
(4	,56)
(4	,57)
(4	,58)
(4	,59)
(4	,60)
(4	,61)
(4	,62)
(4	,63)
(4	,64)
(4	,65)
(4	,66)
(4	,67)
(4	,68)
(4	,69)
(4	,70)
(4	,71)
(4	,72)
(4	,74)
(4	,75)
(4	,76)
(4	,77)
(4	,78)
(4	,79)
(4	,80)
(4	,81)
(4	,82)
(4	,85)
(4	,86)
(4	,88)
(4	,90)
(4	,91)
(4	,92)
(4	,93)
(4	,94)
(4	,97)
(4	,98)
(4	,100)
(4	,101)
(4	,102)
(4	,104)
(4	,105)
(4	,107)
(4	,109)
(4	,111)
(4	,113)
(4	,114)
(4	,116)
(4	,117)
(4	,119)
(4	,120)
(4	,124)
(4	,125)
(4	,126)
(4	,128)
(4	,130)
(4	,132)
(4	,134)
(4	,135)
(4	,136)
(4	,140)
(4	,141)
(4	,142)
(4	,145)
(4	,149)
(4	,150)
(4	,151)
(4	,152)
(4	,157)
(4	,160)
(4	,161)
(4	,162)
(4	,163)
(4	,165)
(4	,168)
(4	,171)
(4	,172)
(4	,173)
(4	,174)
(4	,175)
(4	,179)
(4	,181)
(4	,182)
(4	,185)
(4	,186)
(4	,187)
(4	,190)
(4	,193)
(4	,194)
(4	,195)
(4	,197)
(4	,199)
(4	,200)
(4	,202)
(4	,203)
(4	,205)
(4	,206)
(4	,208)
(4	,209)
(4	,210)
(4	,211)
(4	,212)
(4	,213)
(4	,216)
(4	,223)
(4	,225)
(4	,232)
(4	,234)
(4	,235)
(4	,237)
(4	,238)
(4	,240)
(4	,243)
(4	,244)
(4	,249)
(4	,251)
(4	,257)
(4	,262)
(4	,264)
(4	,266)
(4	,268)
(4	,274)
(4	,275)
(4	,277)
(4	,281)
(4	,282)
(4	,293)
(4	,295)
(4	,296)
(4	,301)
(4	,302)
(4	,310)
(4	,314)
(4	,320)
(4	,324)
(4	,326)
(4	,327)
(4	,330)
(4	,331)
(4	,339)
(4	,340)
(4	,341)
(4	,354)
(4	,355)
(4	,358)
(4	,370)
(4	,390)
(4	,392)
(4	,397)
(4	,398)
(4	,405)
(4	,409)
(4	,411)
(4	,413)
(4	,417)
(4	,424)
(4	,425)
(4	,436)
(4	,444)
(4	,447)
(4	,448)
(4	,454)
(4	,455)
(4	,467)
(4	,468)
(4	,473)
(4	,479)
(4	,485)
(4	,491)
(4	,504)
(4	,506)
(4	,511)
(4	,523)
(4	,525)
(4	,540)
(4	,544)
(4	,550)
(4	,561)
(4	,563)
(4	,568)
(4	,570)
(4	,571)
(4	,577)
(4	,579)
(4	,592)
(4	,597)
(4	,599)
(4	,600)
(4	,606)
(4	,612)
(4	,613)
(4	,618)
(4	,626)
(4	,631)
(4	,634)
(4	,638)
(4	,641)
(4	,643)
(4	,645)
(4	,652)
(4	,656)
(4	,657)
(4	,659)
(4	,662)
(4	,670)
(4	,673)
(4	,674)
(4	,684)
(4	,697)
(4	,700)
(4	,704)
(4	,710)
(4	,717)
(4	,723)
(4	,725)
(4	,737)
(4	,740)
(4	,748)
(4	,749)
(4	,751)
(4	,757)
(4	,767)
(4	,770)
(4	,774)
(4	,775)
(4	,784)
(4	,787)
(4	,791)
(4	,792)
(4	,799)
(4	,802)
(4	,804)
(4	,809)
(4	,811)
(4	,826)
(4	,830)
(4	,835)
(4	,836)
(4	,837)
(4	,840)
(4	,878)
(4	,879)
(4	,883)
(4	,891)
(4	,892)
(4	,899)
(4	,901)
(4	,903)
(4	,916)
(4	,918)
(4	,929)
(4	,950)
(4	,961)
(4	,980)
(4	,982)
(4	,989)
(4	,998)
(5	,6)
(5	,7)
(5	,8)
(5	,9)
(5	,10)
(5	,11)
(5	,12)
(5	,13)
(5	,14)
(5	,15)
(5	,16)
(5	,17)
(5	,18)
(5	,19)
(5	,20)
(5	,21)
(5	,22)
(5	,23)
(5	,24)
(5	,25)
(5	,26)
(5	,27)
(5	,28)
(5	,29)
(5	,30)
(5	,31)
(5	,32)
(5	,33)
(5	,34)
(5	,35)
(5	,36)
(5	,37)
(5	,39)
(5	,40)
(5	,41)
(5	,42)
(5	,43)
(5	,44)
(5	,45)
(5	,46)
(5	,47)
(5	,48)
(5	,49)
(5	,50)
(5	,53)
(5	,54)
(5	,55)
(5	,56)
(5	,57)
(5	,59)
(5	,60)
(5	,61)
(5	,62)
(5	,63)
(5	,64)
(5	,65)
(5	,66)
(5	,67)
(5	,68)
(5	,69)
(5	,70)
(5	,71)
(5	,73)
(5	,74)
(5	,75)
(5	,76)
(5	,78)
(5	,79)
(5	,80)
(5	,81)
(5	,84)
(5	,85)
(5	,87)
(5	,88)
(5	,90)
(5	,91)
(5	,92)
(5	,93)
(5	,96)
(5	,97)
(5	,98)
(5	,99)
(5	,100)
(5	,102)
(5	,106)
(5	,107)
(5	,108)
(5	,110)
(5	,112)
(5	,113)
(5	,117)
(5	,121)
(5	,122)
(5	,123)
(5	,124)
(5	,125)
(5	,126)
(5	,130)
(5	,131)
(5	,139)
(5	,140)
(5	,141)
(5	,144)
(5	,145)
(5	,146)
(5	,147)
(5	,148)
(5	,152)
(5	,153)
(5	,154)
(5	,155)
(5	,157)
(5	,158)
(5	,160)
(5	,161)
(5	,164)
(5	,169)
(5	,172)
(5	,176)
(5	,177)
(5	,179)
(5	,184)
(5	,188)
(5	,189)
(5	,190)
(5	,196)
(5	,199)
(5	,203)
(5	,214)
(5	,215)
(5	,216)
(5	,223)
(5	,227)
(5	,230)
(5	,231)
(5	,234)
(5	,241)
(5	,247)
(5	,249)
(5	,260)
(5	,262)
(5	,265)
(5	,269)
(5	,271)
(5	,274)
(5	,281)
(5	,282)
(5	,284)
(5	,286)
(5	,288)
(5	,290)
(5	,294)
(5	,299)
(5	,307)
(5	,308)
(5	,320)
(5	,323)
(5	,335)
(5	,336)
(5	,340)
(5	,342)
(5	,347)
(5	,348)
(5	,349)
(5	,353)
(5	,354)
(5	,356)
(5	,359)
(5	,360)
(5	,365)
(5	,367)
(5	,368)
(5	,369)
(5	,371)
(5	,377)
(5	,379)
(5	,381)
(5	,385)
(5	,394)
(5	,400)
(5	,408)
(5	,412)
(5	,416)
(5	,422)
(5	,427)
(5	,432)
(5	,446)
(5	,448)
(5	,449)
(5	,456)
(5	,459)
(5	,461)
(5	,463)
(5	,465)
(5	,469)
(5	,472)
(5	,474)
(5	,476)
(5	,482)
(5	,488)
(5	,489)
(5	,491)
(5	,497)
(5	,498)
(5	,499)
(5	,502)
(5	,509)
(5	,510)
(5	,512)
(5	,514)
(5	,517)
(5	,527)
(5	,532)
(5	,557)
(5	,562)
(5	,569)
(5	,580)
(5	,589)
(5	,593)
(5	,599)
(5	,615)
(5	,616)
(5	,635)
(5	,646)
(5	,655)
(5	,671)
(5	,677)
(5	,683)
(5	,685)
(5	,688)
(5	,691)
(5	,694)
(5	,703)
(5	,707)
(5	,713)
(5	,718)
(5	,735)
(5	,748)
(5	,749)
(5	,756)
(5	,773)
(5	,777)
(5	,780)
(5	,786)
(5	,790)
(5	,807)
(5	,814)
(5	,821)
(5	,826)
(5	,829)
(5	,842)
(5	,849)
(5	,851)
(5	,853)
(5	,857)
(5	,861)
(5	,864)
(5	,865)
(5	,869)
(5	,881)
(5	,884)
(5	,895)
(5	,908)
(5	,914)
(5	,934)
(5	,946)
(5	,967)
(5	,976)
(5	,977)
(5	,994)
(5	,995)
(5	,996)
(6	,7)
(6	,8)
(6	,9)
(6	,10)
(6	,11)
(6	,12)
(6	,13)
(6	,14)
(6	,15)
(6	,16)
(6	,17)
(6	,18)
(6	,19)
(6	,20)
(6	,21)
(6	,22)
(6	,23)
(6	,25)
(6	,26)
(6	,27)
(6	,28)
(6	,29)
(6	,31)
(6	,32)
(6	,33)
(6	,34)
(6	,35)
(6	,36)
(6	,37)
(6	,38)
(6	,39)
(6	,40)
(6	,41)
(6	,42)
(6	,43)
(6	,44)
(6	,45)
(6	,46)
(6	,47)
(6	,48)
(6	,49)
(6	,51)
(6	,52)
(6	,53)
(6	,55)
(6	,56)
(6	,57)
(6	,58)
(6	,59)
(6	,60)
(6	,61)
(6	,62)
(6	,63)
(6	,65)
(6	,66)
(6	,68)
(6	,69)
(6	,70)
(6	,71)
(6	,74)
(6	,75)
(6	,76)
(6	,77)
(6	,78)
(6	,79)
(6	,80)
(6	,81)
(6	,84)
(6	,85)
(6	,87)
(6	,88)
(6	,91)
(6	,92)
(6	,93)
(6	,95)
(6	,96)
(6	,98)
(6	,99)
(6	,107)
(6	,108)
(6	,109)
(6	,110)
(6	,111)
(6	,112)
(6	,113)
(6	,116)
(6	,120)
(6	,121)
(6	,123)
(6	,132)
(6	,133)
(6	,139)
(6	,140)
(6	,145)
(6	,146)
(6	,147)
(6	,148)
(6	,158)
(6	,159)
(6	,169)
(6	,174)
(6	,177)
(6	,189)
(6	,190)
(6	,191)
(6	,201)
(6	,206)
(6	,210)
(6	,214)
(6	,215)
(6	,218)
(6	,219)
(6	,220)
(6	,222)
(6	,223)
(6	,228)
(6	,229)
(6	,232)
(6	,241)
(6	,243)
(6	,245)
(6	,247)
(6	,249)
(6	,250)
(6	,260)
(6	,262)
(6	,269)
(6	,270)
(6	,284)
(6	,286)
(6	,294)
(6	,295)
(6	,307)
(6	,312)
(6	,335)
(6	,340)
(6	,342)
(6	,348)
(6	,353)
(6	,356)
(6	,358)
(6	,360)
(6	,364)
(6	,365)
(6	,367)
(6	,369)
(6	,379)
(6	,383)
(6	,385)
(6	,394)
(6	,409)
(6	,412)
(6	,414)
(6	,416)
(6	,422)
(6	,427)
(6	,429)
(6	,446)
(6	,459)
(6	,461)
(6	,463)
(6	,465)
(6	,482)
(6	,491)
(6	,492)
(6	,498)
(6	,499)
(6	,502)
(6	,510)
(6	,514)
(6	,527)
(6	,528)
(6	,532)
(6	,559)
(6	,565)
(6	,580)
(6	,589)
(6	,599)
(6	,604)
(6	,611)
(6	,624)
(6	,633)
(6	,639)
(6	,655)
(6	,694)
(6	,695)
(6	,707)
(6	,713)
(6	,719)
(6	,727)
(6	,729)
(6	,735)
(6	,742)
(6	,754)
(6	,769)
(6	,773)
(6	,777)
(6	,780)
(6	,785)
(6	,786)
(6	,790)
(6	,807)
(6	,810)
(6	,814)
(6	,821)
(6	,829)
(6	,842)
(6	,857)
(6	,861)
(6	,864)
(6	,865)
(6	,881)
(6	,884)
(6	,895)
(6	,902)
(6	,908)
(6	,909)
(6	,931)
(6	,934)
(6	,937)
(6	,946)
(6	,967)
(6	,996)
(7	,8)
(7	,9)
(7	,10)
(7	,11)
(7	,12)
(7	,13)
(7	,14)
(7	,15)
(7	,16)
(7	,17)
(7	,18)
(7	,19)
(7	,20)
(7	,21)
(7	,22)
(7	,23)
(7	,24)
(7	,25)
(7	,26)
(7	,27)
(7	,28)
(7	,29)
(7	,30)
(7	,32)
(7	,33)
(7	,34)
(7	,35)
(7	,41)
(7	,43)
(7	,44)
(7	,46)
(7	,47)
(7	,48)
(7	,50)
(7	,51)
(7	,52)
(7	,53)
(7	,55)
(7	,57)
(7	,58)
(7	,59)
(7	,61)
(7	,63)
(7	,64)
(7	,65)
(7	,68)
(7	,71)
(7	,73)
(7	,74)
(7	,81)
(7	,83)
(7	,84)
(7	,85)
(7	,86)
(7	,87)
(7	,88)
(7	,89)
(7	,91)
(7	,95)
(7	,97)
(7	,101)
(7	,102)
(7	,106)
(7	,107)
(7	,110)
(7	,111)
(7	,118)
(7	,127)
(7	,129)
(7	,133)
(7	,136)
(7	,137)
(7	,138)
(7	,143)
(7	,144)
(7	,146)
(7	,153)
(7	,155)
(7	,156)
(7	,162)
(7	,164)
(7	,166)
(7	,167)
(7	,168)
(7	,170)
(7	,174)
(7	,176)
(7	,178)
(7	,179)
(7	,180)
(7	,183)
(7	,186)
(7	,192)
(7	,201)
(7	,202)
(7	,204)
(7	,215)
(7	,218)
(7	,219)
(7	,221)
(7	,222)
(7	,223)
(7	,226)
(7	,230)
(7	,231)
(7	,233)
(7	,239)
(7	,242)
(7	,243)
(7	,245)
(7	,256)
(7	,261)
(7	,263)
(7	,265)
(7	,267)
(7	,268)
(7	,276)
(7	,280)
(7	,289)
(7	,291)
(7	,303)
(7	,306)
(7	,308)
(7	,317)
(7	,319)
(7	,321)
(7	,322)
(7	,327)
(7	,332)
(7	,336)
(7	,337)
(7	,349)
(7	,362)
(7	,364)
(7	,366)
(7	,372)
(7	,375)
(7	,380)
(7	,384)
(7	,386)
(7	,387)
(7	,396)
(7	,418)
(7	,426)
(7	,430)
(7	,453)
(7	,464)
(7	,483)
(7	,484)
(7	,488)
(7	,495)
(7	,500)
(7	,505)
(7	,513)
(7	,515)
(7	,521)
(7	,529)
(7	,535)
(7	,536)
(7	,538)
(7	,547)
(7	,550)
(7	,555)
(7	,556)
(7	,559)
(7	,562)
(7	,572)
(7	,573)
(7	,575)
(7	,576)
(7	,610)
(7	,621)
(7	,623)
(7	,625)
(7	,626)
(7	,640)
(7	,647)
(7	,658)
(7	,662)
(7	,669)
(7	,679)
(7	,680)
(7	,690)
(7	,698)
(7	,701)
(7	,706)
(7	,712)
(7	,714)
(7	,715)
(7	,739)
(7	,743)
(7	,745)
(7	,750)
(7	,753)
(7	,758)
(7	,760)
(7	,767)
(7	,788)
(7	,794)
(7	,806)
(7	,818)
(7	,819)
(7	,828)
(7	,846)
(7	,868)
(7	,874)
(7	,882)
(7	,891)
(7	,945)
(7	,949)
(7	,954)
(7	,991)
(7	,997)
(8	,9)
(8	,10)
(8	,11)
(8	,12)
(8	,13)
(8	,14)
(8	,15)
(8	,16)
(8	,17)
(8	,18)
(8	,19)
(8	,20)
(8	,21)
(8	,22)
(8	,23)
(8	,24)
(8	,25)
(8	,26)
(8	,27)
(8	,28)
(8	,29)
(8	,30)
(8	,31)
(8	,32)
(8	,33)
(8	,34)
(8	,35)
(8	,36)
(8	,37)
(8	,38)
(8	,39)
(8	,40)
(8	,42)
(8	,43)
(8	,44)
(8	,45)
(8	,46)
(8	,49)
(8	,53)
(8	,54)
(8	,55)
(8	,56)
(8	,59)
(8	,60)
(8	,61)
(8	,63)
(8	,65)
(8	,66)
(8	,68)
(8	,69)
(8	,71)
(8	,73)
(8	,74)
(8	,75)
(8	,76)
(8	,77)
(8	,78)
(8	,79)
(8	,80)
(8	,82)
(8	,84)
(8	,85)
(8	,86)
(8	,87)
(8	,89)
(8	,91)
(8	,92)
(8	,93)
(8	,96)
(8	,98)
(8	,99)
(8	,100)
(8	,102)
(8	,103)
(8	,105)
(8	,107)
(8	,108)
(8	,110)
(8	,112)
(8	,113)
(8	,117)
(8	,122)
(8	,123)
(8	,126)
(8	,135)
(8	,140)
(8	,143)
(8	,147)
(8	,148)
(8	,152)
(8	,153)
(8	,157)
(8	,159)
(8	,163)
(8	,177)
(8	,184)
(8	,186)
(8	,188)
(8	,189)
(8	,190)
(8	,191)
(8	,200)
(8	,209)
(8	,210)
(8	,214)
(8	,215)
(8	,220)
(8	,229)
(8	,249)
(8	,262)
(8	,269)
(8	,274)
(8	,281)
(8	,284)
(8	,286)
(8	,290)
(8	,299)
(8	,307)
(8	,312)
(8	,314)
(8	,323)
(8	,335)
(8	,340)
(8	,347)
(8	,353)
(8	,360)
(8	,367)
(8	,369)
(8	,371)
(8	,377)
(8	,383)
(8	,385)
(8	,394)
(8	,400)
(8	,415)
(8	,416)
(8	,422)
(8	,425)
(8	,427)
(8	,435)
(8	,446)
(8	,448)
(8	,451)
(8	,456)
(8	,459)
(8	,465)
(8	,467)
(8	,469)
(8	,472)
(8	,474)
(8	,476)
(8	,489)
(8	,502)
(8	,517)
(8	,528)
(8	,532)
(8	,542)
(8	,545)
(8	,557)
(8	,569)
(8	,588)
(8	,595)
(8	,615)
(8	,616)
(8	,623)
(8	,651)
(8	,671)
(8	,685)
(8	,687)
(8	,691)
(8	,718)
(8	,756)
(8	,767)
(8	,785)
(8	,786)
(8	,790)
(8	,814)
(8	,820)
(8	,821)
(8	,853)
(8	,857)
(8	,864)
(8	,867)
(8	,888)
(8	,902)
(8	,908)
(8	,909)
(8	,922)
(8	,936)
(8	,956)
(8	,971)
(8	,977)
(8	,979)
(8	,984)
(8	,994)
(8	,996)
(9	,10)
(9	,11)
(9	,12)
(9	,13)
(9	,14)
(9	,15)
(9	,16)
(9	,17)
(9	,18)
(9	,19)
(9	,20)
(9	,21)
(9	,22)
(9	,24)
(9	,25)
(9	,26)
(9	,27)
(9	,28)
(9	,29)
(9	,30)
(9	,32)
(9	,33)
(9	,36)
(9	,38)
(9	,39)
(9	,41)
(9	,43)
(9	,46)
(9	,47)
(9	,48)
(9	,49)
(9	,50)
(9	,51)
(9	,52)
(9	,56)
(9	,57)
(9	,58)
(9	,59)
(9	,62)
(9	,64)
(9	,65)
(9	,67)
(9	,68)
(9	,72)
(9	,77)
(9	,83)
(9	,86)
(9	,89)
(9	,94)
(9	,95)
(9	,97)
(9	,101)
(9	,105)
(9	,106)
(9	,111)
(9	,114)
(9	,115)
(9	,121)
(9	,122)
(9	,124)
(9	,126)
(9	,128)
(9	,129)
(9	,131)
(9	,134)
(9	,136)
(9	,142)
(9	,143)
(9	,151)
(9	,152)
(9	,154)
(9	,155)
(9	,156)
(9	,162)
(9	,163)
(9	,166)
(9	,167)
(9	,168)
(9	,175)
(9	,178)
(9	,186)
(9	,195)
(9	,198)
(9	,206)
(9	,207)
(9	,211)
(9	,212)
(9	,217)
(9	,221)
(9	,224)
(9	,233)
(9	,236)
(9	,256)
(9	,258)
(9	,259)
(9	,265)
(9	,278)
(9	,279)
(9	,285)
(9	,289)
(9	,328)
(9	,331)
(9	,338)
(9	,340)
(9	,350)
(9	,356)
(9	,357)
(9	,373)
(9	,374)
(9	,378)
(9	,380)
(9	,382)
(9	,384)
(9	,391)
(9	,396)
(9	,406)
(9	,407)
(9	,408)
(9	,420)
(9	,423)
(9	,431)
(9	,439)
(9	,441)
(9	,450)
(9	,464)
(9	,475)
(9	,494)
(9	,497)
(9	,521)
(9	,524)
(9	,531)
(9	,535)
(9	,538)
(9	,539)
(9	,551)
(9	,555)
(9	,556)
(9	,560)
(9	,564)
(9	,586)
(9	,608)
(9	,614)
(9	,628)
(9	,629)
(9	,636)
(9	,653)
(9	,661)
(9	,689)
(9	,699)
(9	,724)
(9	,726)
(9	,731)
(9	,743)
(9	,757)
(9	,765)
(9	,798)
(9	,818)
(9	,833)
(9	,838)
(9	,856)
(9	,859)
(9	,866)
(9	,872)
(9	,887)
(9	,891)
(9	,900)
(9	,904)
(9	,915)
(9	,920)
(9	,932)
(9	,941)
(9	,949)
(10	,11)
(10	,12)
(10	,13)
(10	,14)
(10	,15)
(10	,17)
(10	,18)
(10	,19)
(10	,21)
(10	,22)
(10	,24)
(10	,25)
(10	,27)
(10	,30)
(10	,32)
(10	,33)
(10	,34)
(10	,36)
(10	,38)
(10	,41)
(10	,42)
(10	,43)
(10	,45)
(10	,46)
(10	,48)
(10	,49)
(10	,50)
(10	,51)
(10	,56)
(10	,57)
(10	,58)
(10	,67)
(10	,74)
(10	,77)
(10	,84)
(10	,86)
(10	,89)
(10	,94)
(10	,96)
(10	,97)
(10	,101)
(10	,105)
(10	,106)
(10	,109)
(10	,115)
(10	,124)
(10	,125)
(10	,128)
(10	,130)
(10	,132)
(10	,134)
(10	,135)
(10	,136)
(10	,142)
(10	,143)
(10	,149)
(10	,150)
(10	,151)
(10	,152)
(10	,160)
(10	,161)
(10	,163)
(10	,172)
(10	,173)
(10	,181)
(10	,200)
(10	,206)
(10	,208)
(10	,212)
(10	,226)
(10	,234)
(10	,235)
(10	,238)
(10	,248)
(10	,255)
(10	,264)
(10	,277)
(10	,293)
(10	,294)
(10	,296)
(10	,313)
(10	,314)
(10	,319)
(10	,324)
(10	,344)
(10	,345)
(10	,378)
(10	,382)
(10	,397)
(10	,398)
(10	,424)
(10	,425)
(10	,447)
(10	,468)
(10	,473)
(10	,480)
(10	,494)
(10	,503)
(10	,506)
(10	,510)
(10	,530)
(10	,532)
(10	,544)
(10	,550)
(10	,570)
(10	,578)
(10	,579)
(10	,586)
(10	,594)
(10	,600)
(10	,603)
(10	,643)
(10	,646)
(10	,652)
(10	,656)
(10	,662)
(10	,673)
(10	,675)
(10	,710)
(10	,723)
(10	,733)
(10	,768)
(10	,775)
(10	,782)
(10	,792)
(10	,823)
(10	,825)
(10	,837)
(10	,840)
(10	,844)
(10	,852)
(10	,856)
(10	,873)
(10	,878)
(10	,892)
(10	,893)
(10	,927)
(10	,951)
(10	,958)
(10	,975)
(10	,987)
(10	,992)
(10	,993)
(11	,13)
(11	,14)
(11	,18)
(11	,19)
(11	,20)
(11	,22)
(11	,23)
(11	,24)
(11	,25)
(11	,26)
(11	,28)
(11	,29)
(11	,31)
(11	,35)
(11	,37)
(11	,39)
(11	,40)
(11	,41)
(11	,42)
(11	,43)
(11	,44)
(11	,45)
(11	,47)
(11	,49)
(11	,53)
(11	,55)
(11	,57)
(11	,59)
(11	,61)
(11	,63)
(11	,66)
(11	,67)
(11	,68)
(11	,69)
(11	,72)
(11	,73)
(11	,74)
(11	,76)
(11	,79)
(11	,81)
(11	,82)
(11	,85)
(11	,86)
(11	,90)
(11	,93)
(11	,96)
(11	,99)
(11	,100)
(11	,108)
(11	,112)
(11	,113)
(11	,123)
(11	,126)
(11	,137)
(11	,140)
(11	,147)
(11	,158)
(11	,169)
(11	,177)
(11	,188)
(11	,189)
(11	,190)
(11	,208)
(11	,214)
(11	,215)
(11	,223)
(11	,233)
(11	,241)
(11	,247)
(11	,249)
(11	,253)
(11	,269)
(11	,274)
(11	,281)
(11	,286)
(11	,288)
(11	,292)
(11	,294)
(11	,307)
(11	,323)
(11	,335)
(11	,347)
(11	,348)
(11	,353)
(11	,360)
(11	,365)
(11	,367)
(11	,369)
(11	,371)
(11	,381)
(11	,385)
(11	,412)
(11	,422)
(11	,456)
(11	,458)
(11	,459)
(11	,463)
(11	,465)
(11	,471)
(11	,476)
(11	,482)
(11	,498)
(11	,517)
(11	,527)
(11	,528)
(11	,532)
(11	,545)
(11	,557)
(11	,563)
(11	,589)
(11	,615)
(11	,616)
(11	,655)
(11	,687)
(11	,703)
(11	,707)
(11	,713)
(11	,754)
(11	,756)
(11	,777)
(11	,785)
(11	,794)
(11	,807)
(11	,814)
(11	,821)
(11	,829)
(11	,851)
(11	,861)
(11	,864)
(11	,865)
(11	,881)
(11	,884)
(11	,908)
(11	,967)
(11	,994)
(11	,995)
(11	,996)
(12	,13)
(12	,14)
(12	,16)
(12	,17)
(12	,18)
(12	,19)
(12	,20)
(12	,21)
(12	,22)
(12	,23)
(12	,24)
(12	,25)
(12	,26)
(12	,27)
(12	,29)
(12	,30)
(12	,33)
(12	,34)
(12	,36)
(12	,37)
(12	,38)
(12	,39)
(12	,41)
(12	,48)
(12	,50)
(12	,51)
(12	,54)
(12	,55)
(12	,56)
(12	,59)
(12	,62)
(12	,67)
(12	,70)
(12	,72)
(12	,74)
(12	,77)
(12	,82)
(12	,87)
(12	,88)
(12	,92)
(12	,94)
(12	,101)
(12	,105)
(12	,114)
(12	,119)
(12	,124)
(12	,125)
(12	,128)
(12	,130)
(12	,134)
(12	,135)
(12	,142)
(12	,143)
(12	,149)
(12	,151)
(12	,152)
(12	,160)
(12	,171)
(12	,173)
(12	,175)
(12	,181)
(12	,182)
(12	,193)
(12	,194)
(12	,197)
(12	,212)
(12	,213)
(12	,234)
(12	,235)
(12	,238)
(12	,243)
(12	,251)
(12	,264)
(12	,266)
(12	,282)
(12	,293)
(12	,296)
(12	,302)
(12	,314)
(12	,319)
(12	,324)
(12	,345)
(12	,354)
(12	,397)
(12	,398)
(12	,425)
(12	,447)
(12	,467)
(12	,468)
(12	,473)
(12	,477)
(12	,506)
(12	,511)
(12	,530)
(12	,544)
(12	,592)
(12	,594)
(12	,597)
(12	,600)
(12	,603)
(12	,643)
(12	,652)
(12	,656)
(12	,659)
(12	,675)
(12	,710)
(12	,725)
(12	,733)
(12	,784)
(12	,792)
(12	,804)
(12	,826)
(12	,837)
(12	,879)
(12	,927)
(12	,959)
(12	,961)
(12	,963)
(12	,986)
(12	,998)
(13	,14)
(13	,15)
(13	,16)
(13	,17)
(13	,18)
(13	,19)
(13	,20)
(13	,21)
(13	,22)
(13	,24)
(13	,25)
(13	,27)
(13	,32)
(13	,33)
(13	,36)
(13	,40)
(13	,43)
(13	,44)
(13	,45)
(13	,48)
(13	,50)
(13	,51)
(13	,52)
(13	,54)
(13	,56)
(13	,62)
(13	,67)
(13	,83)
(13	,86)
(13	,94)
(13	,95)
(13	,103)
(13	,105)
(13	,106)
(13	,109)
(13	,111)
(13	,115)
(13	,121)
(13	,122)
(13	,124)
(13	,125)
(13	,128)
(13	,129)
(13	,131)
(13	,134)
(13	,142)
(13	,143)
(13	,149)
(13	,150)
(13	,151)
(13	,156)
(13	,163)
(13	,168)
(13	,171)
(13	,179)
(13	,187)
(13	,195)
(13	,198)
(13	,206)
(13	,211)
(13	,212)
(13	,213)
(13	,219)
(13	,227)
(13	,234)
(13	,235)
(13	,236)
(13	,248)
(13	,256)
(13	,279)
(13	,296)
(13	,301)
(13	,331)
(13	,334)
(13	,344)
(13	,357)
(13	,373)
(13	,374)
(13	,378)
(13	,391)
(13	,406)
(13	,407)
(13	,410)
(13	,424)
(13	,434)
(13	,441)
(13	,445)
(13	,460)
(13	,467)
(13	,480)
(13	,495)
(13	,503)
(13	,511)
(13	,519)
(13	,520)
(13	,523)
(13	,539)
(13	,560)
(13	,578)
(13	,598)
(13	,602)
(13	,603)
(13	,607)
(13	,614)
(13	,655)
(13	,661)
(13	,692)
(13	,696)
(13	,699)
(13	,723)
(13	,808)
(13	,904)
(13	,940)
(13	,952)
(13	,975)
(13	,980)
(13	,987)
(13	,992)
(14	,16)
(14	,19)
(14	,21)
(14	,22)
(14	,23)
(14	,24)
(14	,25)
(14	,26)
(14	,28)
(14	,29)
(14	,30)
(14	,32)
(14	,34)
(14	,36)
(14	,37)
(14	,39)
(14	,40)
(14	,42)
(14	,43)
(14	,44)
(14	,45)
(14	,49)
(14	,50)
(14	,53)
(14	,56)
(14	,57)
(14	,60)
(14	,61)
(14	,62)
(14	,63)
(14	,65)
(14	,68)
(14	,69)
(14	,75)
(14	,78)
(14	,79)
(14	,80)
(14	,84)
(14	,85)
(14	,87)
(14	,91)
(14	,93)
(14	,96)
(14	,98)
(14	,99)
(14	,100)
(14	,107)
(14	,108)
(14	,112)
(14	,116)
(14	,122)
(14	,123)
(14	,126)
(14	,127)
(14	,140)
(14	,144)
(14	,147)
(14	,148)
(14	,155)
(14	,169)
(14	,177)
(14	,184)
(14	,215)
(14	,220)
(14	,229)
(14	,241)
(14	,247)
(14	,253)
(14	,262)
(14	,271)
(14	,274)
(14	,283)
(14	,286)
(14	,288)
(14	,294)
(14	,299)
(14	,335)
(14	,348)
(14	,353)
(14	,360)
(14	,365)
(14	,367)
(14	,369)
(14	,371)
(14	,385)
(14	,394)
(14	,400)
(14	,448)
(14	,459)
(14	,465)
(14	,469)
(14	,474)
(14	,476)
(14	,479)
(14	,482)
(14	,492)
(14	,511)
(14	,517)
(14	,532)
(14	,552)
(14	,565)
(14	,589)
(14	,616)
(14	,631)
(14	,651)
(14	,671)
(14	,685)
(14	,703)
(14	,742)
(14	,773)
(14	,777)
(14	,821)
(14	,853)
(14	,864)
(14	,908)
(14	,909)
(14	,994)
(14	,995)
(14	,996)
(15	,16)
(15	,17)
(15	,18)
(15	,20)
(15	,21)
(15	,22)
(15	,23)
(15	,26)
(15	,27)
(15	,28)
(15	,29)
(15	,31)
(15	,32)
(15	,34)
(15	,35)
(15	,37)
(15	,38)
(15	,44)
(15	,47)
(15	,53)
(15	,59)
(15	,62)
(15	,65)
(15	,66)
(15	,69)
(15	,71)
(15	,73)
(15	,78)
(15	,81)
(15	,83)
(15	,84)
(15	,87)
(15	,97)
(15	,99)
(15	,102)
(15	,103)
(15	,118)
(15	,127)
(15	,137)
(15	,144)
(15	,146)
(15	,148)
(15	,153)
(15	,164)
(15	,170)
(15	,174)
(15	,176)
(15	,180)
(15	,183)
(15	,201)
(15	,204)
(15	,219)
(15	,222)
(15	,227)
(15	,244)
(15	,254)
(15	,260)
(15	,261)
(15	,263)
(15	,287)
(15	,303)
(15	,311)
(15	,316)
(15	,318)
(15	,321)
(15	,327)
(15	,364)
(15	,375)
(15	,380)
(15	,401)
(15	,418)
(15	,419)
(15	,426)
(15	,428)
(15	,430)
(15	,487)
(15	,505)
(15	,522)
(15	,529)
(15	,541)
(15	,555)
(15	,559)
(15	,572)
(15	,575)
(15	,582)
(15	,602)
(15	,625)
(15	,627)
(15	,637)
(15	,660)
(15	,680)
(15	,752)
(15	,769)
(15	,805)
(15	,831)
(15	,847)
(15	,854)
(15	,858)
(15	,898)
(15	,926)
(15	,931)
(15	,939)
(15	,944)
(15	,948)
(15	,997)
(16	,17)
(16	,19)
(16	,20)
(16	,21)
(16	,22)
(16	,24)
(16	,26)
(16	,29)
(16	,32)
(16	,33)
(16	,34)
(16	,35)
(16	,38)
(16	,43)
(16	,46)
(16	,51)
(16	,52)
(16	,54)
(16	,57)
(16	,71)
(16	,75)
(16	,83)
(16	,89)
(16	,97)
(16	,101)
(16	,105)
(16	,111)
(16	,114)
(16	,121)
(16	,122)
(16	,129)
(16	,133)
(16	,136)
(16	,138)
(16	,155)
(16	,162)
(16	,164)
(16	,166)
(16	,167)
(16	,174)
(16	,183)
(16	,192)
(16	,202)
(16	,207)
(16	,217)
(16	,218)
(16	,221)
(16	,223)
(16	,226)
(16	,231)
(16	,236)
(16	,244)
(16	,267)
(16	,275)
(16	,276)
(16	,277)
(16	,285)
(16	,289)
(16	,291)
(16	,297)
(16	,306)
(16	,315)
(16	,328)
(16	,333)
(16	,337)
(16	,343)
(16	,362)
(16	,363)
(16	,374)
(16	,387)
(16	,388)
(16	,393)
(16	,395)
(16	,396)
(16	,417)
(16	,438)
(16	,439)
(16	,484)
(16	,515)
(16	,526)
(16	,529)
(16	,533)
(16	,536)
(16	,537)
(16	,538)
(16	,543)
(16	,546)
(16	,553)
(16	,562)
(16	,574)
(16	,576)
(16	,605)
(16	,609)
(16	,622)
(16	,628)
(16	,702)
(16	,779)
(16	,818)
(16	,827)
(16	,886)
(16	,897)
(16	,910)
(16	,951)
(17	,18)
(17	,19)
(17	,20)
(17	,21)
(17	,22)
(17	,24)
(17	,25)
(17	,27)
(17	,30)
(17	,31)
(17	,33)
(17	,35)
(17	,36)
(17	,38)
(17	,40)
(17	,41)
(17	,46)
(17	,48)
(17	,51)
(17	,67)
(17	,83)
(17	,86)
(17	,94)
(17	,101)
(17	,105)
(17	,106)
(17	,115)
(17	,118)
(17	,122)
(17	,124)
(17	,125)
(17	,128)
(17	,131)
(17	,143)
(17	,150)
(17	,151)
(17	,154)
(17	,163)
(17	,168)
(17	,178)
(17	,187)
(17	,195)
(17	,198)
(17	,206)
(17	,211)
(17	,233)
(17	,235)
(17	,259)
(17	,279)
(17	,291)
(17	,319)
(17	,328)
(17	,331)
(17	,334)
(17	,338)
(17	,345)
(17	,373)
(17	,382)
(17	,391)
(17	,420)
(17	,434)
(17	,447)
(17	,460)
(17	,475)
(17	,497)
(17	,519)
(17	,521)
(17	,523)
(17	,539)
(17	,550)
(17	,586)
(17	,614)
(17	,636)
(17	,638)
(17	,661)
(17	,697)
(17	,699)
(17	,757)
(17	,798)
(17	,808)
(17	,825)
(17	,859)
(17	,880)
(17	,891)
(17	,893)
(17	,900)
(17	,904)
(17	,913)
(17	,915)
(17	,920)
(17	,942)
(17	,951)
(17	,986)
(17	,987)
(17	,988)
(18	,19)
(18	,21)
(18	,22)
(18	,23)
(18	,24)
(18	,30)
(18	,32)
(18	,33)
(18	,36)
(18	,37)
(18	,41)
(18	,43)
(18	,46)
(18	,48)
(18	,50)
(18	,52)
(18	,54)
(18	,56)
(18	,61)
(18	,67)
(18	,69)
(18	,72)
(18	,75)
(18	,77)
(18	,82)
(18	,88)
(18	,94)
(18	,101)
(18	,104)
(18	,116)
(18	,128)
(18	,130)
(18	,132)
(18	,135)
(18	,142)
(18	,152)
(18	,160)
(18	,173)
(18	,182)
(18	,186)
(18	,187)
(18	,197)
(18	,208)
(18	,225)
(18	,234)
(18	,243)
(18	,264)
(18	,266)
(18	,282)
(18	,293)
(18	,302)
(18	,314)
(18	,326)
(18	,339)
(18	,354)
(18	,390)
(18	,468)
(18	,479)
(18	,530)
(18	,544)
(18	,563)
(18	,579)
(18	,584)
(18	,592)
(18	,597)
(18	,603)
(18	,606)
(18	,612)
(18	,634)
(18	,641)
(18	,659)
(18	,670)
(18	,684)
(18	,700)
(18	,725)
(18	,768)
(18	,774)
(18	,775)
(18	,784)
(18	,802)
(18	,826)
(18	,901)
(18	,918)
(18	,970)
(18	,985)
(19	,20)
(19	,22)
(19	,24)
(19	,27)
(19	,28)
(19	,29)
(19	,31)
(19	,33)
(19	,39)
(19	,40)
(19	,42)
(19	,44)
(19	,49)
(19	,50)
(19	,54)
(19	,55)
(19	,60)
(19	,64)
(19	,66)
(19	,72)
(19	,74)
(19	,75)
(19	,76)
(19	,77)
(19	,78)
(19	,81)
(19	,82)
(19	,84)
(19	,91)
(19	,92)
(19	,104)
(19	,107)
(19	,109)
(19	,116)
(19	,117)
(19	,120)
(19	,126)
(19	,141)
(19	,149)
(19	,155)
(19	,157)
(19	,159)
(19	,161)
(19	,165)
(19	,182)
(19	,188)
(19	,193)
(19	,199)
(19	,205)
(19	,209)
(19	,216)
(19	,271)
(19	,272)
(19	,283)
(19	,288)
(19	,290)
(19	,310)
(19	,325)
(19	,389)
(19	,399)
(19	,435)
(19	,437)
(19	,448)
(19	,451)
(19	,466)
(19	,481)
(19	,493)
(19	,507)
(19	,509)
(19	,554)
(19	,587)
(19	,639)
(19	,644)
(19	,650)
(19	,678)
(19	,721)
(19	,732)
(19	,736)
(19	,744)
(19	,810)
(19	,863)
(19	,883)
(19	,894)
(19	,896)
(19	,905)
(19	,922)
(19	,933)
(19	,953)
(19	,974)
(19	,1000)
(20	,21)
(20	,22)
(20	,23)
(20	,26)
(20	,28)
(20	,31)
(20	,32)
(20	,33)
(20	,34)
(20	,35)
(20	,39)
(20	,47)
(20	,50)
(20	,59)
(20	,61)
(20	,62)
(20	,65)
(20	,71)
(20	,73)
(20	,89)
(20	,91)
(20	,99)
(20	,103)
(20	,110)
(20	,112)
(20	,127)
(20	,133)
(20	,144)
(20	,164)
(20	,166)
(20	,174)
(20	,176)
(20	,196)
(20	,204)
(20	,222)
(20	,228)
(20	,254)
(20	,263)
(20	,270)
(20	,273)
(20	,308)
(20	,309)
(20	,311)
(20	,316)
(20	,321)
(20	,327)
(20	,329)
(20	,336)
(20	,351)
(20	,359)
(20	,419)
(20	,428)
(20	,487)
(20	,500)
(20	,568)
(20	,582)
(20	,590)
(20	,618)
(20	,620)
(20	,627)
(20	,637)
(20	,654)
(20	,660)
(20	,709)
(20	,711)
(20	,890)
(20	,939)
(20	,944)
(21	,22)
(21	,23)
(21	,24)
(21	,25)
(21	,28)
(21	,31)
(21	,32)
(21	,33)
(21	,34)
(21	,35)
(21	,38)
(21	,47)
(21	,50)
(21	,51)
(21	,52)
(21	,58)
(21	,62)
(21	,83)
(21	,86)
(21	,94)
(21	,95)
(21	,111)
(21	,121)
(21	,129)
(21	,136)
(21	,138)
(21	,143)
(21	,144)
(21	,155)
(21	,156)
(21	,162)
(21	,167)
(21	,187)
(21	,207)
(21	,217)
(21	,245)
(21	,251)
(21	,258)
(21	,267)
(21	,275)
(21	,276)
(21	,285)
(21	,289)
(21	,291)
(21	,297)
(21	,301)
(21	,315)
(21	,333)
(21	,343)
(21	,363)
(21	,384)
(21	,387)
(21	,388)
(21	,395)
(21	,438)
(21	,439)
(21	,463)
(21	,488)
(21	,516)
(21	,524)
(21	,526)
(21	,533)
(21	,537)
(21	,538)
(21	,540)
(21	,549)
(21	,553)
(21	,605)
(21	,608)
(21	,609)
(21	,617)
(21	,628)
(21	,662)
(21	,663)
(21	,682)
(21	,689)
(21	,705)
(21	,728)
(21	,758)
(21	,759)
(21	,764)
(21	,860)
(21	,885)
(21	,897)
(21	,907)
(22	,24)
(22	,28)
(22	,32)
(22	,34)
(22	,35)
(22	,38)
(22	,39)
(22	,47)
(22	,48)
(22	,51)
(22	,52)
(22	,62)
(22	,67)
(22	,71)
(22	,86)
(22	,95)
(22	,101)
(22	,106)
(22	,114)
(22	,115)
(22	,122)
(22	,124)
(22	,125)
(22	,134)
(22	,143)
(22	,151)
(22	,154)
(22	,173)
(22	,178)
(22	,187)
(22	,195)
(22	,198)
(22	,211)
(22	,217)
(22	,224)
(22	,234)
(22	,236)
(22	,256)
(22	,259)
(22	,278)
(22	,279)
(22	,285)
(22	,301)
(22	,328)
(22	,331)
(22	,373)
(22	,382)
(22	,386)
(22	,391)
(22	,407)
(22	,420)
(22	,431)
(22	,441)
(22	,445)
(22	,475)
(22	,497)
(22	,539)
(22	,564)
(22	,586)
(22	,608)
(22	,629)
(22	,636)
(22	,724)
(22	,757)
(22	,798)
(22	,872)
(22	,904)
(22	,920)
(22	,941)
(22	,993)
(23	,25)
(23	,27)
(23	,28)
(23	,31)
(23	,32)
(23	,33)
(23	,35)
(23	,37)
(23	,40)
(23	,43)
(23	,44)
(23	,45)
(23	,47)
(23	,48)
(23	,49)
(23	,57)
(23	,59)
(23	,61)
(23	,62)
(23	,63)
(23	,65)
(23	,66)
(23	,80)
(23	,87)
(23	,95)
(23	,96)
(23	,98)
(23	,99)
(23	,108)
(23	,112)
(23	,119)
(23	,123)
(23	,127)
(23	,139)
(23	,145)
(23	,148)
(23	,158)
(23	,189)
(23	,190)
(23	,191)
(23	,210)
(23	,223)
(23	,229)
(23	,230)
(23	,341)
(23	,342)
(23	,347)
(23	,368)
(23	,449)
(23	,461)
(23	,486)
(23	,499)
(23	,502)
(23	,510)
(23	,514)
(23	,548)
(23	,565)
(23	,567)
(23	,595)
(23	,599)
(23	,601)
(23	,611)
(23	,633)
(23	,729)
(23	,738)
(23	,767)
(23	,829)
(23	,839)
(23	,870)
(23	,895)
(23	,971)
(24	,27)
(24	,30)
(24	,32)
(24	,36)
(24	,39)
(24	,41)
(24	,42)
(24	,46)
(24	,50)
(24	,53)
(24	,54)
(24	,56)
(24	,57)
(24	,60)
(24	,67)
(24	,70)
(24	,77)
(24	,104)
(24	,105)
(24	,114)
(24	,119)
(24	,120)
(24	,130)
(24	,135)
(24	,142)
(24	,171)
(24	,172)
(24	,175)
(24	,181)
(24	,186)
(24	,194)
(24	,197)
(24	,205)
(24	,208)
(24	,213)
(24	,232)
(24	,237)
(24	,238)
(24	,243)
(24	,251)
(24	,257)
(24	,282)
(24	,295)
(24	,314)
(24	,370)
(24	,390)
(24	,411)
(24	,413)
(24	,479)
(24	,504)
(24	,506)
(24	,568)
(24	,571)
(24	,584)
(24	,613)
(24	,626)
(24	,657)
(24	,670)
(24	,674)
(24	,717)
(24	,725)
(24	,737)
(24	,740)
(24	,784)
(24	,791)
(24	,799)
(24	,804)
(24	,878)
(24	,903)
(24	,918)
(24	,961)
(24	,989)
(25	,26)
(25	,27)
(25	,28)
(25	,29)
(25	,37)
(25	,39)
(25	,40)
(25	,43)
(25	,45)
(25	,49)
(25	,53)
(25	,55)
(25	,57)
(25	,59)
(25	,60)
(25	,61)
(25	,62)
(25	,65)
(25	,66)
(25	,76)
(25	,92)
(25	,96)
(25	,100)
(25	,108)
(25	,112)
(25	,121)
(25	,125)
(25	,145)
(25	,147)
(25	,169)
(25	,184)
(25	,214)
(25	,220)
(25	,249)
(25	,286)
(25	,288)
(25	,335)
(25	,348)
(25	,353)
(25	,359)
(25	,360)
(25	,367)
(25	,369)
(25	,385)
(25	,412)
(25	,427)
(25	,459)
(25	,476)
(25	,482)
(25	,518)
(25	,532)
(25	,589)
(25	,703)
(25	,707)
(25	,713)
(25	,773)
(25	,865)
(25	,881)
(25	,908)
(25	,909)
(25	,934)
(25	,995)
(26	,28)
(26	,31)
(26	,32)
(26	,34)
(26	,35)
(26	,36)
(26	,37)
(26	,38)
(26	,42)
(26	,43)
(26	,44)
(26	,45)
(26	,47)
(26	,49)
(26	,52)
(26	,57)
(26	,59)
(26	,61)
(26	,62)
(26	,65)
(26	,73)
(26	,87)
(26	,91)
(26	,103)
(26	,110)
(26	,127)
(26	,133)
(26	,134)
(26	,146)
(26	,176)
(26	,180)
(26	,191)
(26	,196)
(26	,214)
(26	,252)
(26	,260)
(26	,270)
(26	,292)
(26	,318)
(26	,381)
(26	,433)
(26	,440)
(26	,470)
(26	,478)
(26	,486)
(26	,558)
(26	,580)
(26	,686)
(26	,769)
(26	,771)
(26	,822)
(26	,841)
(26	,842)
(26	,855)
(26	,876)
(26	,880)
(26	,972)
(26	,983)
(27	,28)
(27	,29)
(27	,30)
(27	,31)
(27	,39)
(27	,42)
(27	,43)
(27	,50)
(27	,55)
(27	,64)
(27	,74)
(27	,75)
(27	,78)
(27	,90)
(27	,92)
(27	,96)
(27	,104)
(27	,116)
(27	,117)
(27	,124)
(27	,126)
(27	,141)
(27	,157)
(27	,159)
(27	,161)
(27	,165)
(27	,171)
(27	,177)
(27	,193)
(27	,199)
(27	,200)
(27	,272)
(27	,277)
(27	,281)
(27	,283)
(27	,290)
(27	,310)
(27	,325)
(27	,352)
(27	,361)
(27	,424)
(27	,451)
(27	,481)
(27	,493)
(27	,507)
(27	,509)
(27	,554)
(27	,569)
(27	,577)
(27	,588)
(27	,639)
(27	,650)
(27	,734)
(27	,772)
(27	,810)
(27	,816)
(27	,894)
(27	,937)
(27	,955)
(28	,32)
(28	,37)
(28	,40)
(28	,43)
(28	,44)
(28	,46)
(28	,63)
(28	,65)
(28	,71)
(28	,74)
(28	,79)
(28	,84)
(28	,91)
(28	,93)
(28	,98)
(28	,100)
(28	,147)
(28	,169)
(28	,189)
(28	,190)
(28	,214)
(28	,229)
(28	,241)
(28	,247)
(28	,260)
(28	,262)
(28	,269)
(28	,286)
(28	,288)
(28	,307)
(28	,309)
(28	,348)
(28	,353)
(28	,359)
(28	,365)
(28	,412)
(28	,422)
(28	,461)
(28	,463)
(28	,476)
(28	,482)
(28	,492)
(28	,500)
(28	,510)
(28	,548)
(28	,589)
(28	,616)
(28	,694)
(28	,707)
(28	,713)
(28	,735)
(28	,754)
(28	,773)
(28	,777)
(28	,807)
(28	,821)
(28	,865)
(28	,884)
(28	,931)
(28	,946)
(28	,967)
(29	,30)
(29	,35)
(29	,36)
(29	,39)
(29	,40)
(29	,42)
(29	,45)
(29	,46)
(29	,49)
(29	,53)
(29	,59)
(29	,60)
(29	,62)
(29	,64)
(29	,68)
(29	,69)
(29	,74)
(29	,75)
(29	,76)
(29	,79)
(29	,81)
(29	,84)
(29	,85)
(29	,88)
(29	,107)
(29	,126)
(29	,147)
(29	,157)
(29	,177)
(29	,188)
(29	,250)
(29	,253)
(29	,271)
(29	,281)
(29	,402)
(29	,409)
(29	,415)
(29	,448)
(29	,456)
(29	,471)
(29	,542)
(29	,593)
(29	,631)
(29	,635)
(29	,651)
(29	,695)
(29	,820)
(29	,836)
(29	,849)
(29	,888)
(29	,902)
(30	,36)
(30	,39)
(30	,41)
(30	,43)
(30	,54)
(30	,56)
(30	,67)
(30	,72)
(30	,77)
(30	,94)
(30	,109)
(30	,114)
(30	,119)
(30	,124)
(30	,130)
(30	,132)
(30	,171)
(30	,181)
(30	,197)
(30	,238)
(30	,243)
(30	,266)
(30	,277)
(30	,282)
(30	,302)
(30	,390)
(30	,479)
(30	,504)
(30	,506)
(30	,592)
(30	,606)
(30	,613)
(30	,634)
(30	,674)
(30	,710)
(30	,725)
(30	,784)
(30	,802)
(30	,804)
(30	,826)
(30	,899)
(30	,966)
(30	,970)
(31	,34)
(31	,35)
(31	,37)
(31	,43)
(31	,44)
(31	,45)
(31	,47)
(31	,50)
(31	,57)
(31	,59)
(31	,61)
(31	,62)
(31	,63)
(31	,66)
(31	,91)
(31	,98)
(31	,99)
(31	,102)
(31	,110)
(31	,146)
(31	,180)
(31	,191)
(31	,210)
(31	,230)
(31	,292)
(31	,304)
(31	,347)
(31	,356)
(31	,359)
(31	,368)
(31	,379)
(31	,512)
(31	,548)
(31	,599)
(31	,715)
(31	,766)
(31	,871)
(31	,917)
(31	,928)
(31	,936)
(31	,957)
(31	,972)
(31	,999)
(32	,34)
(32	,35)
(32	,37)
(32	,38)
(32	,57)
(32	,65)
(32	,66)
(32	,73)
(32	,97)
(32	,102)
(32	,137)
(32	,144)
(32	,153)
(32	,164)
(32	,166)
(32	,174)
(32	,204)
(32	,218)
(32	,219)
(32	,222)
(32	,234)
(32	,261)
(32	,263)
(32	,309)
(32	,311)
(32	,321)
(32	,332)
(32	,418)
(32	,419)
(32	,423)
(32	,426)
(32	,487)
(32	,529)
(32	,559)
(32	,602)
(32	,625)
(32	,632)
(32	,660)
(32	,680)
(32	,758)
(32	,797)
(32	,805)
(32	,847)
(32	,854)
(32	,898)
(33	,34)
(33	,35)
(33	,44)
(33	,52)
(33	,58)
(33	,71)
(33	,89)
(33	,97)
(33	,118)
(33	,154)
(33	,179)
(33	,201)
(33	,218)
(33	,219)
(33	,231)
(33	,268)
(33	,280)
(33	,305)
(33	,306)
(33	,317)
(33	,322)
(33	,349)
(33	,366)
(33	,396)
(33	,418)
(33	,423)
(33	,430)
(33	,436)
(33	,443)
(33	,483)
(33	,508)
(33	,513)
(33	,534)
(33	,556)
(33	,623)
(33	,640)
(33	,690)
(33	,698)
(33	,722)
(33	,818)
(33	,828)
(33	,834)
(33	,889)
(34	,35)
(34	,40)
(34	,44)
(34	,52)
(34	,58)
(34	,60)
(34	,71)
(34	,73)
(34	,89)
(34	,118)
(34	,167)
(34	,179)
(34	,183)
(34	,192)
(34	,201)
(34	,221)
(34	,226)
(34	,231)
(34	,239)
(34	,268)
(34	,280)
(34	,306)
(34	,317)
(34	,322)
(34	,349)
(34	,366)
(34	,436)
(34	,460)
(34	,483)
(34	,484)
(34	,513)
(34	,534)
(34	,573)
(34	,623)
(34	,658)
(34	,679)
(34	,701)
(34	,722)
(34	,760)
(34	,818)
(34	,834)
(34	,949)
(34	,951)
(34	,954)
(35	,56)
(35	,58)
(35	,60)
(35	,73)
(35	,89)
(35	,97)
(35	,102)
(35	,137)
(35	,144)
(35	,153)
(35	,170)
(35	,192)
(35	,219)
(35	,242)
(35	,265)
(35	,282)
(35	,287)
(35	,327)
(35	,332)
(35	,364)
(35	,366)
(35	,375)
(35	,423)
(35	,430)
(35	,453)
(35	,505)
(35	,572)
(35	,575)
(35	,602)
(35	,610)
(35	,619)
(35	,621)
(35	,625)
(35	,642)
(35	,660)
(35	,680)
(35	,706)
(35	,745)
(35	,752)
(35	,761)
(35	,783)
(35	,817)
(35	,868)
(35	,924)
(35	,926)
(35	,945)
(36	,41)
(36	,42)
(36	,46)
(36	,50)
(36	,54)
(36	,55)
(36	,56)
(36	,67)
(36	,70)
(36	,77)
(36	,101)
(36	,104)
(36	,114)
(36	,119)
(36	,171)
(36	,172)
(36	,175)
(36	,181)
(36	,194)
(36	,197)
(36	,203)
(36	,205)
(36	,208)
(36	,209)
(36	,213)
(36	,243)
(36	,251)
(36	,255)
(36	,257)
(36	,330)
(36	,354)
(36	,392)
(36	,405)
(36	,413)
(36	,444)
(36	,454)
(36	,462)
(36	,563)
(36	,568)
(36	,571)
(36	,577)
(36	,584)
(36	,626)
(36	,630)
(36	,645)
(36	,674)
(36	,704)
(36	,717)
(36	,791)
(36	,878)
(36	,916)
(36	,929)
(36	,961)
(36	,966)
(37	,43)
(37	,44)
(37	,45)
(37	,47)
(37	,61)
(37	,62)
(37	,63)
(37	,66)
(37	,80)
(37	,98)
(37	,99)
(37	,108)
(37	,112)
(37	,123)
(37	,126)
(37	,145)
(37	,146)
(37	,148)
(37	,158)
(37	,190)
(37	,191)
(37	,223)
(37	,229)
(37	,286)
(37	,342)
(37	,379)
(37	,399)
(37	,429)
(37	,449)
(37	,461)
(37	,492)
(37	,499)
(37	,502)
(37	,510)
(37	,604)
(37	,727)
(37	,742)
(37	,748)
(37	,851)
(38	,52)
(38	,58)
(38	,71)
(38	,86)
(38	,95)
(38	,111)
(38	,121)
(38	,131)
(38	,136)
(38	,138)
(38	,154)
(38	,217)
(38	,224)
(38	,233)
(38	,236)
(38	,258)
(38	,278)
(38	,338)
(38	,343)
(38	,344)
(38	,350)
(38	,357)
(38	,376)
(38	,384)
(38	,403)
(38	,406)
(38	,407)
(38	,421)
(38	,431)
(38	,442)
(38	,494)
(38	,524)
(38	,531)
(38	,535)
(38	,551)
(38	,681)
(38	,693)
(38	,726)
(38	,730)
(38	,731)
(38	,743)
(38	,764)
(38	,866)
(38	,870)
(38	,877)
(38	,913)
(38	,932)
(39	,40)
(39	,45)
(39	,49)
(39	,53)
(39	,60)
(39	,69)
(39	,72)
(39	,75)
(39	,76)
(39	,81)
(39	,82)
(39	,92)
(39	,107)
(39	,157)
(39	,172)
(39	,216)
(39	,250)
(39	,271)
(39	,290)
(39	,294)
(39	,361)
(39	,402)
(39	,409)
(39	,432)
(39	,435)
(39	,471)
(39	,491)
(39	,545)
(39	,591)
(39	,593)
(39	,695)
(39	,749)
(39	,820)
(39	,849)
(39	,956)
(39	,960)
(39	,976)
(40	,43)
(40	,44)
(40	,45)
(40	,53)
(40	,59)
(40	,61)
(40	,66)
(40	,80)
(40	,85)
(40	,93)
(40	,96)
(40	,100)
(40	,169)
(40	,184)
(40	,214)
(40	,241)
(40	,247)
(40	,269)
(40	,286)
(40	,288)
(40	,310)
(40	,335)
(40	,348)
(40	,353)
(40	,360)
(40	,367)
(40	,369)
(40	,385)
(40	,412)
(40	,498)
(40	,703)
(40	,707)
(40	,735)
(40	,821)
(40	,865)
(40	,908)
(40	,995)
(41	,48)
(41	,54)
(41	,61)
(41	,67)
(41	,119)
(41	,122)
(41	,128)
(41	,130)
(41	,132)
(41	,135)
(41	,168)
(41	,181)
(41	,182)
(41	,186)
(41	,234)
(41	,257)
(41	,264)
(41	,266)
(41	,296)
(41	,326)
(41	,397)
(41	,447)
(41	,477)
(41	,521)
(41	,544)
(41	,579)
(41	,600)
(41	,624)
(41	,659)
(41	,670)
(41	,684)
(41	,700)
(41	,811)
(41	,970)
(42	,50)
(42	,55)
(42	,64)
(42	,74)
(42	,81)
(42	,82)
(42	,90)
(42	,92)
(42	,93)
(42	,114)
(42	,116)
(42	,117)
(42	,161)
(42	,165)
(42	,193)
(42	,200)
(42	,225)
(42	,352)
(42	,399)
(42	,437)
(42	,438)
(42	,444)
(42	,455)
(42	,481)
(42	,561)
(42	,641)
(42	,666)
(42	,676)
(42	,688)
(42	,720)
(42	,736)
(42	,762)
(42	,801)
(42	,810)
(42	,835)
(42	,843)
(42	,862)
(42	,955)
(42	,988)
(43	,44)
(43	,45)
(43	,47)
(43	,61)
(43	,63)
(43	,66)
(43	,75)
(43	,79)
(43	,80)
(43	,85)
(43	,98)
(43	,99)
(43	,108)
(43	,112)
(43	,123)
(43	,145)
(43	,148)
(43	,158)
(43	,189)
(43	,190)
(43	,191)
(43	,223)
(43	,247)
(43	,260)
(43	,342)
(43	,347)
(43	,368)
(43	,379)
(43	,449)
(43	,461)
(43	,492)
(43	,502)
(43	,510)
(43	,565)
(43	,611)
(43	,633)
(43	,727)
(43	,895)
(44	,45)
(44	,47)
(44	,59)
(44	,61)
(44	,63)
(44	,66)
(44	,80)
(44	,98)
(44	,99)
(44	,112)
(44	,123)
(44	,145)
(44	,148)
(44	,158)
(44	,190)
(44	,191)
(44	,341)
(44	,356)
(44	,379)
(44	,449)
(44	,461)
(44	,499)
(44	,565)
(44	,567)
(44	,595)
(44	,611)
(44	,633)
(44	,672)
(44	,708)
(44	,763)
(44	,839)
(44	,869)
(44	,895)
(45	,63)
(45	,69)
(45	,79)
(45	,85)
(45	,96)
(45	,98)
(45	,100)
(45	,147)
(45	,184)
(45	,220)
(45	,241)
(45	,249)
(45	,250)
(45	,274)
(45	,312)
(45	,323)
(45	,340)
(45	,377)
(45	,394)
(45	,400)
(45	,416)
(45	,459)
(45	,465)
(45	,474)
(45	,517)
(45	,557)
(45	,601)
(45	,671)
(45	,685)
(45	,691)
(45	,909)
(45	,994)
(45	,996)
(46	,50)
(46	,54)
(46	,56)
(46	,59)
(46	,70)
(46	,72)
(46	,82)
(46	,109)
(46	,116)
(46	,169)
(46	,172)
(46	,185)
(46	,200)
(46	,205)
(46	,232)
(46	,240)
(46	,257)
(46	,320)
(46	,355)
(46	,358)
(46	,389)
(46	,496)
(46	,525)
(46	,561)
(46	,664)
(46	,815)
(47	,57)
(47	,59)
(47	,61)
(47	,62)
(47	,63)
(47	,66)
(47	,80)
(47	,87)
(47	,91)
(47	,98)
(47	,99)
(47	,108)
(47	,112)
(47	,139)
(47	,145)
(47	,158)
(47	,214)
(47	,341)
(47	,347)
(47	,356)
(47	,368)
(47	,461)
(47	,565)
(47	,567)
(47	,595)
(47	,672)
(47	,700)
(47	,708)
(47	,763)
(47	,824)
(48	,51)
(48	,65)
(48	,71)
(48	,86)
(48	,105)
(48	,106)
(48	,115)
(48	,121)
(48	,122)
(48	,131)
(48	,143)
(48	,178)
(48	,195)
(48	,198)
(48	,211)
(48	,233)
(48	,256)
(48	,259)
(48	,279)
(48	,328)
(48	,331)
(48	,421)
(48	,450)
(48	,494)
(48	,497)
(48	,535)
(48	,560)
(48	,564)
(48	,608)
(48	,731)
(48	,872)
(48	,900)
(49	,53)
(49	,60)
(49	,68)
(49	,69)
(49	,75)
(49	,76)
(49	,82)
(49	,84)
(49	,88)
(49	,107)
(49	,126)
(49	,157)
(49	,216)
(49	,247)
(49	,250)
(49	,253)
(49	,271)
(49	,402)
(49	,414)
(49	,432)
(49	,437)
(49	,542)
(49	,596)
(49	,635)
(49	,651)
(49	,677)
(49	,719)
(49	,793)
(49	,820)
(49	,888)
(49	,902)
(49	,921)
(50	,64)
(50	,74)
(50	,78)
(50	,90)
(50	,116)
(50	,119)
(50	,141)
(50	,165)
(50	,172)
(50	,185)
(50	,200)
(50	,295)
(50	,355)
(50	,358)
(50	,389)
(50	,404)
(50	,455)
(50	,490)
(50	,496)
(50	,525)
(50	,577)
(50	,741)
(50	,776)
(50	,832)
(50	,850)
(50	,862)
(50	,875)
(50	,980)
(51	,52)
(51	,94)
(51	,106)
(51	,115)
(51	,122)
(51	,124)
(51	,143)
(51	,206)
(51	,233)
(51	,259)
(51	,279)
(51	,313)
(51	,328)
(51	,331)
(51	,382)
(51	,391)
(51	,420)
(51	,450)
(51	,497)
(51	,503)
(51	,521)
(51	,608)
(51	,798)
(51	,872)
(51	,891)
(52	,58)
(52	,83)
(52	,111)
(52	,118)
(52	,136)
(52	,138)
(52	,155)
(52	,162)
(52	,166)
(52	,202)
(52	,207)
(52	,221)
(52	,265)
(52	,297)
(52	,315)
(52	,328)
(52	,337)
(52	,363)
(52	,417)
(52	,438)
(52	,484)
(52	,533)
(52	,536)
(52	,538)
(52	,546)
(52	,549)
(52	,562)
(52	,574)
(52	,605)
(52	,622)
(52	,663)
(52	,702)
(52	,705)
(52	,886)
(52	,910)
(53	,68)
(53	,75)
(53	,76)
(53	,79)
(53	,84)
(53	,88)
(53	,92)
(53	,93)
(53	,107)
(53	,113)
(53	,119)
(53	,140)
(53	,184)
(53	,188)
(53	,250)
(53	,284)
(53	,299)
(53	,312)
(53	,335)
(53	,416)
(53	,469)
(53	,472)
(53	,569)
(53	,631)
(53	,691)
(53	,778)
(53	,978)
(53	,984)
(54	,56)
(54	,72)
(54	,77)
(54	,114)
(54	,119)
(54	,132)
(54	,171)
(54	,175)
(54	,181)
(54	,194)
(54	,213)
(54	,330)
(54	,392)
(54	,411)
(54	,506)
(54	,613)
(54	,645)
(54	,657)
(54	,674)
(54	,737)
(54	,740)
(54	,799)
(54	,961)
(55	,60)
(55	,64)
(55	,67)
(55	,69)
(55	,74)
(55	,77)
(55	,78)
(55	,81)
(55	,82)
(55	,90)
(55	,92)
(55	,159)
(55	,165)
(55	,216)
(55	,272)
(55	,283)
(55	,290)
(55	,451)
(55	,509)
(55	,646)
(55	,678)
(55	,744)
(55	,863)
(56	,77)
(56	,114)
(56	,134)
(56	,149)
(56	,171)
(56	,175)
(56	,181)
(56	,194)
(56	,197)
(56	,203)
(56	,208)
(56	,213)
(56	,237)
(56	,405)
(56	,613)
(56	,657)
(56	,961)
(57	,59)
(57	,61)
(57	,66)
(57	,87)
(57	,98)
(57	,110)
(57	,139)
(57	,145)
(57	,146)
(57	,148)
(57	,180)
(57	,210)
(57	,230)
(57	,329)
(57	,359)
(57	,548)
(57	,766)
(57	,871)
(57	,923)
(57	,931)
(57	,936)
(58	,71)
(58	,118)
(58	,154)
(58	,201)
(58	,202)
(58	,226)
(58	,280)
(58	,305)
(58	,306)
(58	,317)
(58	,322)
(58	,349)
(58	,396)
(58	,436)
(58	,443)
(58	,513)
(58	,555)
(58	,758)
(58	,788)
(58	,818)
(58	,834)
(58	,889)
(58	,991)
(59	,61)
(59	,80)
(59	,87)
(59	,91)
(59	,99)
(59	,112)
(59	,127)
(59	,137)
(59	,139)
(59	,146)
(59	,158)
(59	,304)
(59	,307)
(59	,347)
(59	,359)
(59	,368)
(59	,548)
(59	,565)
(59	,660)
(59	,708)
(59	,763)
(59	,766)
(59	,842)
(59	,869)
(59	,931)
(60	,81)
(60	,88)
(60	,120)
(60	,157)
(60	,253)
(60	,271)
(60	,300)
(60	,409)
(60	,435)
(60	,491)
(60	,545)
(60	,566)
(60	,591)
(60	,732)
(60	,789)
(60	,793)
(60	,905)
(60	,914)
(61	,63)
(61	,65)
(61	,66)
(61	,80)
(61	,108)
(61	,112)
(61	,139)
(61	,145)
(61	,148)
(61	,191)
(61	,260)
(61	,341)
(61	,565)
(61	,567)
(61	,599)
(61	,601)
(61	,611)
(61	,633)
(61	,738)
(61	,824)
(61	,829)
(61	,839)
(62	,65)
(62	,103)
(62	,176)
(62	,196)
(62	,228)
(62	,246)
(62	,273)
(62	,309)
(62	,336)
(62	,351)
(62	,381)
(62	,428)
(62	,478)
(62	,508)
(62	,553)
(62	,618)
(62	,637)
(62	,709)
(62	,746)
(62	,845)
(62	,890)
(62	,930)
(62	,938)
(62	,973)
(63	,66)
(63	,80)
(63	,98)
(63	,99)
(63	,108)
(63	,112)
(63	,123)
(63	,145)
(63	,146)
(63	,148)
(63	,158)
(63	,190)
(63	,191)
(63	,260)
(63	,342)
(63	,379)
(63	,449)
(63	,461)
(63	,565)
(63	,601)
(63	,895)
(64	,74)
(64	,78)
(64	,90)
(64	,117)
(64	,141)
(64	,159)
(64	,200)
(64	,352)
(64	,399)
(64	,437)
(64	,444)
(64	,666)
(64	,720)
(64	,721)
(64	,747)
(64	,800)
(64	,801)
(64	,810)
(64	,933)
(64	,955)
(64	,968)
(65	,80)
(65	,96)
(65	,103)
(65	,121)
(65	,133)
(65	,227)
(65	,228)
(65	,230)
(65	,254)
(65	,329)
(65	,428)
(65	,508)
(65	,590)
(65	,618)
(65	,654)
(65	,709)
(65	,890)
(65	,944)
(66	,80)
(66	,98)
(66	,99)
(66	,108)
(66	,112)
(66	,123)
(66	,145)
(66	,148)
(66	,158)
(66	,190)
(66	,191)
(66	,223)
(66	,379)
(66	,449)
(66	,461)
(66	,499)
(66	,502)
(66	,824)
(66	,895)
(67	,110)
(67	,132)
(67	,135)
(67	,142)
(67	,152)
(67	,160)
(67	,173)
(67	,182)
(67	,186)
(67	,197)
(67	,234)
(67	,264)
(67	,266)
(67	,302)
(67	,457)
(67	,544)
(67	,624)
(67	,659)
(67	,684)
(67	,700)
(67	,704)
(67	,811)
(67	,970)
(67	,981)
(68	,69)
(68	,75)
(68	,76)
(68	,82)
(68	,84)
(68	,88)
(68	,93)
(68	,107)
(68	,113)
(68	,120)
(68	,140)
(68	,177)
(68	,281)
(68	,284)
(68	,294)
(68	,456)
(68	,458)
(68	,489)
(68	,528)
(68	,631)
(68	,781)
(68	,867)
(68	,935)
(68	,947)
(68	,971)
(69	,75)
(69	,84)
(69	,88)
(69	,93)
(69	,107)
(69	,126)
(69	,157)
(69	,188)
(69	,253)
(69	,271)
(69	,284)
(69	,294)
(69	,414)
(69	,415)
(69	,432)
(69	,456)
(69	,457)
(69	,518)
(69	,596)
(69	,631)
(69	,651)
(69	,677)
(69	,719)
(69	,902)
(69	,921)
(69	,960)
(69	,976)
(70	,114)
(70	,119)
(70	,175)
(70	,194)
(70	,203)
(70	,205)
(70	,209)
(70	,240)
(70	,251)
(70	,255)
(70	,257)
(70	,277)
(70	,300)
(70	,330)
(70	,392)
(70	,413)
(70	,568)
(70	,612)
(70	,645)
(70	,648)
(70	,664)
(70	,751)
(70	,791)
(70	,943)
(71	,86)
(71	,242)
(71	,245)
(71	,268)
(71	,306)
(71	,317)
(71	,349)
(71	,366)
(71	,418)
(71	,513)
(71	,555)
(71	,573)
(71	,722)
(71	,874)
(72	,77)
(72	,114)
(72	,130)
(72	,171)
(72	,197)
(72	,200)
(72	,243)
(72	,302)
(72	,339)
(72	,390)
(72	,592)
(72	,648)
(72	,784)
(72	,830)
(73	,95)
(73	,137)
(73	,144)
(73	,164)
(73	,204)
(73	,222)
(73	,242)
(73	,311)
(73	,321)
(73	,426)
(73	,487)
(73	,575)
(73	,805)
(74	,78)
(74	,90)
(74	,117)
(74	,141)
(74	,159)
(74	,165)
(74	,225)
(74	,283)
(74	,352)
(74	,399)
(74	,481)
(74	,588)
(74	,650)
(74	,721)
(74	,734)
(74	,772)
(74	,800)
(74	,816)
(74	,843)
(74	,894)
(74	,906)
(74	,933)
(74	,937)
(74	,968)
(75	,76)
(75	,79)
(75	,84)
(75	,88)
(75	,107)
(75	,113)
(75	,220)
(75	,281)
(75	,284)
(75	,294)
(75	,312)
(75	,414)
(75	,448)
(75	,456)
(75	,458)
(75	,528)
(75	,748)
(75	,781)
(75	,867)
(75	,935)
(76	,84)
(76	,88)
(76	,107)
(76	,113)
(76	,126)
(76	,177)
(76	,215)
(76	,281)
(76	,294)
(76	,448)
(76	,456)
(76	,472)
(76	,528)
(76	,748)
(76	,781)
(76	,867)
(76	,935)
(76	,947)
(77	,114)
(77	,171)
(77	,181)
(77	,182)
(77	,213)
(77	,243)
(77	,479)
(77	,592)
(77	,674)
(77	,737)
(77	,830)
(77	,918)
(78	,81)
(78	,82)
(78	,85)
(78	,92)
(78	,100)
(78	,159)
(78	,161)
(78	,165)
(78	,216)
(78	,272)
(78	,310)
(78	,466)
(78	,509)
(78	,587)
(78	,639)
(78	,644)
(78	,883)
(78	,896)
(78	,974)
(78	,1000)
(79	,82)
(79	,84)
(79	,85)
(79	,88)
(79	,93)
(79	,96)
(79	,100)
(79	,107)
(79	,113)
(79	,140)
(79	,177)
(79	,249)
(79	,294)
(79	,299)
(79	,312)
(79	,459)
(79	,469)
(79	,569)
(79	,596)
(79	,687)
(79	,778)
(79	,984)
(80	,112)
(80	,123)
(80	,139)
(80	,145)
(80	,148)
(80	,158)
(80	,190)
(80	,191)
(80	,223)
(80	,260)
(80	,342)
(80	,379)
(80	,449)
(80	,461)
(80	,492)
(80	,633)
(80	,829)
(80	,895)
(81	,82)
(81	,84)
(81	,92)
(81	,120)
(81	,159)
(81	,199)
(81	,426)
(81	,451)
(81	,507)
(81	,583)
(81	,646)
(81	,678)
(81	,744)
(81	,749)
(81	,755)
(81	,863)
(82	,92)
(82	,120)
(82	,157)
(82	,216)
(82	,272)
(82	,361)
(82	,491)
(82	,566)
(82	,583)
(82	,646)
(82	,678)
(82	,744)
(82	,967)
(83	,111)
(83	,136)
(83	,155)
(83	,162)
(83	,207)
(83	,267)
(83	,285)
(83	,291)
(83	,305)
(83	,333)
(83	,387)
(83	,403)
(83	,536)
(83	,538)
(83	,549)
(83	,609)
(83	,682)
(83	,705)
(83	,886)
(83	,897)
(84	,88)
(84	,93)
(84	,107)
(84	,113)
(84	,177)
(84	,184)
(84	,281)
(84	,284)
(84	,294)
(84	,426)
(84	,456)
(84	,458)
(84	,489)
(84	,631)
(84	,718)
(84	,867)
(84	,935)
(85	,93)
(85	,100)
(85	,113)
(85	,140)
(85	,147)
(85	,184)
(85	,193)
(85	,215)
(85	,220)
(85	,299)
(85	,323)
(85	,340)
(85	,377)
(85	,383)
(85	,394)
(85	,400)
(85	,459)
(85	,465)
(85	,615)
(85	,685)
(85	,691)
(85	,786)
(85	,814)
(85	,977)
(85	,994)
(86	,95)
(86	,106)
(86	,131)
(86	,224)
(86	,233)
(86	,259)
(86	,278)
(86	,279)
(86	,350)
(86	,357)
(86	,374)
(86	,629)
(86	,833)
(86	,838)
(86	,859)
(86	,932)
(87	,210)
(87	,230)
(87	,304)
(87	,548)
(87	,766)
(87	,842)
(87	,871)
(87	,917)
(87	,923)
(87	,931)
(87	,979)
(88	,93)
(88	,107)
(88	,113)
(88	,126)
(88	,281)
(88	,284)
(88	,294)
(88	,448)
(88	,489)
(88	,528)
(88	,635)
(88	,748)
(88	,947)
(88	,978)
(89	,170)
(89	,183)
(89	,192)
(89	,201)
(89	,218)
(89	,239)
(89	,242)
(89	,245)
(89	,261)
(89	,372)
(89	,386)
(89	,418)
(89	,483)
(89	,619)
(89	,690)
(89	,698)
(89	,706)
(89	,770)
(89	,954)
(90	,114)
(90	,116)
(90	,117)
(90	,141)
(90	,161)
(90	,225)
(90	,295)
(90	,352)
(90	,399)
(90	,437)
(90	,561)
(90	,676)
(90	,720)
(90	,747)
(90	,933)
(90	,955)
(91	,110)
(91	,127)
(91	,133)
(91	,180)
(91	,318)
(91	,381)
(91	,440)
(91	,470)
(91	,580)
(91	,763)
(91	,972)
(92	,93)
(92	,120)
(92	,165)
(92	,272)
(92	,310)
(92	,451)
(92	,678)
(92	,922)
(92	,1000)
(93	,113)
(93	,140)
(93	,157)
(93	,284)
(93	,469)
(93	,472)
(93	,569)
(93	,687)
(93	,778)
(94	,105)
(94	,124)
(94	,125)
(94	,150)
(94	,151)
(94	,163)
(94	,187)
(94	,248)
(94	,410)
(94	,523)
(94	,598)
(94	,844)
(94	,856)
(94	,952)
(94	,987)
(95	,121)
(95	,129)
(95	,236)
(95	,258)
(95	,278)
(95	,350)
(95	,376)
(95	,406)
(95	,407)
(95	,653)
(95	,743)
(95	,913)
(95	,915)
(95	,932)
(96	,147)
(96	,189)
(96	,262)
(96	,348)
(96	,360)
(96	,367)
(96	,402)
(96	,616)
(96	,671)
(97	,102)
(97	,170)
(97	,192)
(97	,239)
(97	,261)
(97	,265)
(97	,327)
(97	,372)
(97	,375)
(97	,386)
(97	,610)
(97	,647)
(97	,714)
(97	,739)
(97	,745)
(97	,770)
(97	,794)
(97	,846)
(98	,99)
(98	,108)
(98	,123)
(98	,139)
(98	,148)
(98	,158)
(98	,223)
(98	,342)
(98	,449)
(98	,502)
(98	,604)
(99	,108)
(99	,123)
(99	,158)
(99	,190)
(99	,191)
(99	,223)
(99	,229)
(99	,341)
(99	,342)
(99	,379)
(99	,498)
(99	,499)
(99	,502)
(100	,147)
(100	,215)
(100	,220)
(100	,274)
(100	,299)
(100	,323)
(100	,377)
(100	,394)
(100	,416)
(100	,459)
(100	,517)
(100	,557)
(100	,615)
(100	,671)
(100	,685)
(100	,909)
(100	,977)
(100	,994)
(101	,128)
(101	,134)
(101	,319)
(101	,424)
(101	,723)
(101	,992)
(101	,993)
(102	,170)
(102	,226)
(102	,261)
(102	,287)
(102	,332)
(102	,529)
(102	,572)
(102	,610)
(102	,642)
(102	,706)
(102	,761)
(102	,945)
(103	,222)
(103	,228)
(103	,270)
(103	,316)
(103	,329)
(103	,428)
(103	,500)
(103	,590)
(103	,618)
(103	,654)
(103	,890)
(103	,944)
(104	,205)
(104	,208)
(104	,232)
(104	,255)
(104	,302)
(104	,455)
(104	,501)
(104	,552)
(104	,612)
(104	,809)
(104	,812)
(104	,879)
(104	,961)
(105	,124)
(105	,125)
(105	,150)
(105	,151)
(105	,163)
(105	,187)
(105	,248)
(105	,344)
(105	,460)
(105	,578)
(105	,598)
(105	,696)
(105	,844)
(105	,856)
(105	,952)
(106	,115)
(106	,122)
(106	,195)
(106	,198)
(106	,278)
(106	,328)
(106	,331)
(106	,382)
(106	,420)
(106	,450)
(106	,475)
(106	,608)
(106	,757)
(106	,891)
(107	,126)
(107	,140)
(107	,177)
(107	,281)
(107	,294)
(107	,414)
(107	,448)
(107	,456)
(107	,489)
(107	,528)
(107	,651)
(107	,719)
(107	,781)
(107	,867)
(107	,935)
(107	,947)
(108	,112)
(108	,158)
(108	,190)
(108	,223)
(108	,229)
(108	,342)
(108	,499)
(108	,502)
(109	,172)
(109	,295)
(109	,320)
(109	,358)
(109	,370)
(109	,577)
(109	,803)
(109	,919)
(109	,982)
(110	,180)
(110	,292)
(110	,318)
(110	,440)
(110	,470)
(111	,129)
(111	,136)
(111	,156)
(111	,285)
(111	,291)
(111	,363)
(111	,387)
(111	,537)
(111	,538)
(111	,609)
(111	,663)
(111	,682)
(111	,705)
(112	,145)
(112	,148)
(112	,158)
(112	,191)
(112	,262)
(112	,347)
(112	,356)
(112	,449)
(112	,601)
(112	,633)
(112	,842)
(113	,126)
(113	,140)
(113	,220)
(113	,284)
(113	,312)
(113	,458)
(113	,472)
(113	,569)
(113	,593)
(113	,778)
(113	,971)
(113	,978)
(114	,119)
(114	,181)
(114	,194)
(114	,197)
(114	,208)
(114	,213)
(114	,237)
(114	,405)
(114	,903)
(114	,961)
(115	,143)
(115	,195)
(115	,211)
(115	,259)
(115	,331)
(115	,382)
(115	,420)
(115	,441)
(115	,608)
(115	,891)
(116	,117)
(116	,141)
(116	,200)
(116	,225)
(116	,490)
(116	,688)
(116	,720)
(116	,762)
(116	,801)
(117	,141)
(117	,399)
(117	,437)
(117	,444)
(117	,720)
(117	,747)
(117	,800)
(117	,835)
(117	,933)
(118	,179)
(118	,231)
(118	,258)
(118	,276)
(118	,543)
(118	,640)
(118	,788)
(118	,819)
(118	,991)
(119	,175)
(119	,194)
(119	,208)
(119	,213)
(119	,237)
(119	,251)
(119	,563)
(119	,645)
(119	,878)
(119	,916)
(120	,159)
(120	,290)
(120	,451)
(120	,491)
(120	,732)
(121	,258)
(121	,343)
(121	,376)
(121	,516)
(121	,524)
(121	,531)
(121	,649)
(121	,653)
(121	,743)
(121	,787)
(122	,125)
(122	,143)
(122	,195)
(122	,328)
(122	,391)
(122	,441)
(122	,521)
(122	,699)
(122	,757)
(122	,891)
(122	,900)
(122	,920)
(123	,158)
(123	,191)
(123	,379)
(123	,449)
(123	,502)
(123	,604)
(124	,125)
(124	,150)
(124	,151)
(124	,163)
(124	,187)
(124	,248)
(124	,434)
(124	,460)
(124	,578)
(124	,598)
(124	,952)
(124	,987)
(125	,150)
(125	,151)
(125	,163)
(125	,187)
(125	,235)
(125	,378)
(125	,410)
(125	,614)
(125	,696)
(125	,844)
(126	,253)
(126	,432)
(126	,518)
(126	,719)
(126	,888)
(126	,902)
(127	,318)
(127	,381)
(127	,433)
(127	,580)
(127	,715)
(127	,972)
(128	,135)
(128	,142)
(128	,149)
(128	,313)
(128	,314)
(128	,550)
(128	,643)
(128	,873)
(128	,927)
(129	,217)
(129	,333)
(129	,540)
(129	,907)
(130	,132)
(130	,142)
(130	,197)
(130	,243)
(130	,282)
(130	,302)
(130	,326)
(130	,597)
(130	,641)
(130	,659)
(130	,725)
(130	,775)
(130	,826)
(131	,224)
(131	,278)
(131	,357)
(131	,431)
(131	,629)
(131	,859)
(131	,915)
(132	,186)
(132	,302)
(132	,326)
(132	,775)
(132	,802)
(133	,196)
(133	,270)
(133	,273)
(133	,303)
(133	,309)
(134	,212)
(134	,319)
(134	,424)
(134	,723)
(134	,992)
(134	,993)
(135	,149)
(135	,152)
(135	,264)
(135	,293)
(135	,296)
(135	,397)
(135	,398)
(135	,477)
(135	,530)
(135	,656)
(135	,963)
(135	,998)
(136	,138)
(136	,155)
(136	,285)
(136	,291)
(136	,297)
(136	,387)
(136	,417)
(136	,526)
(136	,537)
(136	,538)
(137	,144)
(137	,311)
(137	,332)
(137	,375)
(137	,423)
(137	,430)
(137	,575)
(137	,712)
(137	,783)
(137	,926)
(138	,155)
(138	,162)
(138	,221)
(138	,297)
(138	,315)
(138	,526)
(138	,533)
(138	,574)
(138	,886)
(139	,191)
(139	,341)
(139	,672)
(139	,763)
(140	,177)
(140	,312)
(140	,569)
(140	,631)
(140	,635)
(140	,718)
(140	,778)
(141	,193)
(141	,225)
(141	,352)
(141	,399)
(141	,493)
(141	,772)
(141	,894)
(141	,906)
(141	,968)
(142	,149)
(142	,425)
(142	,594)
(142	,643)
(142	,792)
(142	,823)
(142	,873)
(142	,927)
(143	,391)
(143	,420)
(143	,441)
(143	,586)
(143	,636)
(143	,697)
(143	,699)
(143	,798)
(143	,900)
(143	,920)
(144	,164)
(144	,263)
(144	,317)
(144	,321)
(144	,426)
(144	,602)
(144	,805)
(145	,148)
(145	,191)
(145	,260)
(145	,341)
(145	,449)
(145	,565)
(145	,567)
(145	,601)
(145	,611)
(145	,738)
(145	,829)
(145	,839)
(146	,180)
(146	,210)
(146	,230)
(146	,261)
(146	,292)
(146	,298)
(146	,512)
(146	,848)
(146	,928)
(146	,957)
(147	,184)
(147	,335)
(147	,348)
(147	,371)
(147	,864)
(148	,191)
(148	,260)
(148	,565)
(148	,567)
(148	,601)
(148	,611)
(148	,738)
(148	,829)
(149	,238)
(149	,293)
(149	,314)
(149	,354)
(149	,477)
(149	,675)
(149	,837)
(150	,151)
(150	,163)
(150	,187)
(150	,248)
(150	,397)
(150	,410)
(150	,578)
(150	,598)
(150	,844)
(150	,856)
(151	,163)
(151	,248)
(151	,334)
(151	,460)
(151	,467)
(151	,480)
(151	,520)
(151	,614)
(151	,692)
(151	,987)
(152	,160)
(152	,173)
(152	,296)
(152	,511)
(152	,530)
(152	,959)
(152	,998)
(153	,327)
(153	,364)
(153	,375)
(153	,505)
(153	,621)
(153	,761)
(153	,794)
(153	,817)
(154	,156)
(154	,217)
(154	,301)
(154	,376)
(154	,384)
(154	,403)
(154	,488)
(154	,516)
(154	,668)
(154	,759)
(154	,965)
(155	,162)
(155	,207)
(155	,221)
(155	,297)
(155	,337)
(155	,417)
(155	,438)
(155	,533)
(155	,536)
(155	,546)
(155	,605)
(155	,622)
(155	,910)
(156	,217)
(156	,301)
(156	,384)
(156	,408)
(156	,728)
(156	,787)
(157	,545)
(157	,591)
(157	,749)
(158	,379)
(158	,449)
(158	,461)
(159	,161)
(159	,165)
(159	,199)
(159	,310)
(159	,466)
(159	,587)
(159	,644)
(159	,883)
(159	,896)
(159	,922)
(160	,173)
(160	,266)
(161	,193)
(161	,283)
(161	,325)
(161	,481)
(161	,493)
(161	,650)
(161	,734)
(162	,207)
(162	,297)
(162	,438)
(162	,526)
(162	,533)
(162	,537)
(162	,574)
(162	,605)
(163	,187)
(163	,248)
(163	,434)
(163	,460)
(163	,523)
(163	,539)
(163	,598)
(163	,614)
(163	,844)
(163	,856)
(163	,952)
(164	,204)
(164	,426)
(164	,854)
(165	,199)
(165	,310)
(165	,587)
(165	,639)
(165	,644)
(165	,789)
(165	,883)
(165	,922)
(165	,1000)
(166	,202)
(166	,267)
(166	,289)
(166	,315)
(166	,337)
(166	,363)
(166	,439)
(166	,484)
(166	,536)
(166	,576)
(167	,275)
(167	,515)
(167	,526)
(167	,827)
(168	,373)
(168	,586)
(168	,661)
(168	,697)
(168	,951)
(169	,241)
(169	,422)
(169	,482)
(169	,527)
(170	,192)
(170	,386)
(170	,647)
(170	,745)
(170	,758)
(170	,794)
(170	,846)
(170	,882)
(171	,181)
(171	,506)
(171	,674)
(171	,740)
(171	,918)
(172	,295)
(172	,370)
(172	,462)
(172	,577)
(172	,919)
(173	,296)
(174	,308)
(174	,380)
(174	,452)
(174	,683)
(174	,858)
(174	,876)
(175	,203)
(175	,208)
(175	,454)
(175	,563)
(175	,584)
(175	,717)
(176	,196)
(176	,246)
(176	,270)
(176	,303)
(176	,351)
(176	,637)
(176	,683)
(177	,284)
(177	,458)
(177	,472)
(177	,489)
(177	,631)
(177	,978)
(178	,211)
(178	,256)
(178	,441)
(178	,534)
(178	,560)
(179	,276)
(179	,991)
(180	,252)
(180	,318)
(180	,381)
(180	,753)
(181	,411)
(181	,613)
(181	,657)
(181	,740)
(181	,830)
(181	,918)
(182	,186)
(182	,264)
(182	,266)
(182	,544)
(182	,624)
(182	,659)
(182	,684)
(182	,700)
(183	,192)
(183	,201)
(183	,239)
(183	,245)
(183	,372)
(183	,386)
(183	,690)
(184	,474)
(184	,853)
(185	,320)
(185	,982)
(186	,234)
(186	,264)
(186	,266)
(186	,477)
(186	,684)
(187	,378)
(187	,460)
(187	,578)
(187	,696)
(187	,844)
(188	,250)
(188	,253)
(188	,471)
(188	,588)
(188	,695)
(188	,820)
(188	,902)
(189	,190)
(189	,214)
(189	,269)
(189	,307)
(189	,427)
(189	,429)
(189	,655)
(189	,694)
(189	,729)
(189	,754)
(189	,785)
(189	,807)
(189	,857)
(190	,223)
(190	,307)
(190	,492)
(190	,502)
(191	,824)
(192	,201)
(192	,239)
(192	,242)
(192	,245)
(192	,443)
(192	,690)
(192	,818)
(192	,954)
(193	,894)
(194	,251)
(194	,571)
(194	,791)
(194	,878)
(195	,198)
(195	,259)
(195	,279)
(195	,497)
(195	,564)
(196	,246)
(196	,270)
(196	,637)
(196	,855)
(197	,213)
(197	,282)
(197	,302)
(197	,634)
(197	,670)
(197	,826)
(198	,259)
(198	,279)
(198	,450)
(198	,564)
(198	,608)
(199	,509)
(199	,639)
(199	,736)
(199	,883)
(199	,896)
(200	,404)
(201	,239)
(201	,245)
(201	,418)
(201	,543)
(202	,267)
(202	,289)
(202	,315)
(202	,337)
(202	,439)
(202	,536)
(202	,576)
(203	,205)
(203	,209)
(203	,232)
(203	,240)
(203	,300)
(203	,330)
(203	,648)
(203	,751)
(203	,813)
(204	,222)
(204	,263)
(204	,265)
(204	,522)
(204	,541)
(204	,582)
(204	,948)
(205	,209)
(205	,240)
(205	,257)
(205	,277)
(205	,300)
(205	,330)
(205	,370)
(205	,413)
(205	,648)
(205	,879)
(206	,334)
(206	,445)
(206	,539)
(207	,221)
(207	,289)
(207	,297)
(207	,417)
(207	,438)
(207	,533)
(207	,605)
(207	,622)
(207	,910)
(208	,237)
(208	,251)
(208	,405)
(208	,592)
(208	,878)
(209	,240)
(209	,277)
(209	,648)
(209	,751)
(210	,766)
(211	,233)
(211	,256)
(211	,259)
(211	,560)
(212	,782)
(212	,992)
(213	,411)
(213	,704)
(213	,799)
(213	,961)
(214	,241)
(214	,269)
(214	,307)
(214	,694)
(214	,729)
(214	,735)
(214	,857)
(214	,861)
(215	,220)
(215	,274)
(215	,323)
(215	,340)
(215	,383)
(215	,459)
(215	,814)
(215	,909)
(215	,994)
(216	,457)
(216	,583)
(216	,789)
(216	,796)
(216	,964)
(217	,388)
(217	,540)
(217	,764)
(217	,907)
(218	,239)
(218	,242)
(218	,261)
(218	,372)
(218	,386)
(218	,619)
(218	,647)
(218	,868)
(218	,874)
(219	,311)
(219	,559)
(219	,625)
(219	,761)
(220	,249)
(220	,299)
(220	,469)
(220	,615)
(220	,977)
(221	,363)
(221	,438)
(221	,605)
(221	,622)
(222	,254)
(222	,316)
(222	,500)
(222	,620)
(223	,262)
(223	,342)
(224	,233)
(224	,278)
(224	,859)
(224	,915)
(225	,561)
(225	,666)
(225	,676)
(225	,688)
(225	,801)
(225	,810)
(225	,835)
(226	,317)
(226	,349)
(226	,513)
(226	,623)
(226	,722)
(226	,818)
(227	,228)
(227	,273)
(227	,890)
(228	,273)
(228	,336)
(228	,508)
(228	,750)
(228	,973)
(229	,262)
(229	,429)
(229	,499)
(229	,512)
(229	,727)
(229	,742)
(230	,292)
(230	,298)
(230	,848)
(231	,244)
(231	,275)
(231	,276)
(232	,240)
(232	,257)
(232	,277)
(232	,300)
(232	,612)
(232	,776)
(232	,879)
(232	,981)
(233	,560)
(233	,724)
(233	,731)
(233	,941)
(234	,264)
(234	,266)
(235	,344)
(235	,607)
(235	,893)
(236	,350)
(236	,421)
(236	,495)
(236	,551)
(236	,726)
(236	,887)
(236	,932)
(237	,251)
(237	,405)
(237	,563)
(237	,791)
(237	,878)
(238	,293)
(238	,324)
(238	,837)
(238	,852)
(239	,242)
(239	,245)
(239	,261)
(239	,372)
(239	,386)
(239	,868)
(239	,954)
(240	,277)
(240	,330)
(240	,648)
(240	,813)
(240	,879)
(241	,780)
(241	,884)
(241	,946)
(242	,261)
(242	,372)
(242	,386)
(242	,401)
(242	,619)
(243	,479)
(243	,830)
(244	,346)
(245	,698)
(246	,303)
(246	,637)
(247	,353)
(247	,385)
(247	,412)
(247	,476)
(247	,498)
(247	,865)
(247	,881)
(248	,410)
(248	,523)
(248	,952)
(249	,312)
(249	,469)
(249	,687)
(249	,756)
(250	,415)
(250	,542)
(250	,836)
(251	,791)
(251	,878)
(252	,380)
(252	,433)
(252	,771)
(253	,432)
(253	,677)
(253	,820)
(253	,849)
(254	,500)
(254	,997)
(255	,277)
(255	,455)
(255	,552)
(255	,812)
(256	,497)
(257	,277)
(257	,300)
(257	,330)
(257	,648)
(257	,879)
(257	,981)
(258	,350)
(258	,531)
(258	,535)
(258	,551)
(258	,681)
(258	,743)
(259	,279)
(259	,328)
(259	,450)
(259	,560)
(260	,567)
(260	,611)
(260	,839)
(261	,386)
(261	,619)
(261	,690)
(261	,758)
(261	,760)
(261	,868)
(261	,874)
(262	,429)
(262	,510)
(262	,790)
(263	,582)
(264	,266)
(265	,610)
(265	,714)
(265	,739)
(265	,770)
(265	,794)
(266	,684)
(266	,700)
(266	,811)
(266	,970)
(267	,275)
(267	,315)
(267	,337)
(267	,363)
(269	,307)
(269	,427)
(269	,655)
(269	,694)
(269	,777)
(269	,857)
(269	,934)
(270	,750)
(271	,836)
(272	,451)
(272	,587)
(272	,646)
(272	,678)
(273	,329)
(273	,336)
(273	,478)
(273	,973)
(274	,323)
(274	,340)
(274	,383)
(274	,394)
(274	,416)
(274	,459)
(274	,615)
(275	,289)
(275	,439)
(275	,536)
(275	,547)
(275	,779)
(276	,819)
(277	,612)
(277	,648)
(277	,813)
(277	,981)
(278	,357)
(278	,431)
(278	,915)
(279	,331)
(279	,872)
(280	,305)
(280	,306)
(280	,436)
(281	,781)
(281	,867)
(281	,935)
(282	,302)
(282	,579)
(282	,725)
(283	,325)
(283	,481)
(283	,650)
(284	,631)
(285	,291)
(285	,537)
(285	,538)
(286	,288)
(286	,348)
(286	,369)
(286	,385)
(288	,348)
(288	,367)
(288	,385)
(288	,412)
(288	,821)
(289	,439)
(289	,547)
(290	,732)
(290	,789)
(291	,538)
(292	,298)
(292	,848)
(292	,928)
(292	,999)
(293	,354)
(293	,397)
(293	,511)
(293	,675)
(294	,781)
(294	,867)
(294	,935)
(295	,496)
(296	,397)
(296	,656)
(296	,963)
(297	,438)
(297	,526)
(297	,910)
(298	,999)
(299	,340)
(299	,383)
(299	,459)
(299	,977)
(300	,981)
(301	,384)
(301	,408)
(302	,579)
(302	,597)
(302	,725)
(303	,351)
(303	,795)
(303	,855)
(304	,548)
(304	,766)
(304	,842)
(304	,923)
(305	,322)
(305	,396)
(305	,436)
(306	,322)
(306	,396)
(306	,828)
(307	,427)
(307	,527)
(307	,655)
(307	,694)
(307	,754)
(309	,336)
(310	,587)
(310	,883)
(310	,896)
(311	,559)
(312	,569)
(312	,971)
(313	,345)
(313	,840)
(313	,958)
(314	,398)
(314	,425)
(314	,570)
(314	,837)
(314	,852)
(315	,337)
(315	,363)
(315	,439)
(315	,536)
(315	,546)
(316	,620)
(317	,349)
(317	,513)
(317	,722)
(318	,440)
(318	,470)
(319	,723)
(319	,768)
(320	,370)
(320	,485)
(321	,487)
(322	,396)
(322	,436)
(323	,340)
(323	,394)
(323	,459)
(323	,615)
(323	,685)
(323	,814)
(323	,909)
(323	,977)
(323	,994)
(324	,823)
(325	,437)
(325	,481)
(325	,650)
(327	,430)
(327	,575)
(327	,621)
(327	,817)
(327	,924)
(328	,382)
(328	,521)
(328	,757)
(329	,428)
(330	,813)
(331	,608)
(331	,872)
(332	,642)
(332	,752)
(333	,617)
(333	,860)
(334	,539)
(336	,508)
(336	,938)
(337	,417)
(337	,484)
(337	,533)
(337	,546)
(337	,576)
(337	,702)
(338	,407)
(338	,431)
(338	,911)
(339	,479)
(340	,383)
(340	,459)
(340	,814)
(340	,977)
(340	,994)
(341	,356)
(341	,672)
(341	,745)
(342	,502)
(343	,442)
(343	,649)
(344	,607)
(345	,652)
(345	,840)
(346	,393)
(346	,562)
(347	,368)
(348	,412)
(348	,498)
(348	,821)
(349	,623)
(349	,818)
(350	,406)
(350	,535)
(352	,493)
(352	,953)
(353	,476)
(353	,498)
(353	,865)
(353	,881)
(354	,397)
(354	,425)
(354	,675)
(355	,358)
(355	,389)
(356	,599)
(356	,824)
(357	,374)
(357	,731)
(358	,664)
(358	,815)
(359	,871)
(360	,532)
(361	,457)
(362	,534)
(362	,543)
(362	,925)
(363	,438)
(363	,536)
(363	,546)
(363	,576)
(364	,423)
(364	,453)
(364	,572)
(364	,575)
(364	,783)
(364	,924)
(365	,514)
(365	,785)
(365	,790)
(366	,701)
(366	,806)
(367	,412)
(367	,821)
(367	,908)
(369	,385)
(369	,703)
(370	,982)
(372	,868)
(373	,697)
(373	,904)
(374	,494)
(374	,724)
(374	,765)
(375	,430)
(375	,505)
(376	,649)
(376	,787)
(377	,416)
(377	,465)
(377	,517)
(377	,557)
(377	,671)
(377	,853)
(378	,942)
(380	,683)
(380	,715)
(380	,858)
(381	,558)
(382	,608)
(382	,891)
(383	,459)
(383	,615)
(383	,977)
(384	,488)
(384	,728)
(386	,619)
(386	,760)
(386	,868)
(387	,538)
(388	,669)
(390	,804)
(390	,899)
(392	,413)
(392	,568)
(393	,562)
(394	,416)
(394	,517)
(394	,685)
(394	,996)
(395	,662)
(396	,436)
(397	,447)
(397	,733)
(398	,570)
(399	,437)
(399	,720)
(399	,953)
(401	,627)
(401	,711)
(402	,409)
(402	,432)
(402	,793)
(402	,849)
(403	,516)
(405	,657)
(405	,929)
(407	,431)
(408	,516)
(409	,593)
(410	,598)
(410	,856)
(411	,613)
(412	,821)
(414	,921)
(416	,465)
(416	,517)
(416	,557)
(416	,671)
(416	,996)
(417	,438)
(417	,622)
(418	,483)
(419	,627)
(419	,711)
(420	,608)
(421	,726)
(421	,866)
(421	,932)
(422	,482)
(422	,713)
(423	,761)
(423	,924)
(424	,993)
(425	,511)
(426	,805)
(427	,527)
(427	,655)
(427	,934)
(428	,930)
(428	,944)
(429	,742)
(432	,677)
(432	,836)
(433	,558)
(433	,580)
(433	,771)
(434	,467)
(434	,480)
(435	,491)
(436	,443)
(436	,543)
(437	,666)
(438	,533)
(438	,605)
(441	,636)
(441	,798)
(442	,653)
(442	,730)
(444	,843)
(444	,955)
(446	,691)
(447	,675)
(448	,635)
(449	,461)
(451	,678)
(452	,795)
(453	,505)
(453	,572)
(453	,575)
(453	,924)
(454	,563)
(454	,717)
(456	,458)
(457	,583)
(457	,964)
(460	,480)
(460	,519)
(462	,577)
(462	,803)
(463	,589)
(463	,857)
(464	,495)
(464	,838)
(464	,912)
(465	,517)
(465	,557)
(465	,996)
(467	,480)
(467	,519)
(468	,530)
(471	,593)
(471	,695)
(471	,836)
(472	,718)
(472	,978)
(473	,600)
(473	,768)
(476	,498)
(480	,519)
(480	,614)
(481	,734)
(482	,589)
(484	,702)
(485	,630)
(486	,715)
(486	,822)
(486	,858)
(487	,529)
(487	,602)
(487	,847)
(488	,668)
(488	,759)
(489	,971)
(492	,499)
(492	,851)
(493	,507)
(493	,937)
(495	,932)
(497	,872)
(498	,865)
(498	,881)
(500	,620)
(504	,634)
(504	,710)
(504	,950)
(506	,674)
(506	,740)
(507	,588)
(509	,1000)
(510	,790)
(512	,936)
(513	,623)
(514	,735)
(514	,790)
(515	,827)
(516	,787)
(517	,557)
(517	,671)
(518	,719)
(519	,692)
(522	,948)
(523	,952)
(524	,730)
(524	,870)
(525	,585)
(527	,655)
(527	,934)
(528	,947)
(529	,602)
(529	,847)
(530	,998)
(531	,913)
(533	,910)
(536	,546)
(536	,576)
(537	,538)
(541	,831)
(541	,948)
(544	,659)
(544	,684)
(547	,779)
(548	,842)
(549	,662)
(549	,682)
(549	,860)
(550	,594)
(550	,792)
(551	,693)
(551	,726)
(551	,866)
(552	,809)
(555	,573)
(556	,701)
(556	,806)
(557	,671)
(558	,580)
(559	,625)
(559	,797)
(561	,666)
(561	,688)
(561	,810)
(561	,835)
(563	,626)
(563	,916)
(563	,929)
(565	,829)
(566	,665)
(566	,905)
(567	,601)
(567	,839)
(571	,626)
(571	,916)
(571	,929)
(572	,575)
(572	,924)
(575	,924)
(577	,803)
(577	,919)
(578	,696)
(579	,725)
(581	,667)
(582	,948)
(583	,796)
(584	,626)
(586	,699)
(590	,618)
(591	,956)
(591	,976)
(593	,793)
(594	,792)
(596	,719)
(597	,641)
(597	,725)
(598	,856)
(599	,824)
(601	,611)
(601	,738)
(601	,829)
(602	,847)
(606	,670)
(607	,893)
(609	,662)
(609	,663)
(611	,824)
(611	,829)
(612	,776)
(614	,987)
(618	,944)
(619	,868)
(621	,752)
(621	,817)
(624	,811)
(625	,797)
(626	,929)
(627	,632)
(627	,711)
(629	,833)
(632	,711)
(634	,710)
(634	,950)
(635	,781)
(638	,986)
(639	,1000)
(640	,819)
(641	,775)
(642	,752)
(645	,791)
(647	,745)
(647	,846)
(648	,813)
(651	,748)
(651	,921)
(655	,934)
(656	,963)
(658	,679)
(659	,684)
(660	,831)
(662	,682)
(663	,682)
(663	,860)
(664	,815)
(665	,905)
(666	,676)
(666	,688)
(666	,801)
(666	,810)
(668	,759)
(669	,907)
(670	,826)
(671	,996)
(672	,708)
(673	,825)
(674	,989)
(676	,688)
(676	,801)
(680	,854)
(683	,858)
(683	,876)
(688	,810)
(688	,835)
(689	,885)
(691	,756)
(694	,754)
(694	,857)
(703	,707)
(703	,821)
(706	,945)
(713	,773)
(714	,739)
(714	,770)
(714	,794)
(715	,822)
(716	,724)
(716	,941)
(718	,978)
(721	,894)
(727	,742)
(728	,759)
(729	,735)
(729	,861)
(730	,870)
(732	,755)
(735	,785)
(735	,861)
(739	,794)
(741	,850)
(745	,846)
(750	,795)
(760	,868)
(766	,931)
(768	,975)
(769	,983)
(776	,809)
(777	,807)
(778	,984)
(780	,884)
(784	,804)
(784	,901)
(788	,925)
(789	,964)
(793	,849)
(804	,901)
(810	,835)
(816	,937)
(823	,873)
(835	,953)
(838	,911)
(840	,975)
(842	,923)
(843	,955)
(858	,876)
(867	,935)
(877	,913)
(884	,946)
(887	,932)
(894	,906)
(896	,922)
(901	,950)
(916	,929)
(917	,931)
(940	,942)
(956	,976)
(969	,990)
