(0, 120)
(0, 177)
(0, 654)
(0, 1269)
(0, 1469)
(0, 1557)
(0, 2004)
(0, 2008)
(1, 243)
(1, 452)
(1, 676)
(1, 754)
(1, 1197)
(1, 1477)
(1, 1576)
(1, 1867)
(1, 1945)
(1, 1978)
(1, 2003)
(1, 2041)
(2, 14)
(2, 1029)
(3, 67)
(3, 86)
(3, 100)
(3, 267)
(3, 529)
(3, 547)
(3, 765)
(3, 779)
(3, 942)
(3, 1162)
(3, 1229)
(3, 1386)
(3, 1444)
(3, 1450)
(3, 1507)
(3, 1513)
(3, 1637)
(3, 1716)
(3, 1785)
(3, 1887)
(3, 1903)
(3, 1990)
(3, 2051)
(3, 2057)
(3, 2060)
(4, 108)
(4, 116)
(4, 140)
(4, 145)
(4, 335)
(4, 365)
(4, 480)
(4, 634)
(4, 687)
(4, 688)
(4, 807)
(4, 859)
(4, 1117)
(4, 1298)
(4, 1303)
(4, 1482)
(4, 1768)
(4, 1968)
(4, 1988)
(4, 2035)
(4, 2086)
(5, 1026)
(6, 714)
(6, 987)
(7, 470)
(7, 924)
(7, 1454)
(7, 1514)
(7, 1942)
(7, 2007)
(8, 2021)
(9, 16)
(9, 136)
(9, 468)
(9, 552)
(9, 557)
(9, 1076)
(9, 1078)
(9, 1204)
(9, 1414)
(9, 1494)
(9, 1529)
(9, 1656)
(9, 1825)
(9, 1900)
(9, 1967)
(9, 2108)
(10, 1417)
(10, 1742)
(10, 1950)
(11, 30)
(12, 1217)
(12, 1676)
(13, 17)
(13, 1016)
(14, 56)
(14, 299)
(14, 973)
(14, 1029)
(14, 1057)
(14, 1268)
(14, 1592)
(14, 1802)
(15, 871)
(15, 1756)
(15, 1766)
(16, 440)
(16, 552)
(16, 1076)
(17, 1016)
(18, 43)
(18, 176)
(18, 186)
(18, 280)
(18, 440)
(18, 444)
(18, 623)
(18, 851)
(18, 921)
(18, 973)
(18, 1030)
(18, 1111)
(18, 1289)
(19, 98)
(19, 577)
(19, 1189)
(20, 168)
(20, 725)
(20, 780)
(20, 831)
(20, 855)
(20, 1097)
(20, 1538)
(20, 1724)
(20, 1729)
(20, 1752)
(20, 1931)
(20, 2143)
(21, 824)
(22, 786)
(23, 398)
(23, 482)
(23, 484)
(23, 615)
(23, 890)
(23, 944)
(23, 982)
(23, 1047)
(23, 1272)
(23, 1390)
(23, 1484)
(23, 1712)
(23, 2100)
(23, 2142)
(24, 326)
(24, 1651)
(24, 1986)
(25, 904)
(26, 1994)
(26, 2106)
(26, 2120)
(27, 588)
(28, 103)
(28, 202)
(28, 203)
(28, 552)
(28, 557)
(28, 1076)
(28, 1078)
(28, 1120)
(28, 1462)
(28, 1701)
(29, 908)
(29, 1243)
(29, 1750)
(30, 75)
(30, 384)
(30, 1241)
(30, 1429)
(30, 1563)
(31, 1421)
(31, 2105)
(32, 527)
(32, 676)
(32, 901)
(32, 1546)
(32, 1679)
(32, 1704)
(32, 1732)
(32, 1867)
(32, 2092)
(33, 186)
(33, 609)
(33, 915)
(33, 1132)
(33, 2087)
(34, 924)
(34, 1454)
(34, 1942)
(34, 2007)
(35, 50)
(35, 115)
(35, 724)
(35, 2075)
(36, 50)
(37, 424)
(38, 286)
(38, 677)
(38, 757)
(38, 850)
(38, 1366)
(38, 1392)
(38, 2113)
(39, 1875)
(39, 1914)
(40, 1072)
(41, 2143)
(42, 1287)
(43, 186)
(43, 280)
(43, 468)
(43, 623)
(43, 851)
(43, 921)
(43, 1842)
(43, 2087)
(44, 149)
(45, 679)
(45, 994)
(45, 1067)
(45, 1153)
(45, 1903)
(45, 2024)
(46, 113)
(46, 503)
(46, 570)
(46, 590)
(46, 686)
(46, 951)
(46, 1040)
(46, 1104)
(46, 1164)
(46, 1432)
(46, 2052)
(47, 351)
(47, 581)
(47, 673)
(47, 976)
(47, 1062)
(47, 1267)
(47, 1347)
(47, 1404)
(47, 1629)
(47, 1838)
(47, 1987)
(47, 2116)
(48, 1192)
(49, 147)
(49, 406)
(49, 558)
(49, 701)
(49, 802)
(49, 1035)
(50, 115)
(50, 545)
(50, 724)
(50, 879)
(50, 1493)
(50, 1711)
(50, 1818)
(50, 1871)
(50, 1967)
(50, 2075)
(51, 736)
(51, 1075)
(51, 1300)
(51, 1865)
(52, 524)
(52, 552)
(52, 582)
(52, 1027)
(52, 1076)
(52, 1089)
(52, 1367)
(52, 2069)
(53, 461)
(53, 1239)
(53, 1426)
(53, 1787)
(53, 1916)
(54, 592)
(55, 1552)
(56, 1182)
(56, 1268)
(57, 975)
(57, 1784)
(57, 2082)
(58, 779)
(59, 65)
(59, 391)
(59, 771)
(59, 1103)
(59, 1206)
(59, 1440)
(59, 1794)
(59, 1819)
(59, 2027)
(59, 2049)
(60, 225)
(60, 457)
(60, 1215)
(61, 75)
(61, 342)
(61, 587)
(61, 1130)
(61, 1241)
(61, 1429)
(61, 2135)
(62, 321)
(62, 662)
(62, 833)
(62, 1077)
(62, 1348)
(62, 1731)
(62, 1765)
(63, 627)
(63, 775)
(63, 858)
(63, 1023)
(63, 1306)
(63, 1377)
(63, 1581)
(63, 1755)
(64, 924)
(64, 1454)
(64, 1505)
(64, 1514)
(64, 1731)
(64, 1942)
(64, 2007)
(65, 66)
(65, 391)
(65, 714)
(65, 771)
(65, 985)
(65, 1103)
(65, 1206)
(65, 1334)
(65, 1440)
(65, 1659)
(65, 1694)
(65, 1794)
(65, 1819)
(65, 2027)
(65, 2049)
(66, 139)
(66, 391)
(66, 491)
(66, 1373)
(66, 1440)
(66, 1571)
(66, 1694)
(66, 1777)
(66, 1794)
(66, 1819)
(66, 1907)
(67, 86)
(67, 100)
(67, 267)
(67, 325)
(67, 431)
(67, 467)
(67, 529)
(67, 547)
(67, 554)
(67, 765)
(67, 779)
(67, 942)
(67, 1162)
(67, 1229)
(67, 1386)
(67, 1444)
(67, 1450)
(67, 1458)
(67, 1507)
(67, 1513)
(67, 1637)
(67, 1716)
(67, 1785)
(67, 1887)
(67, 1903)
(67, 1990)
(67, 2051)
(67, 2057)
(67, 2071)
(68, 215)
(68, 1511)
(69, 153)
(69, 270)
(69, 699)
(69, 847)
(69, 1546)
(69, 1576)
(69, 1679)
(69, 1732)
(69, 1867)
(69, 2022)
(69, 2092)
(70, 119)
(70, 121)
(71, 879)
(71, 1138)
(72, 628)
(72, 824)
(72, 898)
(72, 1486)
(73, 912)
(73, 1361)
(73, 1518)
(73, 2010)
(73, 2093)
(74, 316)
(74, 534)
(74, 1494)
(74, 1696)
(74, 1804)
(75, 342)
(75, 395)
(75, 587)
(75, 865)
(75, 1130)
(75, 1429)
(75, 1563)
(75, 2067)
(75, 2135)
(76, 88)
(76, 190)
(76, 688)
(76, 689)
(76, 751)
(76, 819)
(76, 834)
(76, 854)
(76, 897)
(76, 1003)
(76, 1224)
(76, 1298)
(76, 1474)
(76, 1784)
(76, 1845)
(76, 1854)
(76, 1957)
(76, 1965)
(76, 2002)
(76, 2018)
(76, 2082)
(77, 750)
(77, 759)
(77, 824)
(77, 983)
(77, 1647)
(77, 1676)
(77, 1914)
(77, 1920)
(78, 628)
(78, 1486)
(78, 1735)
(79, 953)
(80, 390)
(80, 1442)
(81, 1133)
(82, 1357)
(82, 1422)
(83, 1853)
(84, 422)
(84, 766)
(84, 842)
(84, 911)
(84, 1144)
(84, 1665)
(84, 1784)
(85, 618)
(86, 100)
(86, 257)
(86, 267)
(86, 325)
(86, 431)
(86, 529)
(86, 547)
(86, 554)
(86, 765)
(86, 779)
(86, 942)
(86, 1162)
(86, 1229)
(86, 1386)
(86, 1444)
(86, 1450)
(86, 1458)
(86, 1507)
(86, 1513)
(86, 1637)
(86, 1664)
(86, 1716)
(86, 1785)
(86, 1887)
(86, 1903)
(86, 1990)
(86, 2051)
(86, 2057)
(86, 2071)
(87, 114)
(87, 270)
(87, 318)
(87, 356)
(87, 666)
(87, 699)
(87, 754)
(87, 847)
(87, 863)
(87, 926)
(87, 947)
(87, 1020)
(87, 1154)
(87, 1336)
(87, 1394)
(87, 1626)
(87, 1679)
(87, 1983)
(87, 2022)
(87, 2030)
(87, 2048)
(87, 2092)
(88, 190)
(88, 687)
(88, 819)
(88, 834)
(88, 854)
(88, 1224)
(88, 1743)
(88, 1845)
(88, 1854)
(88, 1965)
(88, 2002)
(88, 2082)
(89, 344)
(89, 511)
(89, 520)
(89, 1875)
(89, 1885)
(89, 1914)
(90, 386)
(90, 1827)
(91, 204)
(91, 298)
(91, 430)
(91, 558)
(91, 559)
(91, 719)
(91, 1261)
(91, 1484)
(92, 136)
(92, 440)
(92, 601)
(92, 609)
(92, 915)
(92, 1132)
(92, 1182)
(92, 1530)
(92, 1668)
(92, 1938)
(92, 2005)
(93, 788)
(94, 405)
(94, 1821)
(95, 103)
(96, 1056)
(97, 1953)
(98, 256)
(98, 306)
(98, 522)
(98, 577)
(98, 1189)
(98, 1480)
(98, 2105)
(99, 112)
(99, 286)
(99, 311)
(99, 677)
(99, 757)
(99, 1095)
(99, 1366)
(99, 1757)
(99, 2033)
(99, 2085)
(99, 2113)
(100, 185)
(100, 267)
(100, 529)
(100, 547)
(100, 765)
(100, 779)
(100, 942)
(100, 1123)
(100, 1162)
(100, 1229)
(100, 1386)
(100, 1444)
(100, 1450)
(100, 1513)
(100, 1637)
(100, 1716)
(100, 1785)
(100, 1887)
(100, 1903)
(100, 1990)
(100, 2051)
(100, 2057)
(100, 2060)
(101, 388)
(101, 663)
(101, 925)
(101, 1135)
(102, 372)
(103, 202)
(103, 228)
(103, 498)
(103, 552)
(103, 557)
(103, 703)
(103, 1053)
(103, 1071)
(103, 1076)
(103, 1078)
(103, 1120)
(103, 1573)
(103, 2069)
(104, 1583)
(104, 1624)
(104, 1659)
(104, 1694)
(104, 1847)
(104, 1929)
(104, 2027)
(104, 2032)
(105, 128)
(105, 726)
(105, 1316)
(105, 1453)
(105, 1832)
(106, 255)
(106, 2143)
(107, 1371)
(108, 116)
(108, 140)
(108, 145)
(108, 335)
(108, 365)
(108, 480)
(108, 634)
(108, 688)
(108, 859)
(108, 1482)
(108, 1768)
(108, 1968)
(108, 1988)
(108, 2018)
(108, 2035)
(108, 2082)
(109, 1284)
(109, 1403)
(109, 1602)
(109, 1630)
(109, 1972)
(109, 1976)
(109, 2117)
(110, 168)
(110, 831)
(110, 855)
(110, 919)
(110, 958)
(110, 1097)
(110, 1718)
(110, 1724)
(110, 1729)
(110, 1931)
(110, 1963)
(111, 1007)
(111, 1258)
(111, 1611)
(111, 1847)
(111, 1870)
(111, 2027)
(111, 2032)
(112, 152)
(112, 311)
(112, 610)
(112, 677)
(112, 757)
(112, 850)
(112, 1196)
(112, 1354)
(112, 1366)
(112, 1392)
(112, 1757)
(112, 2033)
(112, 2085)
(112, 2113)
(113, 144)
(113, 207)
(113, 503)
(113, 532)
(113, 570)
(113, 590)
(113, 675)
(113, 686)
(113, 687)
(113, 783)
(113, 827)
(113, 951)
(113, 1040)
(113, 1104)
(113, 1158)
(113, 1312)
(113, 1335)
(113, 1432)
(113, 1445)
(113, 1467)
(113, 1500)
(113, 1528)
(113, 1702)
(113, 1768)
(113, 1856)
(113, 2052)
(114, 270)
(114, 318)
(114, 452)
(114, 527)
(114, 666)
(114, 847)
(114, 863)
(114, 926)
(114, 1020)
(114, 1544)
(114, 1576)
(114, 1626)
(114, 1679)
(114, 1732)
(114, 1983)
(114, 2022)
(114, 2030)
(114, 2048)
(114, 2092)
(114, 2128)
(115, 408)
(115, 724)
(115, 1711)
(115, 1875)
(115, 2075)
(116, 140)
(116, 145)
(116, 335)
(116, 365)
(116, 480)
(116, 634)
(116, 688)
(116, 807)
(116, 859)
(116, 1117)
(116, 1303)
(116, 1357)
(116, 1482)
(116, 1968)
(116, 1988)
(116, 2035)
(116, 2086)
(117, 221)
(117, 300)
(117, 356)
(117, 477)
(117, 502)
(117, 564)
(117, 568)
(117, 847)
(117, 952)
(117, 1172)
(117, 1205)
(117, 1772)
(117, 1776)
(117, 1806)
(117, 1978)
(118, 262)
(118, 501)
(118, 826)
(118, 1697)
(119, 121)
(119, 236)
(119, 734)
(119, 735)
(119, 1169)
(119, 1327)
(119, 1427)
(119, 1436)
(119, 1601)
(119, 1933)
(120, 191)
(120, 253)
(120, 654)
(120, 1194)
(120, 1269)
(120, 1469)
(120, 1557)
(120, 1719)
(120, 1937)
(120, 1949)
(120, 2004)
(120, 2084)
(120, 2123)
(121, 236)
(121, 734)
(121, 735)
(121, 1169)
(121, 1323)
(121, 1327)
(121, 1427)
(121, 1436)
(121, 1601)
(121, 1913)
(121, 1933)
(122, 155)
(122, 474)
(122, 600)
(122, 714)
(122, 739)
(122, 987)
(122, 1271)
(122, 1496)
(122, 1583)
(122, 1624)
(122, 1659)
(122, 1841)
(122, 1847)
(122, 1888)
(122, 2027)
(122, 2032)
(123, 490)
(123, 566)
(123, 579)
(123, 906)
(123, 1181)
(123, 1243)
(123, 1313)
(123, 1463)
(123, 1603)
(123, 1700)
(123, 1750)
(123, 1904)
(123, 2050)
(124, 1140)
(125, 641)
(126, 502)
(126, 535)
(126, 654)
(126, 692)
(126, 808)
(126, 1088)
(126, 1159)
(126, 1934)
(126, 2056)
(126, 2074)
(127, 970)
(128, 302)
(128, 599)
(128, 615)
(128, 799)
(128, 882)
(128, 1350)
(128, 1476)
(128, 1676)
(128, 1708)
(129, 635)
(129, 953)
(130, 1882)
(131, 1672)
(132, 1999)
(133, 1202)
(134, 929)
(134, 1434)
(134, 1460)
(134, 1540)
(134, 1571)
(134, 1589)
(135, 741)
(135, 752)
(135, 1102)
(135, 1409)
(135, 1581)
(135, 1758)
(136, 246)
(136, 427)
(136, 440)
(136, 605)
(136, 708)
(136, 969)
(136, 1494)
(136, 1668)
(136, 2005)
(136, 2058)
(136, 2088)
(137, 183)
(137, 950)
(137, 1069)
(137, 1071)
(137, 1385)
(137, 1426)
(138, 173)
(139, 226)
(139, 1373)
(139, 1561)
(140, 145)
(140, 335)
(140, 365)
(140, 480)
(140, 634)
(140, 688)
(140, 859)
(140, 1117)
(140, 1482)
(140, 1968)
(140, 1988)
(140, 2035)
(141, 892)
(141, 1684)
(142, 733)
(142, 1452)
(142, 1600)
(143, 1299)
(144, 532)
(144, 686)
(144, 687)
(144, 783)
(144, 827)
(144, 1104)
(144, 1158)
(144, 1467)
(144, 1500)
(144, 1528)
(144, 1702)
(144, 1768)
(144, 1856)
(145, 335)
(145, 365)
(145, 480)
(145, 634)
(145, 688)
(145, 807)
(145, 859)
(145, 1117)
(145, 1482)
(145, 1768)
(145, 1968)
(145, 1988)
(145, 2018)
(145, 2035)
(145, 2082)
(146, 559)
(146, 719)
(146, 2103)
(147, 558)
(147, 802)
(148, 271)
(148, 1520)
(150, 1555)
(151, 1187)
(151, 1211)
(152, 311)
(152, 535)
(152, 1345)
(152, 1366)
(152, 1392)
(152, 1757)
(152, 2085)
(152, 2113)
(153, 211)
(153, 270)
(153, 452)
(153, 699)
(153, 1477)
(153, 1695)
(153, 1704)
(153, 1867)
(153, 1983)
(153, 2030)
(153, 2048)
(154, 1361)
(154, 1566)
(155, 474)
(155, 600)
(155, 714)
(155, 987)
(155, 1496)
(155, 1583)
(155, 1659)
(155, 1888)
(155, 2032)
(155, 2115)
(156, 717)
(157, 433)
(158, 835)
(158, 1520)
(159, 176)
(159, 664)
(159, 812)
(159, 921)
(159, 1043)
(159, 1529)
(159, 1530)
(159, 1652)
(159, 2034)
(160, 1365)
(160, 1401)
(161, 468)
(161, 782)
(161, 1121)
(161, 1149)
(161, 1364)
(161, 1842)
(162, 969)
(163, 203)
(163, 552)
(163, 557)
(163, 651)
(163, 763)
(163, 801)
(163, 873)
(163, 893)
(163, 1078)
(163, 1253)
(163, 1471)
(163, 1590)
(163, 1884)
(164, 1762)
(165, 613)
(166, 505)
(166, 589)
(166, 592)
(166, 888)
(166, 1318)
(166, 1512)
(166, 1981)
(167, 1451)
(168, 255)
(168, 648)
(168, 725)
(168, 780)
(168, 831)
(168, 855)
(168, 919)
(168, 958)
(168, 1097)
(168, 1170)
(168, 1538)
(168, 1724)
(168, 1729)
(168, 1931)
(168, 1963)
(168, 2143)
(169, 536)
(169, 703)
(169, 1227)
(170, 357)
(170, 1335)
(170, 1925)
(171, 977)
(172, 446)
(172, 493)
(172, 1460)
(174, 319)
(174, 1424)
(175, 995)
(175, 1154)
(176, 664)
(176, 1043)
(176, 1529)
(176, 1810)
(176, 1842)
(176, 2034)
(177, 1469)
(178, 811)
(178, 1092)
(178, 1412)
(178, 1578)
(178, 2072)
(179, 1257)
(179, 1291)
(180, 628)
(180, 1486)
(181, 1470)
(182, 1807)
(183, 743)
(183, 950)
(183, 1069)
(183, 1385)
(183, 1426)
(183, 2069)
(184, 453)
(185, 789)
(185, 1213)
(185, 1785)
(186, 468)
(186, 609)
(186, 623)
(186, 713)
(186, 851)
(186, 915)
(186, 969)
(186, 1268)
(187, 309)
(187, 464)
(187, 474)
(187, 714)
(187, 795)
(187, 1007)
(187, 1201)
(187, 1249)
(187, 1258)
(187, 1328)
(187, 1709)
(187, 1805)
(187, 1989)
(187, 2032)
(188, 1050)
(188, 1790)
(188, 2000)
(189, 303)
(190, 224)
(190, 578)
(190, 656)
(190, 687)
(190, 819)
(190, 834)
(190, 854)
(190, 897)
(190, 917)
(190, 1003)
(190, 1112)
(190, 1224)
(190, 1247)
(190, 1298)
(190, 1435)
(190, 1474)
(190, 1636)
(190, 1743)
(190, 1768)
(190, 1784)
(190, 1786)
(190, 1845)
(190, 1854)
(190, 1957)
(190, 1965)
(190, 2002)
(190, 2082)
(191, 300)
(191, 356)
(191, 477)
(191, 502)
(191, 527)
(191, 568)
(191, 692)
(191, 847)
(191, 952)
(191, 1193)
(191, 1205)
(191, 1576)
(191, 1678)
(191, 1695)
(191, 1719)
(191, 1759)
(191, 1772)
(191, 1776)
(191, 1923)
(191, 1945)
(191, 1970)
(191, 1978)
(192, 1274)
(192, 1594)
(192, 1964)
(192, 2132)
(193, 628)
(193, 1052)
(193, 1184)
(193, 1486)
(193, 1534)
(193, 1868)
(194, 259)
(194, 1333)
(195, 281)
(196, 315)
(197, 653)
(197, 1041)
(198, 319)
(199, 1847)
(199, 1929)
(200, 366)
(200, 2131)
(201, 1690)
(202, 552)
(202, 557)
(202, 1160)
(202, 1462)
(203, 272)
(203, 417)
(203, 552)
(203, 557)
(203, 1076)
(203, 1078)
(203, 1280)
(203, 1319)
(203, 1400)
(203, 1571)
(203, 1884)
(203, 2109)
(204, 430)
(204, 484)
(204, 558)
(204, 559)
(204, 585)
(204, 953)
(204, 982)
(204, 1082)
(204, 1343)
(204, 1691)
(204, 2013)
(204, 2037)
(205, 1707)
(206, 1951)
(207, 214)
(207, 675)
(207, 798)
(207, 1104)
(207, 1312)
(207, 1432)
(207, 1445)
(207, 1721)
(207, 2052)
(208, 892)
(209, 576)
(209, 702)
(209, 816)
(209, 1773)
(209, 1809)
(209, 2139)
(210, 1071)
(210, 1120)
(211, 243)
(211, 270)
(211, 452)
(211, 676)
(211, 699)
(211, 901)
(211, 1020)
(211, 1477)
(211, 1546)
(211, 1576)
(211, 1626)
(211, 1679)
(211, 1704)
(211, 1732)
(211, 1820)
(211, 1867)
(211, 1983)
(211, 2003)
(211, 2022)
(211, 2030)
(211, 2041)
(211, 2048)
(211, 2092)
(212, 2011)
(213, 623)
(213, 921)
(213, 1121)
(213, 1842)
(213, 2058)
(214, 675)
(214, 798)
(214, 1445)
(214, 1625)
(214, 2052)
(216, 1155)
(216, 1835)
(217, 770)
(217, 1792)
(218, 316)
(218, 597)
(219, 481)
(219, 1212)
(219, 1447)
(219, 1460)
(220, 1099)
(220, 1391)
(220, 1815)
(220, 1816)
(221, 300)
(221, 502)
(221, 568)
(221, 692)
(221, 847)
(221, 952)
(221, 1193)
(221, 1205)
(221, 1678)
(221, 1705)
(221, 1772)
(221, 1806)
(221, 1923)
(222, 1736)
(223, 1173)
(223, 1269)
(223, 1469)
(223, 1557)
(223, 1949)
(223, 2123)
(224, 557)
(224, 656)
(224, 751)
(224, 856)
(224, 907)
(224, 1128)
(224, 1531)
(224, 1602)
(224, 1630)
(224, 1636)
(224, 1972)
(224, 1976)
(224, 1998)
(224, 2109)
(224, 2117)
(224, 2124)
(225, 457)
(225, 1215)
(226, 410)
(226, 493)
(226, 679)
(226, 765)
(226, 994)
(226, 1067)
(226, 1153)
(226, 1561)
(226, 1896)
(226, 2024)
(227, 697)
(227, 1049)
(227, 1222)
(227, 1644)
(227, 1790)
(227, 1940)
(227, 2079)
(228, 1573)
(229, 387)
(229, 659)
(229, 1357)
(229, 1883)
(230, 1005)
(231, 785)
(232, 707)
(232, 722)
(232, 898)
(232, 976)
(233, 1034)
(234, 988)
(234, 1095)
(234, 1345)
(234, 1757)
(234, 2085)
(235, 635)
(235, 687)
(235, 953)
(235, 1128)
(235, 1309)
(235, 1400)
(235, 1468)
(235, 1607)
(235, 1744)
(235, 1754)
(235, 1823)
(235, 1866)
(235, 2059)
(237, 557)
(237, 1430)
(237, 2109)
(238, 506)
(239, 1530)
(240, 797)
(240, 1061)
(240, 1198)
(241, 2138)
(242, 1898)
(243, 527)
(243, 1394)
(243, 1477)
(243, 1576)
(243, 1704)
(243, 1867)
(243, 2022)
(243, 2041)
(244, 995)
(245, 400)
(245, 747)
(245, 1281)
(245, 1958)
(245, 2023)
(245, 2076)
(246, 440)
(246, 713)
(246, 869)
(246, 1571)
(246, 1668)
(246, 1938)
(246, 2005)
(246, 2061)
(247, 608)
(248, 1080)
(249, 341)
(249, 360)
(249, 497)
(249, 518)
(249, 687)
(249, 790)
(249, 810)
(249, 1285)
(249, 1430)
(250, 1331)
(251, 456)
(252, 281)
(252, 828)
(252, 1239)
(252, 1439)
(252, 1541)
(252, 1708)
(252, 1761)
(252, 1781)
(252, 1839)
(254, 562)
(254, 1017)
(254, 1305)
(255, 780)
(255, 831)
(255, 855)
(255, 958)
(255, 1724)
(255, 1729)
(255, 1752)
(255, 1753)
(255, 1931)
(255, 2143)
(256, 522)
(256, 887)
(256, 1381)
(256, 1480)
(257, 267)
(257, 431)
(257, 529)
(257, 547)
(257, 665)
(257, 759)
(257, 1129)
(257, 1424)
(257, 1444)
(257, 1450)
(257, 1458)
(257, 1637)
(257, 1676)
(257, 1716)
(257, 1855)
(257, 1990)
(258, 775)
(258, 1581)
(258, 1598)
(259, 1333)
(260, 316)
(261, 1368)
(261, 1906)
(262, 501)
(262, 826)
(262, 1697)
(263, 417)
(263, 743)
(263, 953)
(263, 959)
(263, 1190)
(263, 1619)
(264, 772)
(264, 842)
(264, 1100)
(264, 1150)
(265, 463)
(265, 630)
(265, 1081)
(265, 1410)
(266, 980)
(266, 1269)
(266, 1949)
(267, 325)
(267, 431)
(267, 529)
(267, 547)
(267, 554)
(267, 765)
(267, 779)
(267, 789)
(267, 942)
(267, 1162)
(267, 1229)
(267, 1386)
(267, 1444)
(267, 1450)
(267, 1458)
(267, 1507)
(267, 1513)
(267, 1637)
(267, 1664)
(267, 1716)
(267, 1785)
(267, 1887)
(267, 1990)
(267, 2051)
(267, 2057)
(267, 2071)
(268, 273)
(268, 645)
(268, 857)
(268, 1956)
(268, 2130)
(269, 1096)
(270, 318)
(270, 527)
(270, 666)
(270, 676)
(270, 699)
(270, 847)
(270, 863)
(270, 926)
(270, 932)
(270, 947)
(270, 1020)
(270, 1176)
(270, 1544)
(270, 1546)
(270, 1576)
(270, 1679)
(270, 1704)
(270, 1820)
(270, 1867)
(270, 1983)
(270, 2022)
(270, 2030)
(270, 2048)
(270, 2092)
(272, 388)
(273, 645)
(273, 857)
(273, 1222)
(273, 1706)
(273, 1944)
(273, 2130)
(274, 582)
(274, 744)
(275, 1679)
(275, 2092)
(276, 1861)
(277, 388)
(277, 1131)
(277, 1768)
(277, 1856)
(278, 1895)
(279, 1051)
(280, 440)
(280, 468)
(280, 605)
(280, 650)
(280, 1111)
(280, 1344)
(280, 1842)
(280, 2058)
(281, 324)
(281, 352)
(281, 371)
(281, 774)
(281, 882)
(281, 1041)
(281, 1050)
(281, 1059)
(281, 1350)
(281, 1411)
(281, 1486)
(281, 1708)
(281, 1761)
(281, 1839)
(281, 1853)
(282, 628)
(282, 1486)
(283, 440)
(283, 468)
(283, 589)
(283, 977)
(283, 1693)
(284, 310)
(285, 418)
(285, 1274)
(285, 1860)
(285, 1948)
(285, 2078)
(286, 311)
(286, 610)
(286, 616)
(286, 1366)
(286, 1392)
(286, 1568)
(286, 1757)
(286, 2085)
(286, 2113)
(287, 895)
(288, 1195)
(288, 1941)
(289, 586)
(289, 628)
(289, 1185)
(289, 1483)
(290, 683)
(290, 1133)
(290, 1572)
(290, 1588)
(290, 1610)
(290, 1666)
(291, 516)
(292, 1036)
(293, 426)
(294, 2018)
(295, 602)
(295, 994)
(295, 1557)
(295, 1812)
(296, 514)
(296, 671)
(296, 999)
(296, 1264)
(296, 2059)
(297, 332)
(297, 1907)
(298, 558)
(298, 953)
(298, 1136)
(298, 1720)
(299, 323)
(299, 973)
(299, 1057)
(299, 1268)
(300, 356)
(300, 477)
(300, 502)
(300, 568)
(300, 692)
(300, 847)
(300, 952)
(300, 1172)
(300, 1193)
(300, 1205)
(300, 1678)
(300, 1772)
(300, 1776)
(300, 1806)
(300, 1923)
(300, 1945)
(300, 1970)
(300, 1978)
(301, 1295)
(302, 484)
(302, 1350)
(302, 1476)
(302, 1676)
(304, 1639)
(305, 580)
(306, 2105)
(307, 948)
(308, 716)
(309, 464)
(309, 698)
(309, 795)
(309, 835)
(309, 878)
(309, 884)
(309, 892)
(309, 1099)
(309, 1194)
(309, 1271)
(309, 1286)
(309, 1328)
(309, 1428)
(309, 1433)
(309, 1709)
(309, 1720)
(309, 1805)
(309, 1963)
(309, 1989)
(309, 2042)
(310, 392)
(310, 397)
(310, 2073)
(311, 535)
(311, 610)
(311, 616)
(311, 677)
(311, 757)
(311, 1095)
(311, 1196)
(311, 1345)
(311, 1366)
(311, 1392)
(311, 1757)
(311, 2033)
(311, 2085)
(311, 2113)
(312, 863)
(312, 1508)
(313, 2085)
(314, 1760)
(316, 364)
(316, 440)
(316, 498)
(316, 963)
(316, 1065)
(316, 1113)
(316, 1200)
(316, 1242)
(316, 1350)
(316, 1494)
(316, 1676)
(316, 1814)
(316, 1871)
(316, 1948)
(317, 418)
(317, 476)
(317, 1275)
(317, 1357)
(318, 863)
(318, 926)
(318, 1020)
(318, 1544)
(318, 1576)
(318, 1679)
(318, 1704)
(318, 1983)
(318, 2022)
(318, 2048)
(318, 2092)
(319, 339)
(319, 746)
(319, 759)
(319, 828)
(319, 1179)
(319, 1214)
(319, 1425)
(319, 1768)
(320, 1793)
(321, 662)
(321, 961)
(321, 1077)
(321, 1293)
(321, 1765)
(322, 813)
(322, 1378)
(323, 440)
(323, 1265)
(323, 1416)
(323, 1924)
(324, 457)
(324, 515)
(324, 1836)
(324, 1964)
(325, 431)
(325, 529)
(325, 547)
(325, 548)
(325, 554)
(325, 703)
(325, 742)
(325, 942)
(325, 1031)
(325, 1444)
(325, 1448)
(325, 1450)
(325, 1458)
(325, 1507)
(325, 1632)
(325, 1637)
(325, 1664)
(325, 1776)
(325, 1852)
(325, 1978)
(325, 1990)
(325, 2051)
(325, 2071)
(326, 637)
(326, 959)
(326, 1487)
(326, 1594)
(327, 558)
(328, 1919)
(329, 1033)
(330, 872)
(331, 1579)
(332, 1046)
(332, 1375)
(332, 1537)
(332, 1777)
(332, 1907)
(332, 1966)
(333, 1343)
(334, 1943)
(335, 365)
(335, 480)
(335, 634)
(335, 688)
(335, 807)
(335, 859)
(335, 1117)
(335, 1303)
(335, 1482)
(335, 1968)
(335, 1988)
(335, 2035)
(336, 1870)
(337, 935)
(337, 1371)
(337, 1382)
(337, 1748)
(337, 1921)
(338, 1797)
(340, 1321)
(341, 360)
(341, 497)
(341, 518)
(341, 687)
(341, 790)
(341, 810)
(341, 1284)
(341, 1285)
(341, 1397)
(341, 1403)
(341, 1430)
(341, 1602)
(341, 1630)
(341, 1972)
(341, 1976)
(341, 2015)
(341, 2114)
(341, 2117)
(342, 865)
(342, 1130)
(342, 1241)
(342, 1429)
(342, 1733)
(342, 2077)
(342, 2135)
(343, 1894)
(344, 378)
(344, 1875)
(345, 382)
(345, 509)
(345, 1274)
(345, 1494)
(345, 1877)
(345, 2078)
(345, 2088)
(346, 924)
(346, 1454)
(346, 1942)
(346, 2007)
(347, 553)
(347, 828)
(347, 979)
(347, 1439)
(347, 1836)
(348, 531)
(349, 417)
(349, 440)
(349, 444)
(349, 552)
(349, 789)
(349, 832)
(349, 1350)
(349, 1530)
(349, 1842)
(349, 1887)
(350, 1653)
(351, 581)
(351, 673)
(351, 1267)
(351, 1404)
(351, 1629)
(351, 1987)
(352, 1761)
(353, 502)
(354, 1625)
(355, 2065)
(356, 477)
(356, 502)
(356, 527)
(356, 568)
(356, 692)
(356, 847)
(356, 952)
(356, 1172)
(356, 1205)
(356, 1678)
(356, 1764)
(356, 1772)
(356, 1776)
(356, 1806)
(356, 1923)
(356, 1945)
(356, 1970)
(356, 1978)
(357, 1391)
(357, 1925)
(358, 1677)
(358, 1765)
(359, 2032)
(360, 497)
(360, 790)
(360, 810)
(360, 1430)
(361, 749)
(362, 1980)
(363, 394)
(363, 509)
(363, 705)
(363, 711)
(363, 928)
(363, 1152)
(363, 1177)
(363, 1276)
(363, 1622)
(365, 480)
(365, 634)
(365, 688)
(365, 807)
(365, 859)
(365, 1117)
(365, 1303)
(365, 1482)
(365, 1968)
(365, 1988)
(365, 2035)
(365, 2086)
(366, 2131)
(367, 991)
(368, 490)
(369, 1393)
(370, 1230)
(371, 2130)
(373, 1993)
(374, 703)
(374, 1376)
(375, 1828)
(375, 1863)
(376, 1434)
(377, 2096)
(379, 489)
(380, 803)
(380, 1993)
(381, 1462)
(382, 969)
(382, 2088)
(383, 1350)
(383, 2094)
(384, 660)
(384, 1134)
(384, 1293)
(384, 2068)
(385, 777)
(386, 1302)
(386, 1827)
(387, 974)
(387, 2069)
(388, 475)
(388, 663)
(388, 689)
(388, 925)
(388, 1135)
(388, 1236)
(388, 1326)
(388, 1871)
(389, 1536)
(389, 1938)
(390, 1442)
(391, 771)
(391, 823)
(391, 985)
(391, 1103)
(391, 1206)
(391, 1334)
(391, 1440)
(391, 1659)
(391, 1694)
(391, 1794)
(391, 1819)
(391, 2027)
(391, 2049)
(392, 537)
(392, 748)
(392, 2006)
(393, 1515)
(394, 509)
(394, 705)
(394, 711)
(394, 928)
(394, 1152)
(394, 1177)
(394, 1276)
(394, 1622)
(395, 1563)
(396, 796)
(398, 484)
(398, 1318)
(398, 1390)
(399, 856)
(399, 1857)
(400, 747)
(400, 943)
(400, 1281)
(400, 1555)
(400, 1620)
(400, 1958)
(400, 2023)
(400, 2076)
(401, 402)
(403, 941)
(403, 1556)
(403, 1562)
(404, 832)
(404, 2133)
(405, 829)
(405, 884)
(405, 1821)
(406, 701)
(406, 1042)
(407, 581)
(407, 673)
(407, 1404)
(408, 545)
(408, 1138)
(409, 1991)
(411, 557)
(411, 562)
(411, 738)
(411, 840)
(411, 976)
(411, 1769)
(412, 856)
(413, 558)
(414, 690)
(414, 962)
(414, 1466)
(415, 1163)
(415, 1992)
(416, 434)
(416, 442)
(416, 1517)
(416, 1779)
(417, 552)
(417, 557)
(417, 743)
(417, 763)
(417, 801)
(417, 856)
(417, 877)
(417, 953)
(417, 959)
(417, 1019)
(417, 1078)
(417, 1190)
(417, 1309)
(417, 1400)
(417, 1551)
(417, 1619)
(417, 1667)
(417, 1754)
(417, 1784)
(417, 1884)
(417, 1957)
(417, 2043)
(417, 2109)
(418, 592)
(418, 1350)
(418, 1948)
(419, 1635)
(419, 1757)
(420, 962)
(421, 934)
(421, 2054)
(422, 911)
(422, 1144)
(422, 1665)
(422, 1768)
(423, 824)
(423, 1256)
(423, 1920)
(425, 1564)
(427, 605)
(427, 1668)
(428, 459)
(428, 1560)
(428, 1581)
(429, 1569)
(430, 559)
(430, 1105)
(430, 1484)
(431, 473)
(431, 529)
(431, 547)
(431, 554)
(431, 836)
(431, 942)
(431, 1123)
(431, 1444)
(431, 1450)
(431, 1458)
(431, 1507)
(431, 1637)
(431, 1716)
(431, 1990)
(431, 2051)
(431, 2057)
(431, 2071)
(432, 603)
(435, 472)
(435, 583)
(435, 946)
(435, 1102)
(435, 1296)
(435, 1673)
(436, 690)
(437, 1350)
(437, 1676)
(438, 530)
(439, 1567)
(440, 468)
(440, 584)
(440, 609)
(440, 623)
(440, 682)
(440, 832)
(440, 921)
(440, 973)
(440, 1057)
(440, 1268)
(440, 1289)
(440, 1350)
(440, 1372)
(440, 1530)
(440, 1667)
(440, 1668)
(440, 1686)
(440, 1693)
(440, 1842)
(440, 1938)
(440, 2005)
(440, 2031)
(440, 2058)
(440, 2087)
(440, 2088)
(441, 1212)
(441, 1460)
(443, 586)
(443, 1185)
(444, 468)
(444, 1025)
(444, 2058)
(445, 2006)
(446, 493)
(446, 751)
(446, 819)
(446, 1003)
(446, 1460)
(446, 2082)
(447, 466)
(448, 1486)
(449, 842)
(450, 490)
(450, 1138)
(450, 1974)
(451, 478)
(452, 676)
(452, 699)
(452, 847)
(452, 901)
(452, 1020)
(452, 1197)
(452, 1477)
(452, 1546)
(452, 1626)
(452, 1695)
(452, 1704)
(452, 1732)
(452, 1820)
(452, 1867)
(452, 1983)
(452, 2003)
(452, 2022)
(452, 2030)
(452, 2041)
(452, 2048)
(452, 2092)
(453, 1782)
(454, 1021)
(454, 1932)
(455, 885)
(457, 1215)
(457, 1594)
(457, 2037)
(458, 846)
(459, 775)
(459, 1560)
(460, 973)
(460, 1057)
(461, 1239)
(461, 1426)
(461, 1497)
(461, 1916)
(462, 619)
(463, 558)
(463, 606)
(463, 774)
(463, 1410)
(464, 474)
(464, 714)
(464, 795)
(464, 1007)
(464, 1201)
(464, 1249)
(464, 1258)
(464, 1328)
(464, 1709)
(464, 1805)
(464, 1870)
(464, 1989)
(464, 2027)
(464, 2032)
(465, 1196)
(465, 1703)
(465, 2032)
(466, 1594)
(466, 2037)
(467, 1507)
(467, 2051)
(468, 584)
(468, 589)
(468, 609)
(468, 623)
(468, 713)
(468, 760)
(468, 915)
(468, 921)
(468, 973)
(468, 989)
(468, 1030)
(468, 1073)
(468, 1111)
(468, 1149)
(468, 1182)
(468, 1344)
(468, 1364)
(468, 1372)
(468, 1419)
(468, 1494)
(468, 1693)
(468, 1842)
(468, 2013)
(468, 2034)
(468, 2058)
(469, 1297)
(470, 924)
(470, 1942)
(470, 2007)
(471, 947)
(474, 600)
(474, 639)
(474, 714)
(474, 795)
(474, 985)
(474, 1007)
(474, 1103)
(474, 1201)
(474, 1258)
(474, 1271)
(474, 1328)
(474, 1334)
(474, 1440)
(474, 1496)
(474, 1616)
(474, 1624)
(474, 1659)
(474, 1694)
(474, 1709)
(474, 1805)
(474, 1870)
(474, 1888)
(474, 1989)
(474, 2027)
(474, 2032)
(475, 925)
(477, 502)
(477, 527)
(477, 568)
(477, 692)
(477, 847)
(477, 952)
(477, 1205)
(477, 1678)
(477, 1806)
(477, 1945)
(477, 1970)
(477, 1978)
(479, 1698)
(480, 634)
(480, 688)
(480, 859)
(480, 1117)
(480, 1303)
(480, 1482)
(480, 1968)
(480, 1988)
(480, 2035)
(481, 845)
(481, 1413)
(481, 1460)
(482, 982)
(482, 1048)
(482, 1050)
(483, 1046)
(483, 1375)
(483, 1966)
(484, 592)
(484, 905)
(484, 1318)
(484, 1390)
(484, 1476)
(484, 1708)
(484, 1948)
(484, 2100)
(485, 1008)
(485, 1696)
(485, 1804)
(485, 2137)
(486, 2084)
(487, 2070)
(488, 1311)
(490, 511)
(490, 520)
(490, 528)
(490, 566)
(490, 579)
(490, 767)
(490, 776)
(490, 830)
(490, 906)
(490, 1062)
(490, 1181)
(490, 1278)
(490, 1313)
(490, 1335)
(490, 1463)
(490, 1526)
(490, 1579)
(490, 1603)
(490, 1700)
(490, 1750)
(490, 1816)
(490, 1875)
(490, 1904)
(490, 1977)
(490, 2050)
(490, 2107)
(491, 704)
(491, 891)
(491, 933)
(491, 963)
(491, 977)
(491, 1142)
(491, 1277)
(491, 1387)
(491, 1571)
(491, 1667)
(491, 1703)
(491, 1834)
(491, 1872)
(491, 1879)
(491, 1896)
(491, 1927)
(491, 2011)
(491, 2030)
(492, 1460)
(493, 1434)
(493, 1460)
(493, 1745)
(494, 556)
(494, 661)
(494, 954)
(494, 982)
(494, 1395)
(494, 1553)
(494, 1578)
(494, 2020)
(495, 596)
(495, 1252)
(495, 1261)
(495, 1502)
(495, 2107)
(495, 2111)
(496, 1350)
(496, 1676)
(496, 2078)
(497, 687)
(497, 790)
(497, 810)
(497, 1430)
(498, 963)
(498, 1065)
(498, 1160)
(498, 1242)
(498, 1396)
(498, 1573)
(498, 1676)
(498, 1814)
(498, 1871)
(498, 2118)
(499, 1294)
(500, 1012)
(501, 826)
(501, 1697)
(502, 568)
(502, 692)
(502, 847)
(502, 952)
(502, 1000)
(502, 1172)
(502, 1193)
(502, 1205)
(502, 1209)
(502, 1226)
(502, 1570)
(502, 1678)
(502, 1689)
(502, 1772)
(502, 1776)
(502, 1806)
(502, 1923)
(502, 1945)
(502, 1970)
(502, 1978)
(502, 2030)
(503, 590)
(503, 686)
(503, 951)
(503, 1040)
(503, 1060)
(503, 1104)
(503, 1432)
(503, 2052)
(504, 2130)
(505, 592)
(505, 888)
(505, 1318)
(505, 1512)
(505, 1981)
(507, 2065)
(508, 781)
(509, 597)
(509, 705)
(509, 711)
(509, 928)
(509, 1152)
(509, 1177)
(509, 1276)
(509, 1622)
(510, 620)
(510, 1011)
(511, 1275)
(511, 1357)
(511, 1875)
(512, 822)
(512, 1545)
(512, 1549)
(512, 2081)
(512, 2094)
(513, 1640)
(514, 1264)
(516, 813)
(517, 589)
(517, 1530)
(518, 790)
(518, 810)
(518, 1284)
(518, 1397)
(518, 1403)
(518, 1430)
(518, 1602)
(518, 1630)
(518, 1972)
(518, 1976)
(518, 2015)
(518, 2114)
(518, 2117)
(519, 654)
(519, 2004)
(520, 1875)
(521, 953)
(521, 1889)
(522, 1480)
(523, 877)
(524, 582)
(524, 1027)
(524, 1089)
(524, 1367)
(524, 2069)
(525, 1381)
(526, 1758)
(527, 649)
(527, 681)
(527, 847)
(527, 926)
(527, 947)
(527, 1020)
(527, 1172)
(527, 1205)
(527, 1679)
(527, 1776)
(527, 1923)
(527, 1970)
(527, 1978)
(527, 1983)
(527, 2030)
(527, 2092)
(529, 547)
(529, 554)
(529, 765)
(529, 779)
(529, 942)
(529, 1123)
(529, 1162)
(529, 1229)
(529, 1298)
(529, 1386)
(529, 1444)
(529, 1450)
(529, 1458)
(529, 1507)
(529, 1513)
(529, 1637)
(529, 1664)
(529, 1716)
(529, 1785)
(529, 1884)
(529, 1887)
(529, 1903)
(529, 1990)
(529, 2051)
(529, 2057)
(529, 2071)
(530, 1133)
(532, 783)
(532, 827)
(532, 1158)
(532, 1467)
(532, 1482)
(532, 1528)
(532, 1702)
(532, 1768)
(532, 1856)
(533, 1058)
(534, 1008)
(534, 1160)
(534, 1218)
(534, 1350)
(534, 1494)
(534, 1696)
(534, 1804)
(535, 616)
(535, 676)
(535, 677)
(535, 694)
(535, 829)
(535, 850)
(535, 884)
(535, 1196)
(535, 1271)
(535, 1315)
(535, 1345)
(535, 1362)
(535, 1366)
(535, 1392)
(535, 1645)
(535, 1703)
(535, 1867)
(535, 2003)
(535, 2030)
(535, 2041)
(535, 2085)
(535, 2113)
(536, 1227)
(538, 1851)
(539, 1372)
(539, 2087)
(540, 1049)
(541, 2065)
(542, 1203)
(543, 1930)
(544, 1378)
(545, 1041)
(545, 1634)
(546, 729)
(546, 1631)
(546, 2018)
(547, 554)
(547, 759)
(547, 765)
(547, 779)
(547, 789)
(547, 942)
(547, 1129)
(547, 1162)
(547, 1229)
(547, 1386)
(547, 1424)
(547, 1444)
(547, 1450)
(547, 1458)
(547, 1507)
(547, 1637)
(547, 1669)
(547, 1676)
(547, 1716)
(547, 1785)
(547, 1887)
(547, 1903)
(547, 1990)
(547, 2051)
(547, 2071)
(548, 1345)
(549, 561)
(550, 1287)
(551, 643)
(551, 1462)
(552, 557)
(552, 669)
(552, 743)
(552, 856)
(552, 877)
(552, 981)
(552, 1062)
(552, 1069)
(552, 1076)
(552, 1078)
(552, 1273)
(552, 1740)
(552, 1784)
(552, 1822)
(552, 2069)
(552, 2109)
(552, 2134)
(553, 828)
(553, 1747)
(554, 942)
(554, 1444)
(554, 1450)
(554, 1458)
(554, 1507)
(554, 1637)
(554, 1664)
(554, 1990)
(554, 2051)
(554, 2057)
(554, 2071)
(554, 2134)
(555, 1324)
(555, 1689)
(557, 790)
(557, 856)
(557, 877)
(557, 939)
(557, 981)
(557, 1076)
(557, 1078)
(557, 1273)
(557, 1602)
(557, 1784)
(557, 1884)
(557, 2109)
(557, 2134)
(558, 559)
(558, 606)
(558, 690)
(558, 719)
(558, 756)
(558, 802)
(558, 1484)
(559, 719)
(559, 953)
(560, 1009)
(560, 1461)
(561, 1251)
(561, 1389)
(561, 1519)
(561, 1734)
(561, 1801)
(562, 804)
(562, 1017)
(562, 1305)
(562, 1654)
(563, 638)
(563, 1491)
(563, 1972)
(565, 888)
(565, 1318)
(565, 1512)
(566, 579)
(566, 906)
(566, 1181)
(566, 1243)
(566, 1313)
(566, 1463)
(566, 1603)
(566, 1700)
(566, 1750)
(566, 1904)
(566, 2050)
(567, 874)
(567, 1687)
(568, 847)
(568, 952)
(568, 1172)
(568, 1193)
(568, 1205)
(568, 1678)
(568, 1772)
(568, 1776)
(568, 1806)
(568, 1923)
(568, 1970)
(569, 751)
(569, 953)
(569, 1273)
(569, 1400)
(569, 1822)
(569, 2043)
(569, 2055)
(570, 686)
(570, 783)
(570, 827)
(570, 1040)
(570, 1104)
(570, 1158)
(570, 1500)
(570, 1528)
(570, 1768)
(571, 1293)
(571, 1533)
(572, 1168)
(572, 1320)
(572, 1741)
(573, 1192)
(574, 820)
(575, 806)
(576, 816)
(576, 2139)
(578, 1112)
(579, 906)
(579, 1181)
(579, 1313)
(579, 1463)
(579, 1603)
(579, 1700)
(579, 1750)
(579, 1904)
(579, 2050)
(581, 673)
(581, 1267)
(581, 1404)
(581, 1629)
(581, 1838)
(581, 1987)
(582, 818)
(582, 1027)
(582, 1089)
(582, 1367)
(582, 1491)
(582, 1784)
(582, 2069)
(582, 2103)
(583, 946)
(583, 1460)
(584, 590)
(584, 679)
(584, 1046)
(584, 1543)
(586, 1185)
(586, 1478)
(586, 1615)
(586, 1913)
(587, 865)
(587, 1130)
(587, 1241)
(587, 2135)
(588, 773)
(589, 628)
(589, 888)
(589, 953)
(589, 977)
(589, 1151)
(589, 1262)
(589, 1530)
(589, 1543)
(589, 1693)
(589, 1842)
(589, 1981)
(590, 686)
(590, 951)
(590, 1040)
(590, 1104)
(590, 1432)
(590, 2052)
(591, 824)
(591, 1920)
(592, 638)
(592, 1318)
(592, 1512)
(592, 1948)
(592, 1981)
(593, 881)
(594, 925)
(594, 1175)
(594, 1652)
(594, 2045)
(595, 929)
(596, 2107)
(597, 705)
(597, 711)
(597, 814)
(597, 928)
(597, 1177)
(597, 1217)
(597, 1276)
(597, 1622)
(597, 1877)
(598, 1457)
(598, 2102)
(599, 799)
(599, 1708)
(600, 714)
(600, 1271)
(600, 1496)
(600, 1694)
(600, 2027)
(600, 2032)
(601, 1924)
(602, 1812)
(604, 1041)
(604, 1283)
(604, 1337)
(605, 1234)
(605, 1494)
(605, 2088)
(606, 774)
(607, 1014)
(608, 621)
(608, 628)
(609, 915)
(609, 973)
(609, 1132)
(609, 1235)
(609, 1263)
(609, 1455)
(609, 1530)
(609, 1668)
(609, 2087)
(610, 616)
(610, 1366)
(610, 1568)
(610, 1757)
(610, 2085)
(610, 2113)
(611, 940)
(612, 818)
(612, 929)
(612, 931)
(612, 963)
(614, 1174)
(614, 1579)
(615, 1350)
(615, 1476)
(615, 1790)
(615, 1940)
(616, 757)
(616, 1366)
(616, 1568)
(616, 1757)
(616, 2033)
(616, 2085)
(616, 2113)
(617, 696)
(617, 870)
(617, 1547)
(622, 1028)
(622, 1341)
(623, 682)
(623, 713)
(623, 782)
(623, 851)
(623, 921)
(623, 977)
(623, 1030)
(623, 1121)
(623, 1372)
(623, 1530)
(623, 1667)
(623, 1842)
(623, 2034)
(623, 2058)
(623, 2087)
(624, 1717)
(625, 945)
(626, 1922)
(627, 858)
(627, 1306)
(627, 1377)
(627, 1712)
(628, 821)
(628, 997)
(628, 1051)
(628, 1486)
(628, 1534)
(628, 1735)
(629, 647)
(629, 1593)
(629, 1718)
(629, 1724)
(629, 1729)
(629, 1931)
(630, 653)
(630, 1041)
(630, 1081)
(630, 1096)
(630, 1492)
(631, 1199)
(632, 866)
(632, 1147)
(632, 1862)
(633, 808)
(633, 1123)
(633, 1743)
(633, 1774)
(633, 2026)
(633, 2056)
(634, 688)
(634, 807)
(634, 859)
(634, 1117)
(634, 1232)
(634, 1482)
(634, 1968)
(634, 1988)
(634, 2018)
(634, 2035)
(634, 2082)
(634, 2086)
(635, 687)
(635, 953)
(635, 1309)
(635, 1400)
(635, 1468)
(635, 1744)
(635, 1754)
(635, 1823)
(635, 1866)
(635, 2059)
(636, 1014)
(638, 1749)
(639, 714)
(639, 985)
(639, 1007)
(639, 1103)
(639, 1258)
(639, 1334)
(639, 1583)
(639, 1624)
(639, 1659)
(639, 1694)
(639, 2027)
(639, 2032)
(639, 2049)
(640, 2104)
(642, 892)
(642, 995)
(642, 1989)
(644, 1688)
(644, 1846)
(645, 1384)
(646, 830)
(646, 937)
(646, 1977)
(647, 1752)
(647, 1931)
(648, 780)
(648, 855)
(648, 1931)
(649, 681)
(649, 1193)
(649, 1546)
(649, 1576)
(649, 1719)
(649, 1867)
(649, 1978)
(649, 1983)
(650, 824)
(650, 1289)
(650, 1344)
(650, 2034)
(651, 856)
(651, 873)
(651, 1128)
(651, 1253)
(651, 1471)
(651, 1590)
(651, 1884)
(651, 2082)
(652, 780)
(652, 1012)
(653, 1041)
(653, 1492)
(654, 1269)
(654, 1469)
(654, 1557)
(654, 1713)
(654, 1937)
(654, 1949)
(654, 1970)
(654, 2004)
(654, 2084)
(654, 2123)
(655, 1942)
(655, 2007)
(656, 1636)
(657, 704)
(657, 891)
(657, 1277)
(657, 1314)
(657, 1387)
(657, 1834)
(657, 1872)
(657, 1879)
(657, 1896)
(657, 1927)
(658, 1196)
(658, 1366)
(658, 1392)
(658, 1703)
(659, 867)
(659, 1013)
(659, 1905)
(660, 1134)
(660, 2068)
(660, 2091)
(661, 1395)
(661, 1623)
(662, 833)
(662, 1077)
(662, 1348)
(662, 1533)
(662, 1581)
(662, 1765)
(663, 689)
(663, 925)
(663, 1135)
(663, 1236)
(663, 1326)
(664, 812)
(664, 921)
(664, 1043)
(664, 1529)
(664, 1530)
(664, 1652)
(664, 2034)
(666, 863)
(666, 926)
(666, 1020)
(666, 1544)
(666, 1679)
(666, 2048)
(666, 2092)
(666, 2128)
(667, 1583)
(668, 781)
(669, 1531)
(669, 1856)
(669, 1884)
(670, 1798)
(671, 999)
(671, 1264)
(672, 1833)
(673, 1267)
(673, 1404)
(673, 1629)
(673, 1987)
(674, 840)
(674, 913)
(674, 1270)
(674, 1325)
(674, 1594)
(674, 1654)
(674, 1680)
(675, 686)
(675, 798)
(675, 1104)
(675, 1312)
(675, 1432)
(675, 1445)
(675, 1721)
(675, 2052)
(676, 699)
(676, 901)
(676, 1020)
(676, 1477)
(676, 1546)
(676, 1576)
(676, 1679)
(676, 1704)
(676, 1732)
(676, 1820)
(676, 1867)
(676, 1983)
(676, 2003)
(676, 2022)
(676, 2030)
(676, 2041)
(676, 2048)
(676, 2092)
(677, 757)
(677, 850)
(677, 920)
(677, 1366)
(677, 1392)
(677, 1572)
(677, 1703)
(677, 1757)
(677, 2003)
(677, 2033)
(677, 2085)
(677, 2113)
(678, 2011)
(679, 994)
(679, 1067)
(679, 1153)
(679, 1482)
(679, 1561)
(679, 2024)
(680, 882)
(680, 1708)
(682, 973)
(682, 2058)
(683, 920)
(683, 1173)
(683, 1340)
(683, 1572)
(683, 1610)
(683, 1657)
(683, 1722)
(683, 1826)
(683, 2083)
(684, 915)
(685, 1016)
(685, 1188)
(686, 783)
(686, 827)
(686, 951)
(686, 1040)
(686, 1104)
(686, 1158)
(686, 1312)
(686, 1432)
(686, 1445)
(686, 1500)
(686, 1528)
(686, 1702)
(686, 1768)
(686, 2052)
(687, 783)
(687, 790)
(687, 810)
(687, 827)
(687, 834)
(687, 854)
(687, 953)
(687, 1104)
(687, 1158)
(687, 1224)
(687, 1309)
(687, 1321)
(687, 1400)
(687, 1430)
(687, 1468)
(687, 1500)
(687, 1528)
(687, 1702)
(687, 1740)
(687, 1744)
(687, 1754)
(687, 1768)
(687, 1823)
(687, 1866)
(687, 2059)
(688, 807)
(688, 859)
(688, 1117)
(688, 1303)
(688, 1482)
(688, 1968)
(688, 1988)
(688, 2018)
(688, 2035)
(688, 2082)
(688, 2086)
(689, 819)
(689, 925)
(689, 1135)
(689, 1236)
(689, 1326)
(690, 1350)
(690, 1466)
(691, 1850)
(692, 847)
(692, 952)
(692, 1193)
(692, 1205)
(692, 1678)
(692, 1772)
(692, 1776)
(692, 1923)
(692, 1970)
(692, 1978)
(692, 2074)
(693, 804)
(693, 1475)
(694, 829)
(694, 884)
(694, 1196)
(694, 1345)
(694, 1554)
(694, 1821)
(695, 1548)
(695, 1646)
(696, 870)
(697, 1222)
(697, 1818)
(697, 1940)
(697, 2000)
(697, 2079)
(698, 795)
(698, 925)
(698, 1328)
(698, 1709)
(698, 1805)
(698, 1963)
(698, 1989)
(699, 901)
(699, 1020)
(699, 1167)
(699, 1477)
(699, 1576)
(699, 1626)
(699, 1679)
(699, 1695)
(699, 1732)
(699, 1867)
(699, 1983)
(699, 2022)
(699, 2030)
(699, 2041)
(699, 2048)
(700, 1997)
(701, 1042)
(702, 1773)
(702, 1809)
(703, 1376)
(704, 891)
(704, 1277)
(704, 1314)
(704, 1387)
(704, 1834)
(704, 1872)
(704, 1879)
(704, 1896)
(704, 1927)
(705, 711)
(705, 928)
(705, 1152)
(705, 1177)
(705, 1276)
(705, 1622)
(706, 1301)
(707, 840)
(707, 898)
(707, 913)
(707, 922)
(707, 976)
(707, 1270)
(707, 1325)
(707, 1594)
(707, 1654)
(707, 1680)
(708, 851)
(708, 969)
(708, 1494)
(708, 1908)
(709, 1705)
(710, 1239)
(710, 1793)
(711, 928)
(711, 1152)
(711, 1177)
(711, 1276)
(711, 1622)
(711, 2078)
(712, 831)
(712, 855)
(712, 1931)
(712, 2143)
(713, 1668)
(713, 2005)
(714, 771)
(714, 795)
(714, 985)
(714, 987)
(714, 1007)
(714, 1103)
(714, 1201)
(714, 1258)
(714, 1271)
(714, 1328)
(714, 1440)
(714, 1496)
(714, 1611)
(714, 1624)
(714, 1659)
(714, 1694)
(714, 1709)
(714, 1794)
(714, 1805)
(714, 1847)
(714, 1870)
(714, 1888)
(714, 1929)
(714, 2027)
(714, 2032)
(714, 2064)
(714, 2115)
(715, 717)
(716, 2028)
(718, 1019)
(718, 1053)
(718, 1181)
(718, 1669)
(720, 2020)
(721, 1616)
(722, 1062)
(722, 1347)
(723, 1049)
(724, 879)
(724, 1711)
(724, 2075)
(725, 831)
(725, 855)
(725, 919)
(725, 1097)
(725, 1724)
(725, 1729)
(725, 1752)
(725, 1931)
(725, 1963)
(726, 1280)
(726, 1497)
(727, 1779)
(728, 939)
(728, 1900)
(729, 1384)
(729, 1631)
(730, 1564)
(731, 804)
(732, 1012)
(732, 1192)
(736, 1075)
(736, 1300)
(736, 1342)
(737, 864)
(737, 873)
(737, 1253)
(737, 1590)
(737, 1832)
(737, 1853)
(738, 1270)
(739, 987)
(739, 1271)
(739, 1496)
(739, 1888)
(739, 2032)
(740, 1014)
(741, 752)
(741, 1102)
(741, 2089)
(742, 1013)
(743, 763)
(743, 783)
(743, 959)
(743, 1076)
(743, 1619)
(743, 1768)
(745, 1183)
(746, 1179)
(747, 1281)
(747, 1555)
(747, 1958)
(747, 2023)
(747, 2076)
(750, 824)
(750, 983)
(750, 1676)
(750, 1795)
(750, 1920)
(751, 819)
(751, 854)
(751, 897)
(751, 1003)
(751, 1273)
(751, 1400)
(751, 1474)
(751, 1784)
(751, 1822)
(751, 1845)
(751, 1957)
(751, 1965)
(751, 2043)
(751, 2055)
(751, 2082)
(752, 1102)
(753, 1247)
(753, 1803)
(754, 947)
(754, 1020)
(754, 1194)
(754, 1678)
(754, 1978)
(754, 2030)
(755, 1725)
(757, 1366)
(757, 1392)
(757, 1568)
(757, 1572)
(757, 1635)
(757, 1757)
(757, 2033)
(757, 2085)
(757, 2113)
(758, 817)
(759, 1060)
(759, 1129)
(759, 1424)
(759, 1530)
(759, 1779)
(759, 1980)
(759, 2080)
(760, 973)
(761, 839)
(762, 2040)
(763, 801)
(763, 873)
(763, 893)
(763, 1253)
(763, 1471)
(763, 1590)
(763, 1768)
(763, 1837)
(763, 1884)
(763, 1988)
(764, 1791)
(765, 779)
(765, 942)
(765, 1162)
(765, 1229)
(765, 1260)
(765, 1386)
(765, 1444)
(765, 1450)
(765, 1507)
(765, 1513)
(765, 1637)
(765, 1716)
(765, 1785)
(765, 1887)
(765, 1903)
(765, 1990)
(765, 2051)
(765, 2057)
(765, 2060)
(766, 911)
(766, 1144)
(766, 1665)
(768, 1406)
(769, 832)
(769, 1106)
(769, 1975)
(770, 1298)
(770, 1792)
(771, 985)
(771, 1103)
(771, 1206)
(771, 1440)
(771, 1624)
(771, 1659)
(771, 1794)
(771, 1819)
(771, 2027)
(771, 2032)
(771, 2049)
(772, 842)
(772, 1150)
(775, 1023)
(775, 1255)
(775, 1581)
(775, 1598)
(775, 1755)
(776, 1062)
(776, 1853)
(778, 788)
(779, 942)
(779, 1162)
(779, 1229)
(779, 1386)
(779, 1450)
(779, 1513)
(779, 1637)
(779, 1716)
(779, 1785)
(779, 1887)
(779, 1903)
(779, 1990)
(779, 2051)
(779, 2057)
(779, 2060)
(780, 831)
(780, 855)
(780, 919)
(780, 1097)
(780, 1538)
(780, 1718)
(780, 1753)
(780, 1931)
(780, 2143)
(781, 1955)
(782, 921)
(782, 1157)
(782, 1842)
(782, 2058)
(783, 827)
(783, 1104)
(783, 1158)
(783, 1463)
(783, 1467)
(783, 1500)
(783, 1528)
(783, 1702)
(783, 1743)
(783, 1768)
(783, 1856)
(784, 1454)
(784, 1514)
(784, 1942)
(786, 1768)
(786, 1856)
(787, 1644)
(789, 1213)
(789, 1507)
(789, 1513)
(789, 1887)
(790, 810)
(790, 818)
(790, 1285)
(790, 1430)
(790, 1784)
(791, 1012)
(792, 1643)
(793, 1373)
(794, 2057)
(795, 1007)
(795, 1201)
(795, 1249)
(795, 1258)
(795, 1328)
(795, 1616)
(795, 1694)
(795, 1709)
(795, 1805)
(795, 1870)
(795, 1989)
(795, 2032)
(797, 1061)
(797, 1198)
(797, 1651)
(798, 1104)
(798, 1312)
(798, 1432)
(798, 1445)
(798, 2052)
(799, 882)
(799, 1350)
(799, 1708)
(800, 1332)
(800, 1459)
(801, 873)
(801, 893)
(801, 1837)
(801, 1884)
(805, 1011)
(807, 859)
(807, 1968)
(807, 2035)
(808, 1123)
(808, 1490)
(808, 1535)
(808, 1774)
(808, 2026)
(808, 2056)
(808, 2095)
(809, 1159)
(810, 1285)
(810, 1430)
(811, 1581)
(811, 1681)
(812, 1043)
(812, 1529)
(812, 1530)
(812, 1652)
(812, 2034)
(814, 1831)
(814, 1873)
(814, 2042)
(815, 1594)
(815, 1964)
(815, 2037)
(816, 2139)
(818, 963)
(818, 1676)
(818, 2078)
(818, 2090)
(818, 2118)
(819, 834)
(819, 854)
(819, 897)
(819, 1003)
(819, 1224)
(819, 1298)
(819, 1474)
(819, 1784)
(819, 1845)
(819, 1854)
(819, 1957)
(819, 1965)
(819, 2002)
(819, 2082)
(820, 1606)
(820, 1640)
(820, 2065)
(821, 1184)
(822, 1545)
(822, 2031)
(822, 2081)
(822, 2094)
(823, 985)
(823, 1694)
(824, 898)
(824, 967)
(824, 983)
(824, 998)
(824, 1086)
(824, 1395)
(824, 1407)
(824, 1441)
(824, 1476)
(824, 1627)
(824, 1647)
(824, 1920)
(825, 1612)
(825, 1683)
(826, 1697)
(827, 1104)
(827, 1158)
(827, 1445)
(827, 1467)
(827, 1500)
(827, 1528)
(827, 1702)
(827, 1768)
(827, 1856)
(829, 884)
(829, 1554)
(829, 1821)
(830, 1977)
(831, 855)
(831, 958)
(831, 1097)
(831, 1538)
(831, 1593)
(831, 1718)
(831, 1724)
(831, 1752)
(831, 1753)
(831, 1931)
(831, 2143)
(832, 973)
(832, 1268)
(832, 1530)
(832, 1842)
(832, 1975)
(832, 2058)
(832, 2087)
(833, 1077)
(833, 1765)
(834, 854)
(834, 1224)
(834, 1845)
(834, 1854)
(834, 1965)
(834, 2002)
(834, 2082)
(835, 1520)
(835, 1720)
(835, 1843)
(836, 1384)
(836, 1513)
(837, 990)
(837, 1186)
(837, 1596)
(837, 1912)
(838, 1145)
(838, 1234)
(838, 1605)
(838, 1633)
(840, 913)
(840, 922)
(840, 976)
(840, 1270)
(840, 1325)
(840, 1654)
(840, 1680)
(841, 1952)
(842, 911)
(842, 1144)
(843, 1194)
(843, 1345)
(844, 1184)
(845, 862)
(845, 1447)
(845, 1460)
(847, 926)
(847, 947)
(847, 952)
(847, 960)
(847, 1020)
(847, 1099)
(847, 1172)
(847, 1193)
(847, 1205)
(847, 1678)
(847, 1705)
(847, 1772)
(847, 1776)
(847, 1806)
(847, 1923)
(847, 1945)
(847, 1970)
(847, 1978)
(847, 2030)
(847, 2092)
(848, 913)
(849, 1942)
(850, 1345)
(850, 1366)
(850, 1757)
(850, 2085)
(850, 2113)
(851, 1107)
(851, 1842)
(852, 1446)
(853, 1814)
(853, 1871)
(854, 897)
(854, 1003)
(854, 1224)
(854, 1298)
(854, 1474)
(854, 1784)
(854, 1845)
(854, 1854)
(854, 1957)
(854, 1965)
(854, 2002)
(854, 2082)
(855, 958)
(855, 1097)
(855, 1538)
(855, 1718)
(855, 1724)
(855, 1729)
(855, 1752)
(855, 1753)
(855, 1931)
(855, 2136)
(855, 2143)
(856, 907)
(856, 1078)
(856, 1128)
(856, 1397)
(856, 1403)
(856, 1531)
(856, 1602)
(856, 1630)
(856, 1857)
(856, 1972)
(856, 1976)
(856, 1998)
(856, 2109)
(856, 2114)
(856, 2117)
(857, 2100)
(858, 927)
(858, 982)
(858, 1306)
(858, 1460)
(858, 1712)
(859, 1117)
(859, 1232)
(859, 1303)
(859, 1482)
(859, 1768)
(859, 1968)
(859, 1988)
(859, 2035)
(859, 2082)
(859, 2086)
(860, 1358)
(860, 1999)
(860, 2066)
(861, 1706)
(862, 1460)
(862, 1513)
(862, 1903)
(863, 926)
(863, 1020)
(863, 1544)
(863, 1679)
(863, 2092)
(863, 2128)
(864, 1832)
(865, 1130)
(865, 1156)
(865, 1241)
(865, 1429)
(865, 2135)
(866, 1902)
(867, 1087)
(867, 1279)
(867, 1415)
(868, 924)
(868, 1454)
(868, 1942)
(868, 2007)
(870, 1547)
(871, 1033)
(871, 1608)
(871, 1756)
(871, 1766)
(872, 2031)
(873, 893)
(873, 1165)
(873, 1253)
(873, 1420)
(873, 1471)
(873, 1590)
(873, 1884)
(874, 1687)
(875, 2006)
(876, 1890)
(877, 910)
(877, 953)
(877, 959)
(877, 2002)
(877, 2043)
(878, 1099)
(878, 1989)
(878, 2042)
(880, 1237)
(880, 1837)
(881, 1437)
(881, 1507)
(882, 1117)
(882, 1350)
(882, 1476)
(882, 1494)
(882, 1708)
(882, 1751)
(882, 1884)
(883, 1260)
(883, 1992)
(884, 1196)
(884, 1345)
(884, 1554)
(884, 1576)
(884, 1821)
(884, 1826)
(886, 1649)
(887, 1381)
(887, 1480)
(888, 1272)
(888, 1318)
(888, 1512)
(888, 1981)
(889, 1741)
(891, 1277)
(891, 1314)
(891, 1387)
(891, 1834)
(891, 1872)
(891, 1879)
(891, 1896)
(891, 1927)
(892, 1194)
(892, 1645)
(892, 1684)
(892, 1738)
(892, 1963)
(893, 1253)
(893, 1471)
(893, 1590)
(893, 1884)
(894, 1524)
(894, 1692)
(894, 1946)
(895, 1373)
(896, 1243)
(896, 1266)
(896, 1912)
(897, 1003)
(897, 1474)
(897, 1784)
(897, 1845)
(897, 1957)
(897, 1965)
(897, 2082)
(898, 1441)
(899, 1824)
(900, 1985)
(901, 1626)
(902, 931)
(902, 1604)
(903, 995)
(903, 1478)
(905, 1661)
(906, 1181)
(906, 1193)
(906, 1243)
(906, 1313)
(906, 1463)
(906, 1603)
(906, 1700)
(906, 1750)
(906, 1904)
(906, 2050)
(907, 1430)
(907, 1602)
(907, 1972)
(907, 2117)
(909, 1168)
(910, 953)
(910, 959)
(910, 1190)
(910, 1754)
(910, 2043)
(911, 1144)
(911, 1665)
(911, 1768)
(912, 1518)
(912, 2093)
(912, 2096)
(913, 976)
(913, 1270)
(913, 1654)
(913, 1680)
(914, 1045)
(914, 1587)
(915, 1973)
(915, 2087)
(916, 2032)
(917, 1786)
(917, 1912)
(918, 1307)
(918, 1768)
(919, 1724)
(920, 1572)
(920, 1610)
(920, 2113)
(921, 1043)
(921, 1121)
(921, 1289)
(921, 1344)
(921, 1494)
(921, 1529)
(921, 1842)
(921, 2034)
(921, 2058)
(922, 1270)
(922, 1325)
(922, 1654)
(922, 1680)
(923, 1885)
(924, 1221)
(924, 1380)
(924, 1398)
(924, 1454)
(924, 1505)
(924, 1514)
(924, 1539)
(924, 1942)
(924, 2007)
(925, 1135)
(925, 1175)
(925, 1236)
(925, 1326)
(925, 1652)
(925, 2045)
(926, 1020)
(926, 1544)
(926, 1679)
(926, 1983)
(926, 2022)
(926, 2030)
(926, 2092)
(926, 2128)
(928, 1152)
(928, 1177)
(928, 1274)
(928, 1276)
(928, 1622)
(928, 2078)
(929, 1341)
(929, 1434)
(929, 1681)
(929, 2011)
(929, 2018)
(930, 2090)
(931, 1453)
(931, 2129)
(933, 2011)
(934, 1800)
(934, 2054)
(935, 1382)
(935, 1748)
(936, 1682)
(937, 1977)
(938, 2018)
(939, 1160)
(939, 1900)
(940, 1320)
(940, 1741)
(941, 1556)
(941, 1562)
(942, 967)
(942, 998)
(942, 1044)
(942, 1137)
(942, 1162)
(942, 1229)
(942, 1285)
(942, 1386)
(942, 1444)
(942, 1450)
(942, 1458)
(942, 1506)
(942, 1507)
(942, 1513)
(942, 1585)
(942, 1637)
(942, 1716)
(942, 1785)
(942, 1887)
(942, 1903)
(942, 1990)
(942, 2051)
(942, 2057)
(942, 2071)
(943, 1281)
(943, 1555)
(943, 1620)
(943, 1958)
(943, 2023)
(946, 1460)
(947, 1154)
(947, 1689)
(948, 2011)
(949, 1207)
(950, 1069)
(950, 1385)
(951, 1040)
(951, 1432)
(951, 2052)
(952, 1172)
(952, 1193)
(952, 1205)
(952, 1678)
(952, 1772)
(952, 1776)
(952, 1806)
(952, 1923)
(952, 1945)
(952, 1970)
(952, 1978)
(953, 959)
(953, 1190)
(953, 1273)
(953, 1309)
(953, 1400)
(953, 1468)
(953, 1607)
(953, 1641)
(953, 1744)
(953, 1754)
(953, 1822)
(953, 1823)
(953, 1866)
(953, 1889)
(953, 1984)
(953, 2043)
(953, 2055)
(953, 2059)
(954, 982)
(954, 1259)
(954, 1581)
(954, 1623)
(954, 1739)
(954, 1755)
(954, 1890)
(955, 2127)
(956, 1565)
(956, 1986)
(957, 2001)
(958, 1097)
(958, 1724)
(958, 1729)
(958, 1752)
(958, 1753)
(958, 1931)
(959, 1019)
(959, 1190)
(959, 1309)
(959, 1400)
(959, 1619)
(959, 1754)
(959, 2043)
(961, 1293)
(961, 1648)
(962, 1054)
(962, 1350)
(962, 1676)
(962, 2037)
(962, 2039)
(962, 2078)
(963, 1152)
(963, 1274)
(963, 1350)
(963, 1573)
(963, 1676)
(963, 1708)
(963, 1814)
(963, 1871)
(963, 1886)
(963, 1948)
(963, 2038)
(963, 2078)
(963, 2118)
(964, 1980)
(965, 1345)
(965, 1821)
(966, 1194)
(966, 1660)
(967, 998)
(967, 1044)
(967, 1506)
(967, 1585)
(968, 1374)
(969, 1111)
(969, 1124)
(969, 1344)
(969, 1494)
(969, 1875)
(969, 2034)
(969, 2045)
(971, 1637)
(971, 1777)
(972, 1489)
(973, 1057)
(973, 1268)
(973, 1668)
(973, 1802)
(973, 1842)
(973, 1975)
(973, 2058)
(974, 1060)
(976, 1270)
(976, 1325)
(976, 1654)
(976, 1680)
(977, 1571)
(977, 1842)
(978, 1829)
(981, 1076)
(981, 1078)
(981, 1414)
(982, 1712)
(982, 1890)
(982, 2142)
(983, 1676)
(983, 1920)
(983, 2118)
(984, 1662)
(984, 1808)
(985, 1007)
(985, 1103)
(985, 1201)
(985, 1206)
(985, 1334)
(985, 1440)
(985, 1624)
(985, 1659)
(985, 1694)
(985, 1805)
(985, 1819)
(985, 1847)
(985, 1870)
(985, 1929)
(985, 2027)
(985, 2032)
(985, 2049)
(986, 1063)
(986, 1727)
(986, 2062)
(987, 1888)
(987, 2032)
(988, 1362)
(988, 1821)
(989, 1364)
(989, 1842)
(990, 1186)
(990, 1596)
(990, 1912)
(992, 1004)
(992, 1887)
(993, 1096)
(994, 1067)
(994, 1153)
(994, 1561)
(994, 1777)
(994, 1837)
(995, 1184)
(995, 1868)
(995, 2107)
(996, 1090)
(996, 1778)
(997, 1486)
(997, 1534)
(997, 1886)
(998, 1044)
(998, 1506)
(998, 1585)
(1001, 1041)
(1001, 1399)
(1002, 1541)
(1003, 1474)
(1003, 1784)
(1003, 1845)
(1003, 1957)
(1003, 1965)
(1003, 2018)
(1003, 2082)
(1004, 1887)
(1004, 2036)
(1005, 1225)
(1006, 1510)
(1006, 1880)
(1007, 1103)
(1007, 1258)
(1007, 1328)
(1007, 1616)
(1007, 1659)
(1007, 1709)
(1007, 1805)
(1007, 1870)
(1007, 1881)
(1007, 2027)
(1007, 2032)
(1008, 1160)
(1008, 1218)
(1008, 1289)
(1008, 1370)
(1008, 1524)
(1008, 1696)
(1008, 1804)
(1008, 2137)
(1010, 1799)
(1010, 1941)
(1013, 1905)
(1015, 1678)
(1016, 1188)
(1017, 1305)
(1018, 1624)
(1018, 1929)
(1018, 2027)
(1018, 2032)
(1019, 1053)
(1019, 1181)
(1019, 1669)
(1020, 1544)
(1020, 1546)
(1020, 1576)
(1020, 1679)
(1020, 1704)
(1020, 1867)
(1020, 1983)
(1020, 2022)
(1020, 2030)
(1020, 2048)
(1020, 2092)
(1021, 1932)
(1022, 1580)
(1023, 1255)
(1023, 1581)
(1023, 1598)
(1024, 1598)
(1024, 2020)
(1027, 1089)
(1027, 1367)
(1027, 2069)
(1032, 1230)
(1033, 1756)
(1033, 1766)
(1035, 1178)
(1035, 2107)
(1037, 1840)
(1038, 1361)
(1039, 1768)
(1040, 1104)
(1040, 1432)
(1040, 2052)
(1041, 1492)
(1043, 1529)
(1043, 1530)
(1043, 2034)
(1044, 1506)
(1044, 1585)
(1046, 1375)
(1046, 1896)
(1046, 1907)
(1046, 1966)
(1048, 1050)
(1049, 1118)
(1049, 1644)
(1049, 1940)
(1049, 2100)
(1050, 1790)
(1050, 1839)
(1051, 1639)
(1052, 1184)
(1052, 1486)
(1052, 1899)
(1052, 1925)
(1053, 1181)
(1053, 1669)
(1054, 1066)
(1054, 1160)
(1054, 1350)
(1054, 1860)
(1054, 2118)
(1054, 2134)
(1055, 1650)
(1056, 1720)
(1059, 1378)
(1059, 1939)
(1060, 1129)
(1060, 1779)
(1061, 1198)
(1062, 1347)
(1062, 1594)
(1062, 1964)
(1063, 1727)
(1063, 2062)
(1064, 1346)
(1064, 1352)
(1064, 1449)
(1064, 1488)
(1064, 1490)
(1064, 1535)
(1064, 1723)
(1064, 1881)
(1064, 2009)
(1064, 2026)
(1065, 1200)
(1065, 1242)
(1065, 1573)
(1065, 1814)
(1066, 1160)
(1066, 2118)
(1066, 2134)
(1067, 1153)
(1067, 1561)
(1067, 1896)
(1067, 2024)
(1068, 1979)
(1069, 1071)
(1069, 1385)
(1069, 1426)
(1070, 1920)
(1071, 1120)
(1071, 1385)
(1073, 1122)
(1073, 1971)
(1074, 1320)
(1074, 1741)
(1075, 1300)
(1075, 1865)
(1076, 1078)
(1076, 1494)
(1076, 1668)
(1076, 1740)
(1076, 1784)
(1076, 2134)
(1077, 1765)
(1078, 1273)
(1078, 1494)
(1078, 1784)
(1078, 2109)
(1078, 2134)
(1079, 1116)
(1083, 1434)
(1084, 2025)
(1085, 1161)
(1086, 1395)
(1087, 1279)
(1087, 1415)
(1089, 1367)
(1089, 2069)
(1090, 1472)
(1090, 1778)
(1091, 1473)
(1092, 1412)
(1092, 2072)
(1093, 1408)
(1094, 2107)
(1094, 2141)
(1095, 1345)
(1095, 1392)
(1095, 1703)
(1095, 2085)
(1095, 2113)
(1096, 1545)
(1097, 1718)
(1097, 1724)
(1097, 1729)
(1097, 1752)
(1097, 1931)
(1098, 1595)
(1098, 2140)
(1099, 1314)
(1099, 1879)
(1099, 1927)
(1099, 2042)
(1100, 1126)
(1100, 1150)
(1101, 1779)
(1102, 1296)
(1102, 1409)
(1102, 1581)
(1102, 1673)
(1102, 1758)
(1103, 1258)
(1103, 1440)
(1103, 1496)
(1103, 1624)
(1103, 1659)
(1103, 1694)
(1103, 1794)
(1103, 1847)
(1103, 1870)
(1103, 2027)
(1103, 2032)
(1103, 2049)
(1104, 1158)
(1104, 1312)
(1104, 1432)
(1104, 1445)
(1104, 1467)
(1104, 1500)
(1104, 1528)
(1104, 1702)
(1104, 1768)
(1104, 1856)
(1104, 2052)
(1106, 1268)
(1106, 1530)
(1106, 1924)
(1107, 1577)
(1107, 1897)
(1108, 1628)
(1109, 1996)
(1110, 2004)
(1111, 2058)
(1113, 1964)
(1114, 1673)
(1115, 1216)
(1117, 1232)
(1117, 1482)
(1117, 1708)
(1117, 1784)
(1117, 1968)
(1117, 1988)
(1117, 2018)
(1117, 2035)
(1117, 2082)
(1117, 2086)
(1118, 1125)
(1118, 1818)
(1119, 2107)
(1121, 1268)
(1121, 1667)
(1121, 2058)
(1122, 2101)
(1123, 1490)
(1123, 1774)
(1123, 2056)
(1123, 2057)
(1124, 1652)
(1125, 2079)
(1127, 1901)
(1129, 1424)
(1129, 1517)
(1129, 1779)
(1130, 1241)
(1130, 1429)
(1130, 1733)
(1130, 2135)
(1133, 1396)
(1133, 1588)
(1134, 2068)
(1135, 1236)
(1135, 1326)
(1138, 1357)
(1138, 1621)
(1138, 1811)
(1139, 1582)
(1141, 1521)
(1143, 1658)
(1144, 1665)
(1145, 1605)
(1145, 1633)
(1146, 1964)
(1148, 1781)
(1148, 1828)
(1149, 1364)
(1149, 1842)
(1151, 1262)
(1152, 1177)
(1152, 1274)
(1152, 1276)
(1152, 1350)
(1152, 1622)
(1152, 2078)
(1153, 1561)
(1153, 2024)
(1154, 1193)
(1154, 1678)
(1158, 1432)
(1158, 1467)
(1158, 1500)
(1158, 1528)
(1158, 1702)
(1158, 1768)
(1158, 1856)
(1159, 2030)
(1160, 1696)
(1160, 1860)
(1160, 2118)
(1160, 2137)
(1161, 1308)
(1162, 1229)
(1162, 1262)
(1162, 1386)
(1162, 1444)
(1162, 1450)
(1162, 1507)
(1162, 1513)
(1162, 1637)
(1162, 1716)
(1162, 1785)
(1162, 1887)
(1162, 1903)
(1162, 1990)
(1162, 2051)
(1162, 2057)
(1162, 2060)
(1163, 1260)
(1163, 1992)
(1166, 1741)
(1167, 1679)
(1167, 2030)
(1167, 2048)
(1168, 1320)
(1168, 1741)
(1170, 1931)
(1171, 1532)
(1171, 1995)
(1172, 1193)
(1172, 1205)
(1172, 1772)
(1172, 1776)
(1172, 1806)
(1172, 1923)
(1173, 1366)
(1173, 1722)
(1175, 1652)
(1175, 2045)
(1176, 2030)
(1177, 1276)
(1177, 1350)
(1177, 1622)
(1177, 2116)
(1178, 1231)
(1179, 1517)
(1180, 2032)
(1181, 1243)
(1181, 1313)
(1181, 1463)
(1181, 1603)
(1181, 1669)
(1181, 1700)
(1181, 1750)
(1181, 1904)
(1181, 2050)
(1182, 1668)
(1182, 1842)
(1184, 1486)
(1184, 1534)
(1184, 1868)
(1184, 1899)
(1184, 1925)
(1184, 2017)
(1185, 1391)
(1185, 1478)
(1185, 1615)
(1186, 1596)
(1186, 1912)
(1189, 1767)
(1190, 1309)
(1190, 1400)
(1190, 1754)
(1190, 2043)
(1191, 1329)
(1192, 1371)
(1192, 2016)
(1193, 1205)
(1193, 1678)
(1193, 1772)
(1193, 1776)
(1193, 1806)
(1193, 1923)
(1193, 1945)
(1193, 1970)
(1193, 1978)
(1194, 1826)
(1194, 1864)
(1194, 1936)
(1195, 1941)
(1196, 1271)
(1196, 1345)
(1196, 1362)
(1196, 1366)
(1196, 1392)
(1196, 1703)
(1196, 1757)
(1196, 2113)
(1198, 1335)
(1200, 1242)
(1200, 1565)
(1200, 1594)
(1200, 1763)
(1200, 2037)
(1201, 1249)
(1201, 1258)
(1201, 1328)
(1201, 1659)
(1201, 1694)
(1201, 1709)
(1201, 1805)
(1201, 2027)
(1201, 2032)
(1204, 1656)
(1204, 1825)
(1204, 2108)
(1205, 1660)
(1205, 1678)
(1205, 1772)
(1205, 1776)
(1205, 1806)
(1205, 1923)
(1205, 1934)
(1205, 1945)
(1205, 1970)
(1205, 1978)
(1205, 2030)
(1206, 1334)
(1206, 1440)
(1206, 1659)
(1206, 1694)
(1206, 1794)
(1206, 1819)
(1206, 2027)
(1206, 2049)
(1208, 1663)
(1209, 1826)
(1209, 1934)
(1210, 1777)
(1210, 1936)
(1212, 1460)
(1214, 1590)
(1215, 2037)
(1216, 1730)
(1218, 1804)
(1218, 2137)
(1219, 2065)
(1220, 2003)
(1222, 1384)
(1222, 1486)
(1222, 1644)
(1222, 1818)
(1222, 1940)
(1222, 2000)
(1222, 2079)
(1222, 2100)
(1223, 1858)
(1224, 1845)
(1224, 1854)
(1224, 1965)
(1224, 2002)
(1226, 2083)
(1228, 1846)
(1229, 1386)
(1229, 1450)
(1229, 1513)
(1229, 1637)
(1229, 1716)
(1229, 1785)
(1229, 1887)
(1229, 1903)
(1229, 1990)
(1229, 2051)
(1229, 2057)
(1229, 2060)
(1230, 1783)
(1232, 1303)
(1233, 1817)
(1234, 1338)
(1234, 1605)
(1235, 1263)
(1235, 1455)
(1236, 1326)
(1237, 1837)
(1238, 1425)
(1239, 1426)
(1239, 1916)
(1239, 2057)
(1240, 1480)
(1241, 1429)
(1241, 2135)
(1242, 1594)
(1242, 1964)
(1242, 2037)
(1243, 1266)
(1243, 1313)
(1243, 1603)
(1243, 1700)
(1243, 1750)
(1243, 1768)
(1243, 1904)
(1244, 1525)
(1245, 1670)
(1245, 2126)
(1246, 1586)
(1247, 1803)
(1248, 1418)
(1249, 1328)
(1249, 1709)
(1249, 1805)
(1250, 1935)
(1251, 1389)
(1251, 1519)
(1251, 1801)
(1253, 1420)
(1253, 1471)
(1253, 1590)
(1253, 1884)
(1254, 1869)
(1255, 1598)
(1255, 1650)
(1257, 1291)
(1258, 1328)
(1258, 1624)
(1258, 1659)
(1258, 1694)
(1258, 1709)
(1258, 1805)
(1258, 1870)
(1258, 1881)
(1258, 2027)
(1258, 2032)
(1259, 1363)
(1259, 1890)
(1260, 1992)
(1261, 1542)
(1261, 1575)
(1261, 2107)
(1263, 1455)
(1266, 1812)
(1267, 1404)
(1267, 1629)
(1268, 1416)
(1268, 1924)
(1268, 1975)
(1268, 2058)
(1269, 1469)
(1269, 1937)
(1269, 1949)
(1270, 1325)
(1270, 1594)
(1270, 1654)
(1270, 1680)
(1271, 1315)
(1271, 1496)
(1271, 1645)
(1271, 1703)
(1271, 2027)
(1271, 2032)
(1272, 1439)
(1273, 1400)
(1273, 1822)
(1273, 2018)
(1273, 2043)
(1273, 2055)
(1273, 2109)
(1274, 1964)
(1274, 2132)
(1275, 1357)
(1275, 1435)
(1276, 1622)
(1277, 1314)
(1277, 1387)
(1277, 1834)
(1277, 1872)
(1277, 1879)
(1277, 1896)
(1277, 1927)
(1278, 1512)
(1279, 1415)
(1280, 1319)
(1280, 1856)
(1280, 1862)
(1280, 2109)
(1281, 1555)
(1281, 1620)
(1281, 1958)
(1281, 2023)
(1281, 2076)
(1282, 1954)
(1284, 1397)
(1284, 1403)
(1284, 1430)
(1284, 1602)
(1284, 1630)
(1284, 1972)
(1284, 1976)
(1284, 2015)
(1284, 2114)
(1284, 2117)
(1286, 1610)
(1288, 1289)
(1289, 1344)
(1289, 1524)
(1289, 2045)
(1290, 2110)
(1292, 1295)
(1293, 1688)
(1293, 1771)
(1295, 1565)
(1295, 1964)
(1295, 2044)
(1298, 1303)
(1298, 1458)
(1298, 1743)
(1298, 1988)
(1298, 2082)
(1301, 1580)
(1303, 1357)
(1303, 1482)
(1303, 1768)
(1303, 1988)
(1303, 2035)
(1303, 2086)
(1304, 2099)
(1306, 1377)
(1309, 1400)
(1309, 1468)
(1309, 1607)
(1309, 1703)
(1309, 1744)
(1309, 1754)
(1309, 1823)
(1309, 1866)
(1309, 2043)
(1309, 2059)
(1309, 2112)
(1310, 1563)
(1312, 1432)
(1312, 1445)
(1312, 2052)
(1313, 1463)
(1313, 1603)
(1313, 1700)
(1313, 1750)
(1313, 1904)
(1313, 2050)
(1314, 1387)
(1314, 1834)
(1314, 1872)
(1314, 1879)
(1314, 1896)
(1314, 1927)
(1316, 1916)
(1317, 1546)
(1318, 1390)
(1318, 1512)
(1318, 1981)
(1318, 2097)
(1319, 1453)
(1319, 1856)
(1320, 1733)
(1320, 1741)
(1321, 1740)
(1321, 1784)
(1321, 1884)
(1322, 1326)
(1324, 1464)
(1324, 1689)
(1324, 1923)
(1325, 1654)
(1325, 1680)
(1328, 1616)
(1328, 1659)
(1328, 1694)
(1328, 1709)
(1328, 1805)
(1328, 1870)
(1328, 1989)
(1328, 2032)
(1330, 1405)
(1330, 1612)
(1330, 1915)
(1330, 1947)
(1332, 1459)
(1334, 1624)
(1334, 1659)
(1334, 1694)
(1334, 1794)
(1334, 1847)
(1334, 1870)
(1334, 2027)
(1334, 2032)
(1334, 2049)
(1339, 1712)
(1341, 2011)
(1344, 1494)
(1344, 1804)
(1344, 1842)
(1344, 2034)
(1345, 1354)
(1345, 1366)
(1345, 1392)
(1345, 1635)
(1345, 1757)
(1345, 1826)
(1345, 2003)
(1345, 2033)
(1345, 2085)
(1345, 2113)
(1345, 2123)
(1346, 1723)
(1347, 1594)
(1349, 1617)
(1349, 1935)
(1350, 1476)
(1350, 1676)
(1350, 1708)
(1350, 1751)
(1350, 1892)
(1350, 1948)
(1350, 2038)
(1350, 2039)
(1350, 2078)
(1350, 2116)
(1350, 2118)
(1351, 1685)
(1351, 1988)
(1352, 1903)
(1353, 1934)
(1354, 1366)
(1354, 1703)
(1354, 1757)
(1354, 2085)
(1354, 2113)
(1355, 1479)
(1355, 1818)
(1355, 1940)
(1355, 2079)
(1356, 1389)
(1357, 1726)
(1357, 1844)
(1357, 2019)
(1358, 1999)
(1358, 2066)
(1359, 1775)
(1359, 1926)
(1360, 1982)
(1361, 1673)
(1362, 1576)
(1362, 1904)
(1364, 1842)
(1365, 1401)
(1366, 1392)
(1366, 1635)
(1366, 1703)
(1366, 1757)
(1366, 2033)
(1366, 2085)
(1366, 2113)
(1367, 2069)
(1368, 1906)
(1369, 1741)
(1369, 1910)
(1370, 2137)
(1371, 1762)
(1372, 1530)
(1372, 1842)
(1372, 2058)
(1372, 2087)
(1375, 1896)
(1375, 1907)
(1375, 1966)
(1377, 1755)
(1379, 1578)
(1380, 1454)
(1380, 1584)
(1380, 1942)
(1381, 1480)
(1383, 2030)
(1383, 2092)
(1384, 1631)
(1384, 1644)
(1384, 1706)
(1385, 1426)
(1385, 1571)
(1386, 1444)
(1386, 1450)
(1386, 1513)
(1386, 1637)
(1386, 1716)
(1386, 1785)
(1386, 1887)
(1386, 1903)
(1386, 1990)
(1386, 2051)
(1386, 2057)
(1386, 2060)
(1387, 1834)
(1387, 1872)
(1387, 1879)
(1387, 1896)
(1387, 1927)
(1388, 1840)
(1389, 1519)
(1389, 1734)
(1389, 1801)
(1391, 1815)
(1391, 1816)
(1391, 2080)
(1392, 1635)
(1392, 1703)
(1392, 1757)
(1392, 2033)
(1392, 2085)
(1392, 2113)
(1393, 1550)
(1393, 1770)
(1393, 1876)
(1395, 1890)
(1397, 1403)
(1397, 1430)
(1397, 1602)
(1397, 1630)
(1397, 1972)
(1397, 1976)
(1397, 2015)
(1397, 2114)
(1397, 2117)
(1398, 1454)
(1398, 1514)
(1398, 1942)
(1398, 2007)
(1400, 1468)
(1400, 1744)
(1400, 1754)
(1400, 1822)
(1400, 1823)
(1400, 1866)
(1400, 2043)
(1400, 2055)
(1400, 2059)
(1402, 1489)
(1403, 1430)
(1403, 1602)
(1403, 1630)
(1403, 1972)
(1403, 1976)
(1403, 2015)
(1403, 2114)
(1403, 2117)
(1403, 2124)
(1404, 1629)
(1404, 1838)
(1404, 1987)
(1405, 1947)
(1407, 1920)
(1411, 1940)
(1412, 1739)
(1412, 2072)
(1413, 1460)
(1414, 1530)
(1414, 1967)
(1414, 2108)
(1417, 1742)
(1417, 1950)
(1420, 1471)
(1420, 1590)
(1423, 1768)
(1424, 1458)
(1424, 1676)
(1424, 1990)
(1426, 1916)
(1428, 1498)
(1428, 1989)
(1429, 1733)
(1429, 2077)
(1429, 2135)
(1430, 1602)
(1430, 1630)
(1430, 1972)
(1430, 1976)
(1430, 2015)
(1430, 2114)
(1430, 2117)
(1431, 1836)
(1432, 1445)
(1432, 2052)
(1435, 1550)
(1435, 1876)
(1438, 1842)
(1439, 1712)
(1439, 1836)
(1440, 1583)
(1440, 1659)
(1440, 1694)
(1440, 1794)
(1440, 1819)
(1440, 2027)
(1440, 2049)
(1443, 1796)
(1444, 1450)
(1444, 1458)
(1444, 1507)
(1444, 1637)
(1444, 1664)
(1444, 1716)
(1444, 1785)
(1444, 1887)
(1444, 1903)
(1444, 1990)
(1444, 2051)
(1444, 2057)
(1444, 2071)
(1445, 1721)
(1445, 2052)
(1447, 1460)
(1449, 1488)
(1449, 1490)
(1449, 1535)
(1449, 1723)
(1449, 2009)
(1449, 2026)
(1450, 1458)
(1450, 1507)
(1450, 1513)
(1450, 1637)
(1450, 1716)
(1450, 1785)
(1450, 1887)
(1450, 1903)
(1450, 1990)
(1450, 2051)
(1450, 2057)
(1450, 2071)
(1453, 1578)
(1454, 1505)
(1454, 1514)
(1454, 1539)
(1454, 1584)
(1454, 1942)
(1454, 2007)
(1456, 1951)
(1457, 2102)
(1458, 1507)
(1458, 1637)
(1458, 1664)
(1458, 1716)
(1458, 1990)
(1458, 2051)
(1458, 2071)
(1460, 1540)
(1460, 1589)
(1460, 1667)
(1461, 2092)
(1463, 1700)
(1463, 1743)
(1463, 1750)
(1463, 1904)
(1463, 2050)
(1464, 1689)
(1465, 1903)
(1467, 1500)
(1467, 1536)
(1467, 1768)
(1467, 1856)
(1468, 1607)
(1468, 1744)
(1468, 1754)
(1468, 1823)
(1468, 1866)
(1468, 2059)
(1469, 1557)
(1469, 1937)
(1469, 1949)
(1469, 2004)
(1469, 2123)
(1471, 1590)
(1471, 1884)
(1474, 1784)
(1474, 1845)
(1474, 1957)
(1474, 1965)
(1474, 2082)
(1476, 1676)
(1476, 1708)
(1476, 1779)
(1476, 1920)
(1476, 2078)
(1476, 2100)
(1477, 1576)
(1477, 1679)
(1477, 1695)
(1477, 1704)
(1477, 1867)
(1477, 2022)
(1477, 2030)
(1477, 2041)
(1477, 2048)
(1477, 2092)
(1478, 1615)
(1479, 1818)
(1479, 1940)
(1479, 2079)
(1481, 1578)
(1481, 1739)
(1482, 1968)
(1482, 1988)
(1482, 2035)
(1482, 2086)
(1485, 1575)
(1485, 1939)
(1486, 1534)
(1486, 1735)
(1486, 1868)
(1486, 1881)
(1486, 1925)
(1486, 2112)
(1488, 1490)
(1488, 1535)
(1488, 1723)
(1488, 2009)
(1488, 2026)
(1490, 1535)
(1490, 1723)
(1490, 2009)
(1490, 2026)
(1490, 2056)
(1491, 2069)
(1494, 1529)
(1494, 1708)
(1494, 1862)
(1494, 2088)
(1495, 2037)
(1496, 1624)
(1496, 1847)
(1496, 1888)
(1496, 2027)
(1496, 2032)
(1496, 2115)
(1497, 1916)
(1499, 1779)
(1500, 1528)
(1500, 1702)
(1500, 1768)
(1500, 1856)
(1501, 1884)
(1503, 1928)
(1504, 1567)
(1505, 1509)
(1505, 1514)
(1505, 1731)
(1505, 1942)
(1505, 2007)
(1506, 1585)
(1507, 1637)
(1507, 1716)
(1507, 1887)
(1507, 1903)
(1507, 1990)
(1507, 2051)
(1507, 2071)
(1510, 1880)
(1512, 1981)
(1513, 1637)
(1513, 1664)
(1513, 1716)
(1513, 1785)
(1513, 1887)
(1513, 1903)
(1513, 1990)
(1513, 2051)
(1513, 2057)
(1513, 2060)
(1514, 1539)
(1514, 1584)
(1514, 1731)
(1514, 1942)
(1514, 2007)
(1516, 1925)
(1517, 1779)
(1517, 1911)
(1518, 2010)
(1518, 2093)
(1518, 2096)
(1519, 1734)
(1520, 1720)
(1522, 1618)
(1523, 1594)
(1524, 1692)
(1524, 1946)
(1524, 2137)
(1527, 1993)
(1528, 1702)
(1528, 1768)
(1528, 1856)
(1529, 1530)
(1529, 1652)
(1529, 2034)
(1530, 1842)
(1530, 1924)
(1530, 1975)
(1531, 1884)
(1531, 1976)
(1531, 1998)
(1535, 1723)
(1535, 1881)
(1535, 2009)
(1535, 2026)
(1537, 1966)
(1538, 1724)
(1538, 1931)
(1538, 1963)
(1538, 2143)
(1539, 1942)
(1539, 2007)
(1540, 1589)
(1544, 1679)
(1544, 1983)
(1544, 2030)
(1544, 2092)
(1545, 2031)
(1545, 2081)
(1545, 2094)
(1546, 1679)
(1546, 1704)
(1546, 1732)
(1546, 1867)
(1546, 1983)
(1546, 2030)
(1546, 2041)
(1546, 2048)
(1548, 1646)
(1549, 1789)
(1553, 1623)
(1555, 1958)
(1555, 2023)
(1555, 2076)
(1555, 2121)
(1556, 1562)
(1557, 1703)
(1557, 1937)
(1557, 1949)
(1557, 2004)
(1557, 2123)
(1558, 2122)
(1559, 1728)
(1560, 1581)
(1560, 1755)
(1560, 1765)
(1561, 1777)
(1561, 2024)
(1565, 1594)
(1565, 1964)
(1565, 1984)
(1565, 2037)
(1565, 2044)
(1568, 2033)
(1568, 2085)
(1568, 2113)
(1570, 1772)
(1570, 1806)
(1571, 1667)
(1571, 1848)
(1571, 1896)
(1571, 2011)
(1571, 2030)
(1572, 1610)
(1572, 2033)
(1572, 2113)
(1573, 1871)
(1574, 2078)
(1575, 1939)
(1575, 2107)
(1576, 1626)
(1576, 1679)
(1576, 1704)
(1576, 1732)
(1576, 1759)
(1576, 1820)
(1576, 1867)
(1576, 1983)
(1576, 2003)
(1576, 2030)
(1576, 2041)
(1576, 2048)
(1576, 2092)
(1578, 1623)
(1578, 1681)
(1578, 1699)
(1578, 1755)
(1580, 1647)
(1581, 1755)
(1583, 1624)
(1583, 1847)
(1583, 1929)
(1583, 2027)
(1583, 2032)
(1584, 1731)
(1584, 1942)
(1584, 2007)
(1586, 1673)
(1586, 2063)
(1587, 1818)
(1590, 1674)
(1590, 1884)
(1591, 1978)
(1593, 1752)
(1593, 1931)
(1594, 1680)
(1594, 1903)
(1594, 2037)
(1594, 2044)
(1596, 1912)
(1597, 2046)
(1599, 1623)
(1600, 1935)
(1602, 1630)
(1602, 1972)
(1602, 1976)
(1602, 2015)
(1602, 2114)
(1602, 2117)
(1603, 1700)
(1603, 1750)
(1603, 1768)
(1603, 1904)
(1603, 2050)
(1605, 1633)
(1606, 2065)
(1607, 1744)
(1607, 1754)
(1607, 1823)
(1607, 1866)
(1609, 1671)
(1610, 1657)
(1611, 1805)
(1611, 2032)
(1612, 2047)
(1613, 1644)
(1614, 1795)
(1616, 1659)
(1616, 1709)
(1616, 1870)
(1616, 2027)
(1616, 2032)
(1617, 1935)
(1620, 1958)
(1620, 2076)
(1621, 2090)
(1623, 2029)
(1624, 1659)
(1624, 1694)
(1624, 1847)
(1624, 1888)
(1624, 1929)
(1624, 2027)
(1624, 2032)
(1626, 1679)
(1626, 1732)
(1626, 1867)
(1626, 1983)
(1626, 2030)
(1626, 2041)
(1626, 2048)
(1626, 2092)
(1629, 1987)
(1630, 1972)
(1630, 1976)
(1630, 2015)
(1630, 2114)
(1630, 2117)
(1635, 1757)
(1635, 2003)
(1635, 2113)
(1637, 1654)
(1637, 1664)
(1637, 1716)
(1637, 1785)
(1637, 1887)
(1637, 1903)
(1637, 1990)
(1637, 2051)
(1637, 2057)
(1637, 2071)
(1638, 1950)
(1638, 1960)
(1642, 1737)
(1647, 1920)
(1649, 1828)
(1652, 2045)
(1654, 1680)
(1655, 2018)
(1656, 1825)
(1656, 2108)
(1657, 1887)
(1659, 1694)
(1659, 1709)
(1659, 1805)
(1659, 1819)
(1659, 1847)
(1659, 1870)
(1659, 1929)
(1659, 2027)
(1659, 2032)
(1659, 2049)
(1660, 1678)
(1662, 1808)
(1664, 1666)
(1664, 2071)
(1668, 2005)
(1668, 2058)
(1673, 1710)
(1675, 1916)
(1676, 1814)
(1676, 1871)
(1676, 2078)
(1676, 2118)
(1678, 1759)
(1678, 1772)
(1678, 1806)
(1678, 1923)
(1678, 1970)
(1678, 1978)
(1679, 1704)
(1679, 1732)
(1679, 1820)
(1679, 1867)
(1679, 1983)
(1679, 2022)
(1679, 2030)
(1679, 2048)
(1679, 2092)
(1679, 2128)
(1684, 1963)
(1685, 1988)
(1688, 1791)
(1688, 1846)
(1689, 1759)
(1689, 1918)
(1689, 1923)
(1689, 2012)
(1692, 1946)
(1694, 1709)
(1694, 1794)
(1694, 1805)
(1694, 1819)
(1694, 1847)
(1694, 1870)
(1694, 1929)
(1694, 2027)
(1694, 2032)
(1694, 2049)
(1695, 1983)
(1695, 2022)
(1695, 2041)
(1696, 1804)
(1696, 2137)
(1699, 1739)
(1700, 1750)
(1700, 1904)
(1700, 2050)
(1702, 1768)
(1702, 1856)
(1702, 2035)
(1703, 2113)
(1704, 1732)
(1704, 1867)
(1704, 1983)
(1704, 2003)
(1704, 2022)
(1704, 2030)
(1704, 2041)
(1704, 2048)
(1704, 2092)
(1706, 1790)
(1706, 2130)
(1709, 1805)
(1709, 1870)
(1709, 1989)
(1709, 2027)
(1709, 2032)
(1710, 1758)
(1713, 1772)
(1713, 1970)
(1714, 1859)
(1714, 1892)
(1714, 1969)
(1715, 1773)
(1715, 1809)
(1715, 1874)
(1716, 1785)
(1716, 1887)
(1716, 1903)
(1716, 1990)
(1716, 2051)
(1716, 2057)
(1716, 2060)
(1718, 1724)
(1718, 1729)
(1718, 1931)
(1719, 1983)
(1720, 1843)
(1723, 1881)
(1723, 2009)
(1723, 2026)
(1724, 1729)
(1724, 1753)
(1724, 1931)
(1724, 1963)
(1727, 2062)
(1727, 2098)
(1729, 1753)
(1729, 1931)
(1729, 2143)
(1732, 1820)
(1732, 1867)
(1732, 2022)
(1732, 2048)
(1732, 2092)
(1734, 1801)
(1739, 2072)
(1742, 1950)
(1743, 1768)
(1743, 1774)
(1744, 1754)
(1744, 1823)
(1744, 1866)
(1744, 2059)
(1746, 2009)
(1750, 1816)
(1750, 1904)
(1750, 2050)
(1752, 1931)
(1752, 2143)
(1753, 1931)
(1753, 1963)
(1754, 1823)
(1754, 1866)
(1754, 2043)
(1754, 2059)
(1754, 2112)
(1756, 1766)
(1757, 2033)
(1757, 2085)
(1757, 2113)
(1761, 1839)
(1768, 1837)
(1768, 1856)
(1768, 1896)
(1768, 1988)
(1768, 2035)
(1768, 2094)
(1770, 1876)
(1772, 1776)
(1772, 1806)
(1772, 1945)
(1772, 1970)
(1773, 1809)
(1773, 1874)
(1774, 1963)
(1774, 2056)
(1776, 1806)
(1776, 1923)
(1776, 1945)
(1776, 1970)
(1776, 1978)
(1777, 1819)
(1777, 1936)
(1777, 2014)
(1779, 1911)
(1780, 2060)
(1784, 1845)
(1784, 1957)
(1784, 1965)
(1784, 2002)
(1784, 2069)
(1784, 2082)
(1785, 1887)
(1785, 1903)
(1785, 1990)
(1785, 2051)
(1785, 2057)
(1785, 2060)
(1786, 1912)
(1788, 2017)
(1789, 1980)
(1790, 1940)
(1790, 2000)
(1790, 2079)
(1794, 1819)
(1794, 2027)
(1794, 2049)
(1799, 1941)
(1800, 2054)
(1804, 2137)
(1805, 1870)
(1805, 1989)
(1805, 2027)
(1805, 2032)
(1806, 1945)
(1806, 1970)
(1806, 1978)
(1809, 1874)
(1812, 1813)
(1814, 1871)
(1814, 2118)
(1818, 1940)
(1818, 2079)
(1818, 2100)
(1819, 2027)
(1819, 2049)
(1820, 1867)
(1820, 2030)
(1820, 2048)
(1820, 2092)
(1822, 2043)
(1822, 2055)
(1823, 1866)
(1823, 2059)
(1825, 1967)
(1828, 1863)
(1830, 1909)
(1832, 1853)
(1834, 1872)
(1834, 1879)
(1834, 1896)
(1834, 1927)
(1841, 2032)
(1842, 1975)
(1842, 2058)
(1845, 1854)
(1845, 1957)
(1845, 1965)
(1845, 2002)
(1845, 2082)
(1847, 1929)
(1847, 2027)
(1847, 2032)
(1849, 2092)
(1854, 1965)
(1854, 2002)
(1854, 2082)
(1858, 1859)
(1867, 1983)
(1867, 2003)
(1867, 2030)
(1867, 2041)
(1867, 2048)
(1867, 2092)
(1868, 1925)
(1868, 2017)
(1870, 1881)
(1870, 2027)
(1870, 2032)
(1871, 2053)
(1872, 1879)
(1872, 1896)
(1872, 1927)
(1873, 2058)
(1875, 1914)
(1875, 1977)
(1878, 1961)
(1879, 1896)
(1879, 1927)
(1881, 2009)
(1887, 1903)
(1887, 1990)
(1887, 2036)
(1887, 2051)
(1887, 2057)
(1887, 2060)
(1888, 2027)
(1888, 2032)
(1888, 2115)
(1891, 2025)
(1893, 1959)
(1896, 1927)
(1903, 1990)
(1903, 2051)
(1903, 2057)
(1903, 2060)
(1904, 2050)
(1908, 2013)
(1908, 2034)
(1914, 2082)
(1915, 2047)
(1917, 2073)
(1920, 1962)
(1923, 1945)
(1923, 1970)
(1929, 2027)
(1929, 2032)
(1931, 1963)
(1931, 2143)
(1935, 2040)
(1937, 1949)
(1937, 2004)
(1937, 2084)
(1937, 2119)
(1937, 2123)
(1938, 2005)
(1940, 2000)
(1940, 2079)
(1942, 2007)
(1944, 2130)
(1945, 1970)
(1945, 1978)
(1949, 2004)
(1949, 2123)
(1956, 2130)
(1957, 1965)
(1957, 2082)
(1958, 2023)
(1958, 2076)
(1965, 2002)
(1965, 2082)
(1968, 1988)
(1968, 2035)
(1970, 1978)
(1972, 1976)
(1972, 2015)
(1972, 2114)
(1972, 2117)
(1975, 2058)
(1976, 2015)
(1976, 2114)
(1976, 2117)
(1979, 2125)
(1983, 2022)
(1983, 2030)
(1983, 2041)
(1983, 2048)
(1983, 2092)
(1988, 2035)
(1988, 2086)
(1990, 2051)
(1990, 2057)
(1990, 2071)
(1994, 2106)
(1999, 2066)
(2003, 2030)
(2003, 2041)
(2005, 2061)
(2009, 2026)
(2010, 2093)
(2010, 2096)
(2015, 2114)
(2015, 2117)
(2018, 2055)
(2018, 2082)
(2022, 2030)
(2022, 2041)
(2022, 2048)
(2022, 2092)
(2023, 2076)
(2027, 2032)
(2027, 2049)
(2030, 2041)
(2030, 2048)
(2030, 2092)
(2030, 2128)
(2031, 2081)
(2031, 2094)
(2032, 2115)
(2033, 2085)
(2033, 2113)
(2034, 2058)
(2035, 2086)
(2041, 2048)
(2043, 2055)
(2048, 2092)
(2051, 2057)
(2051, 2071)
(2057, 2060)
(2068, 2091)
(2069, 2103)
(2078, 2118)
(2081, 2094)
(2084, 2123)
(2085, 2113)
(2092, 2128)
(2093, 2096)
(2107, 2141)
(2114, 2117)
(2118, 2137)
