4
485
0	161070
1	367
1 0	1 296	1 356	1 274	
1	148702
1	161
1 1	1 327	1 355	1 101	
2	145685
8	260 186 95 475 322 205 361 464
1 2	1 373	1 145	1 100	
3	149657
2	172 158
1 3	1 9	1 117	1 278	
4	158098
1	157
1 4	1 318	1 184	1 255	
5	154093
1	452
1 5	1 54	1 296	1 143	
6	154090
1	75
1 6	1 204	1 114	1 220	
7	155702
1	26
1 7	1 127	1 370	1 282	
8	152954
2	304 148
1 8	1 43	1 380	1 116	
9	148854
2	455 383
1 9	1 104	1 284	1 157	
10	146652
1	300
1 10	1 303	1 344	1 223	
11	160090
1	472
1 11	1 309	1 195	1 284	
12	161073
1	106
1 12	1 258	1 326	1 277	
13	162100
2	459 65
1 13	1 332	1 52	1 228	
14	152043
1	300
1 14	1 418	1 91	1 7	
15	146477
1	128
1 15	1 260	1 189	1 136	
16	144659
4	274 210 300 121
1 16	1 237	1 350	1 7	
17	159622
1	464
1 17	1 410	1 25	1 276	
18	159627
1	364
1 18	1 189	1 288	1 38	
19	153341
1	399
1 19	1 149	1 197	1 0	
20	156031
1	300
1 20	1 47	1 135	1 215	
21	156036
1	210
1 21	1 35	1 218	1 56	
22	151096
1	57
1 22	1 216	1 262	1 256	
23	145432
3	410 35 101
1 23	1 420	1 112	1 220	
24	145431
1	325
1 24	1 336	1 193	1 136	
25	145747
1	282
1 25	1 423	1 75	1 209	
26	150380
8	92 179 96 454 262 429 7 61
1 26	1 408	1 406	1 143	
27	159306
1	300
1 27	1 101	1 333	1 7	
28	154718
1	268
1 28	1 387	1 104	1 154	
29	151966
1	317
1 29	1 331	1 426	1 86	
30	147184
1	96
1 30	1 50	1 384	1 268	
31	142801
1	359
1 31	1 378	1 174	1 158	
32	159094
2	443 147
1 32	1 184	1 314	1 159	
33	153943
2	67 353
1 33	1 257	1 269	1 129	
34	161823
3	130 280 340
1 34	1 307	1 156	1 36	
35	153496
3	294 36 23
1 35	1 341	1 33	1 60	
36	153495
3	294 300 35
1 36	1 341	1 33	1 60	
37	149217
1	327
1 37	1 405	1 26	1 156	
38	162248
1	364
1 38	1 401	1 378	1 148	
39	153604
2	173 146
1 39	1 122	1 348	1 43	
40	149136
2	302 172
1 40	1 277	1 24	1 276	
41	149135
2	409 302
1 41	1 164	1 53	1 186	
42	146646
1	295
1 42	1 139	1 409	1 147	
43	153830
1	55
1 43	1 187	1 400	1 143	
44	160089
1	62
1 44	1 100	1 69	1 7	
45	147848
1	275
1 45	1 188	1 399	1 143	
46	149685
1	62
1 46	1 178	1 328	1 7	
47	162119
1	420
1 47	1 329	1 425	1 174	
48	150470
1	196
1 48	1 265	1 139	1 54	
49	159944
1	343
1 49	1 394	1 168	1 225	
50	146266
1	370
1 50	1 48	1 29	1 185	
51	146462
2	409 464
1 51	1 129	1 11	1 276	
52	147516
1	374
1 52	1 448	1 285	1 20	
53	151629
1	340
1 53	1 55	1 273	1 262	
54	146866
2	467 361
1 54	1 436	1 312	1 73	
55	149461
1	43
1 55	1 406	1 430	1 25	
56	142349
2	164 311
1 56	1 388	1 196	1 123	
57	158967
10	141 142 100 222 22 231 396 424 244 204
1 57	1 74	1 352	1 5	
58	157711
1	354
1 58	1 306	1 228	1 143	
59	143762
1	431
1 59	1 266	1 182	1 133	
60	161625
1	83
1 60	1 118	1 209	1 122	
61	150784
1	26
1 61	1 158	1 229	1 264	
62	156536
5	229 46 44 326 89
1 62	1 437	1 303	1 238	
63	156534
3	169 325 295
1 63	1 139	1 409	1 147	
64	143504
1	469
1 64	1 338	1 134	1 152	
65	142581
1	13
1 65	1 333	1 0	1 135	
66	148081
1	389
1 66	1 452	1 157	1 36	
67	148080
2	484 33
1 67	1 19	1 251	1 254	
68	154912
1	147
1 68	1 78	1 239	1 251	
69	143342
1	344
1 69	1 170	1 385	1 61	
70	143436
1	82
1 70	1 89	1 431	1 160	
71	143431
2	165 212
1 71	1 172	1 367	1 138	
72	145911
1	330
1 72	1 177	1 357	1 100	
73	158389
1	300
1 73	1 169	1 304	1 211	
74	154878
1	407
1 74	1 60	1 387	1 125	
75	160508
7	274 254 422 6 233 458 286
1 75	1 3	1 103	1 65	
76	160509
1	300
1 76	1 444	1 293	1 12	
77	144546
1	458
1 77	1 322	1 82	1 231	
78	151576
1	482
1 78	1 103	1 428	2 198 197	
79	160870
1	92
1 79	1 298	1 399	1 143	
80	151118
1	160
1 80	1 25	1 329	1 36	
81	150112
3	428 409 293
1 81	1 295	1 347	1 276	
82	155475
1	70
1 82	1 306	1 228	1 143	
83	155506
1	60
1 83	1 118	1 209	1 122	
84	151610
1	391
1 84	1 355	2 83 213	1 143	
85	154050
3	441 180 361
1 85	1 393	1 78	1 143	
86	142906
1	300
1 86	1 234	1 306	1 120	
87	152990
1	386
1 87	1 288	1 289	1 191	
88	152992
2	463 443
1 88	1 374	1 286	1 157	
89	144315
1	62
1 89	1 347	1 230	1 7	
90	152663
1	300
1 90	1 252	1 203	1 114	
91	146584
1	437
1 91	1 399	1 318	1 150	
92	159955
2	26 79
1 92	1 409	1 177	1 143	
93	159957
1	240
1 93	1 251	1 261	1 100	
94	161451
2	248 404
1 94	1 106	1 131	1 206	
95	148392
1	2
1 95	1 67	1 297	1 143	
96	147988
2	30 26
1 96	1 293	1 340	1 290	
97	146857
2	300 296
1 97	1 319	1 306	1 120	
98	142759
1	350
1 98	1 130	1 393	1 267	
99	146928
1	317
1 99	1 232	1 234	1 48	
100	142352
1	57
1 100	1 279	1 65	1 202	
101	160055
3	350 23 220
1 101	1 2	1 240	1 220	
102	142355
1	275
1 102	1 30	1 398	1 160	
103	152609
3	411 457 403
1 103	1 320	1 298	1 143	
104	157721
1	300
1 104	1 219	1 129	1 276	
105	142468
1	163
1 105	1 441	1 178	1 143	
106	146922
1	12
1 106	1 417	1 17	1 106	
107	146926
1	222
1 107	1 270	1 23	4 144 212 108 88	
108	161639
1	275
1 108	1 429	1 201	1 143	
109	157348
4	305 336 394 243
1 109	1 236	1 211	1 73	
110	143249
1	220
1 110	1 428	1 64	1 270	
111	147727
2	199 189
1 111	1 15	1 146	1 64	
112	159418
1	298
1 112	1 117	1 274	1 244	
113	143401
1	369
1 113	1 371	1 51	1 1	
114	143403
1	358
1 114	1 83	1 121	1 143	
115	143404
2	247 226
1 115	1 439	1 100	1 126	
116	144185
2	480 300
1 116	1 273	1 260	1 8	
117	156747
1	475
1 117	1 44	1 70	1 84	
118	161026
3	439 199 335
1 118	1 174	1 386	1 156	
119	142933
1	299
1 119	1 135	1 81	1 153	
120	158281
1	451
1 120	1 87	1 212	1 273	
121	150290
1	16
1 121	1 128	1 92	1 7	
122	153924
2	219 173
1 122	1 389	1 85	1 195	
123	155510
2	156 359
1 123	1 419	1 9	1 27	
124	150039
1	239
1 124	1 414	1 277	1 157	
125	149270
1	202
1 125	1 198	1 392	1 52	
126	149275
1	317
1 126	1 351	1 233	1 240	
127	154330
1	380
1 127	1 11	1 189	1 136	
128	153108
1	15
1 128	1 368	1 37	1 73	
129	150633
1	230
1 129	1 137	1 42	1 217	
130	153215
2	137 34
1 130	1 69	1 207	1 96	
131	148514
1	449
1 131	1 248	1 259	1 166	
132	162171
1	427
1 132	1 334	1 160	1 21	
133	160191
1	207
1 133	1 65	1 47	1 49	
134	151162
1	300
1 134	1 430	1 254	1 72	
135	152278
1	400
1 135	1 62	1 60	1 45	
136	157131
2	273 278
1 136	1 51	1 147	1 216	
137	146111
2	130 471
1 137	1 421	1 206	1 288	
138	154504
1	341
1 138	1 390	1 418	1 139	
139	156605
3	440 416 426
1 139	1 20	1 401	1 203	
140	156600
1	377
1 140	1 383	1 40	2 24 145	
141	149649
1	57
1 141	1 126	1 245	1 275	
142	142436
1	57
1 142	1 311	1 238	1 167	
143	142438
1	272
1 143	1 49	1 94	1 6	
144	159748
1	202
1 144	1 289	1 4	1 44	
145	159987
1	220
1 145	1 416	1 113	1 220	
146	157820
2	39 365
1 146	1 316	1 173	1 218	
147	162372
7	150 165 68 32 368 339 246
1 147	1 120	1 278	1 157	
148	144197
1	8
1 148	1 344	1 311	1 34	
149	150358
1	300
1 149	1 451	1 136	1 182	
150	144173
4	463 165 188 147
1 150	1 27	1 371	1 157	
151	145373
6	164 251 388 461 300 352
1 151	1 246	1 76	1 59	
152	155691
1	300
1 152	1 203	1 45	2 137 28	
153	154612
1	375
1 153	1 167	1 140	1 270	
154	154614
1	362
1 154	1 144	1 309	1 278	
155	146878
1	300
1 155	1 330	1 257	1 222	
156	155212
3	291 359 123
1 156	1 123	1 32	1 142	
157	155522
3	261 4 266
1 157	1 179	1 226	1 62	
158	154035
2	3 220
1 158	1 75	1 240	1 220	
159	150135
1	332
1 159	1 53	1 64	1 270	
160	155453
1	80
1 160	1 377	1 44	1 73	
161	154105
2	1 285
1 161	1 180	1 413	1 189	
162	150648
1	232
1 162	1 24	1 270	1 36	
163	148297
2	105 483
1 163	1 339	1 32	1 142	
164	143360
3	56 151 199
1 164	1 264	1 68	1 143	
165	146727
5	150 71 443 377 147
1 165	1 14	1 170	1 157	
166	150510
1	374
1 166	1 194	1 320	1 279	
167	146122
1	377
1 167	1 72	1 421	1 247	
168	156531
1	374
1 168	1 116	1 138	1 16	
169	142737
3	325 295 63
1 169	1 139	1 409	1 147	
170	157743
1	300
1 170	1 284	1 158	1 236	
171	142609
1	432
1 171	1 1	1 282	1 151	
172	149659
3	426 3 40
1 172	1 454	1 396	1 76	
173	149656
3	39 371 122
1 173	1 17	1 388	1 195	
174	148858
3	300 350 373
1 174	1 155	1 402	1 19	
175	148850
1	350
1 175	1 424	1 133	1 205	
176	157360
1	370
1 176	1 235	1 368	1 188	
177	156166
1	454
1 177	1 259	1 10	1 91	
178	143392
1	374
1 178	1 249	2 126 125	2 103 104	
179	143464
2	463 26
1 179	1 361	1 63	1 270	
180	158113
3	393 317 85
1 180	1 315	1 248	1 140	
181	161009
1	184
1 181	1 109	1 319	1 100	
182	144544
1	340
1 182	1 380	1 62	1 29	
183	159717
1	250
1 183	1 38	1 5	1 18	
184	145369
1	181
1 184	1 449	1 322	1 100	
185	147813
1	252
1 185	1 353	1 433	1 179	
186	143806
1	2
1 186	1 91	1 187	1 42	
187	161319
1	225
1 187	1 363	1 226	1 62	
188	161315
2	150 384
1 188	1 292	1 15	1 161	
189	149253
3	199 328 111
1 189	1 161	1 215	1 215	
190	159329
1	300
1 190	1 443	1 214	1 285	
191	153470
1	303
1 191	1 398	2 107 255	3 92 223 121	
192	152879
1	417
1 192	1 245	1 415	1 190	
193	153871
1	294
1 193	1 224	1 3	1 227	
194	146733
1	212
1 194	1 375	1 8	3 113 172 55	
195	152470
3	383 379 443
1 195	1 403	1 179	1 126	
196	152094
2	48 234
1 196	1 231	1 142	1 54	
197	153300
1	350
1 197	1 142	1 412	1 79	
198	160335
1	466
1 198	1 80	1 176	1 143	
199	146133
5	164 111 329 189 118
1 199	1 70	1 154	1 214	
200	147953
1	323
1 200	1 165	1 99	1 261	
201	149710
1	235
1 201	1 364	1 162	1 266	
202	157750
6	355 144 308 243 125 445
1 202	1 111	1 186	1 180	
203	157759
1	340
1 203	1 68	1 127	1 110	
204	156375
1	57
1 204	1 359	1 74	1 94	
205	156376
1	2
1 205	1 411	1 317	1 253	
206	142387
1	401
1 206	1 56	1 338	1 46	
207	157595
1	133
1 207	1 367	1 150	1 149	
208	147170
1	210
1 208	1 7	1 223	1 269	
209	147171
1	300
1 209	1 145	1 316	1 22	
210	147173
6	441 16 208 240 369 21
1 210	1 98	1 45	1 28	
211	148846
1	249
1 211	1 105	1 414	1 194	
212	143094
4	377 71 194 267
1 212	1 440	1 291	1 157	
213	147779
1	474
1 213	1 41	1 280	1 68	
214	161171
1	223
1 214	1 233	1 89	1 100	
215	161778
1	408
1 215	1 23	1 427	1 210	
216	156370
1	306
1 216	1 181	1 161	1 265	
217	158109
1	470
1 217	1 314	1 389	1 66	
218	159516
1	228
1 218	1 57	1 183	1 126	
219	154839
1	122
1 219	1 17	1 388	1 195	
220	151530
5	145 110 158 101 290
1 220	1 208	1 28	1 252	
221	144807
1	346
1 221	1 31	1 66	1 254	
222	155057
5	343 107 293 255 57
1 222	1 337	1 382	1 26	
223	149827
1	214
1 223	1 157	1 420	1 13	
224	155232
1	300
1 224	1 141	1 46	1 250	
225	159205
2	187 402
1 225	1 221	1 432	1 234	
226	145738
1	115
1 226	1 439	1 100	1 126	
227	153688
1	296
1 227	1 323	1 7	2 75 120	
228	158322
2	218 403
1 228	1 173	1 36	1 143	
229	158325
2	331 62
1 229	1 209	1 302	1 207	
230	158326
1	129
1 230	1 140	1 169	1 73	
231	155301
1	57
1 231	1 52	1 253	1 63	
232	150667
4	381 444 162 375
1 232	1 427	1 122	1 163	
233	150465
1	75
1 233	1 299	1 95	1 78	
234	148275
2	300 196
1 234	1 132	1 56	1 272	
235	160234
1	201
1 235	1 326	1 130	1 235	
236	152790
1	467
1 236	1 123	1 341	1 142	
237	152407
1	458
1 237	1 241	1 250	1 248	
238	146092
1	401
1 238	1 261	1 110	1 224	
239	146094
2	307 124
1 239	1 151	1 397	1 157	
240	152229
2	210 93
1 240	1 450	1 153	1 292	
241	157165
1	300
1 241	1 146	1 57	1 276	
242	152225
1	419
1 242	1 348	1 375	1 200	
243	146147
2	202 109
1 243	1 73	1 106	1 32	
244	146380
1	57
1 244	1 34	1 54	1 186	
245	146594
3	314 344 315
1 245	1 133	1 374	1 54	
246	142397
4	289 405 415 147
1 246	1 171	1 369	1 193	
247	142395
1	115
1 247	1 445	1 266	1 226	
248	142627
1	94
1 248	1 22	1 137	1 118	
249	157769
1	211
1 249	1 175	1 365	1 173	
250	157760
1	183
1 250	1 360	1 308	1 18	
251	142707
1	151
1 251	1 250	1 93	1 58	
252	142406
1	185
1 252	1 94	1 287	1 225	
253	143045
1	294
1 253	1 102	1 152	1 41	
254	143049
1	75
1 254	1 136	1 218	1 56	
255	151323
1	222
1 255	1 413	1 66	1 254	
256	161766
1	447
1 256	1 32	1 141	1 221	
257	151329
1	475
1 257	1 269	1 144	1 100	
258	157416
1	372
1 258	1 186	1 48	1 14	
259	158138
1	361
1 259	1 432	1 359	1 175	
260	154354
1	2
1 260	1 10	2 155 336	2 137 80	
261	145833
1	157
1 261	1 357	1 236	1 288	
262	149387
1	26
1 262	1 97	1 180	1 126	
263	158006
1	370
1 263	1 88	1 220	1 7	
264	153674
3	468 310 364
1 264	1 195	1 102	1 43	
265	145059
1	435
1 265	1 221	1 432	1 234	
266	158311
1	157
1 266	1 33	1 116	1 89	
267	145051
1	212
1 267	1 196	1 395	1 162	
268	159305
1	28
1 268	1 391	1 204	1 259	
269	154157
1	339
1 269	1 275	1 73	1 165	
270	150498
1	300
1 270	1 225	1 299	1 67	
271	161671
1	374
1 271	1 61	1 72	1 232	
272	146718
1	143
1 272	1 182	1 21	1 73	
273	152419
1	136
1 273	1 59	1 16	1 216	
274	158653
2	16 75
1 274	1 256	1 393	1 267	
275	162243
4	102 45 330 108
1 275	1 4	1 357	1 100	
276	157779
1	303
1 276	1 342	1 410	1 119	
277	149600
2	303 436
1 277	1 349	1 227	1 270	
278	142657
1	136
1 278	1 386	1 171	1 263	
279	158270
1	347
1 279	1 210	1 13	1 290	
280	160549
1	34
1 280	1 392	1 148	1 64	
281	153703
1	300
1 281	1 325	1 208	1 229	
282	160177
1	25
1 282	1 207	1 192	1 9	
283	149510
1	423
1 283	1 95	1 35	1 37	
284	148866
1	300
1 284	1 214	1 404	1 93	
285	159531
1	161
1 285	1 212	1 354	1 101	
286	156042
1	75
1 286	1 335	1 222	1 208	
287	156040
1	295
1 287	1 139	1 409	2 147 241	
288	144226
1	340
1 288	1 346	1 366	1 40	
289	150312
1	246
1 289	1 77	1 191	1 110	
290	150313
1	220
1 290	1 218	1 200	1 35	
291	153660
1	156
1 291	1 402	1 307	2 70 71	
292	158903
1	297
1 292	1 29	1 199	1 3	
293	149350
3	222 81 302
1 293	1 63	1 313	1 276	
294	148253
5	193 253 36 35 465
1 294	1 254	2 342 81	2 153 143	
295	155562
4	169 42 287 63
1 295	1 376	1 408	1 143	
296	155563
3	227 300 97
1 296	1 282	1 115	1 17	
297	149033
1	292
1 297	1 152	1 80	1 23	
298	152544
1	112
1 298	1 321	1 271	1 244	
299	152540
1	119
1 299	1 446	1 185	1 143	
300	148069
46	155 73 151 356 174 134 76 170 36 152 349 10 224 16 476 241 234 86 149 270 408 391 481 284 413 351 209 20 328 281 14 333 190 414 309 448 90 116 433 97 453 318 296 104 334 27
1 300	1 234	1 306	1 120	
301	152685
1	406
1 301	1 0	1 290	1 100	
302	162059
4	409 41 293 40
1 302	1 302	1 349	1 276	
303	156308
3	277 191 276
1 303	1 92	1 12	1 155	
304	159791
1	8
1 304	1 168	1 358	1 100	
305	146986
1	109
1 305	1 379	1 360	1 30	
306	143608
1	216
1 306	1 238	1 38	1 211	
307	158680
3	463 473 239
1 307	1 354	1 373	1 157	
308	144030
1	202
1 308	1 162	1 357	1 100	
309	151495
1	300
1 309	1 350	1 247	1 291	
310	148811
1	264
1 310	1 272	1 249	1 98	
311	143111
1	56
1 311	1 113	1 196	1 123	
312	156052
1	469
1 312	1 338	1 134	1 152	
313	145678
1	458
1 313	1 241	1 250	1 248	
314	145673
2	245 315
1 314	1 372	1 87	1 54	
315	149297
2	314 245
1 315	1 107	1 265	1 54	
316	154682
2	463 478
1 316	1 431	1 88	1 69	
317	153654
6	180 463 366 99 29 126
1 317	1 313	1 159	1 283	
318	155373
1	300
1 318	1 159	1 353	1 211	
319	154775
2	431 373
1 319	1 384	1 422	1 31	
320	150279
1	378
1 320	1 79	1 381	1 39	
321	154196
1	322
1 321	1 285	1 18	1 107	
322	154195
3	374 2 321
1 322	1 285	1 18	1 107	
323	151989
1	200
1 323	1 211	2 99 20	1 261	
324	150452
1	357
1 324	1 190	1 143	1 168	
325	142864
4	169 392 24 63
1 325	1 455	1 424	1 31	
326	155009
1	62
1 326	1 312	1 334	1 7	
327	152695
1	37
1 327	1 271	1 63	1 270	
328	143938
2	189 300
1 328	1 185	1 14	1 8	
329	149198
1	199
1 329	1 16	1 232	1 143	
330	157552
2	72 275
1 330	1 84	1 301	1 181	
331	142674
1	229
1 331	1 147	1 324	1 47	
332	148750
4	159 390 340 339
1 332	1 192	1 416	1 74	
333	157514
1	300
1 333	1 153	1 411	1 201	
334	158379
1	300
1 334	1 294	1 163	1 87	
335	158856
2	118 360
1 335	1 381	1 198	2 215 156	
336	156591
1	109
1 336	1 228	1 66	1 254	
337	156596
1	348
1 337	1 453	1 77	1 112	
338	156846
1	361
1 338	1 223	1 335	1 2	
339	148743
6	269 390 443 383 332 147
1 339	1 191	1 31	1 74	
340	142455
7	203 288 53 182 332 405 34
1 340	1 305	1 321	1 95	
341	148803
2	138 385
1 341	1 390	1 418	1 139	
342	148804
1	473
1 342	1 397	1 181	1 258	
343	142459
2	222 49
1 343	1 442	1 405	1 143	
344	157421
3	69 245 359
1 344	1 345	1 105	1 77	
345	154851
4	411 403 457 353
1 345	1 262	1 106	1 32	
346	150841
1	221
1 346	1 255	1 231	1 183	
347	145889
1	279
1 347	1 287	1 283	1 219	
348	144890
1	337
1 348	1 395	1 119	1 112	
349	144206
1	300
1 349	1 119	1 372	1 128	
350	149998
5	174 98 175 197 101
1 350	1 407	1 27	1 220	
351	151469
1	300
1 351	1 276	1 343	1 223	
352	149992
1	151
1 352	1 90	1 210	1 137	
353	154695
3	345 484 33
1 353	1 268	1 50	1 246	
354	145246
1	58
1 354	1 415	1 186	1 180	
355	154769
1	202
1 355	1 352	1 252	1 124	
356	150422
1	300
1 356	1 273	1 260	1 8	
357	155071
1	324
1 357	1 71	1 268	1 177	
358	156540
1	114
1 358	1 438	1 19	1 57	
359	150732
4	156 123 344 31
1 359	1 156	1 188	1 143	
360	146741
1	335
1 360	1 125	1 108	1 184	
361	159114
8	54 373 366 259 2 383 85 338
1 361	1 183	1 194	1 127	
362	162297
2	154 425
1 362	1 340	1 362	1 132	
363	160340
1	366
1 363	1 81	1 325	1 215	
364	160341
4	18 264 430 38
1 364	1 433	1 128	1 204	
365	148735
1	146
1 365	1 6	1 363	1 117	
366	149189
3	317 361 363
1 366	1 12	1 217	1 220	
367	158960
1	0
1 367	1 54	1 296	1 143	
368	157156
2	412 147
1 368	1 304	1 209	1 122	
369	154264
2	210 113
1 369	1 390	1 418	1 139	
370	152006
3	50 176 263
1 370	1 308	1 6	1 111	
371	152005
1	173
1 371	1 206	1 419	1 218	
372	143623
3	409 421 258
1 372	1 422	1 292	1 147	
373	157635
3	174 319 361
1 373	1 432	1 359	1 175	
374	149414
7	52 178 434 166 322 168 271
1 374	1 99	1 149	1 90	
375	151585
2	153 232
1 375	1 18	1 22	1 73	
376	151073
1	377
1 376	1 412	1 330	1 287	
377	161657
5	167 165 212 376 140
1 377	1 290	1 111	1 281	
378	151074
1	320
1 378	1 343	1 267	1 109	
379	145876
2	195 390
1 379	1 356	1 190	1 134	
380	144053
1	127
1 380	1 37	1 224	1 225	
381	144056
1	232
1 381	1 131	1 96	1 10	
382	144058
1	462
1 382	1 213	1 225	1 85	
383	145504
5	195 361 443 339 9
1 383	1 138	1 275	1 157	
384	145897
1	188
1 384	1 328	1 58	1 118	
385	145898
1	341
1 385	1 366	1 216	1 102	
386	145477
1	87
1 386	1 306	1 228	1 143	
387	151108
1	421
1 387	1 220	1 246	1 99	
388	142995
1	151
1 388	1 425	1 71	1 289	
389	151852
1	66
1 389	2 217 365	2 172 167	1 225	
390	151858
4	379 443 339 332
1 390	1 215	1 30	1 74	
391	149968
2	300 84
1 391	1 244	1 390	1 73	
392	159585
1	325
1 392	1 362	1 256	1 199	
393	151922
1	180
1 393	1 42	1 97	1 169	
394	150437
1	109
1 394	1 176	1 383	1 254	
395	154536
1	458
1 395	1 113	1 196	1 123	
396	161887
1	57
1 396	1 247	1 391	1 213	
397	161395
1	418
1 397	1 280	1 258	1 131	
398	150725
1	406
1 398	1 229	1 264	1 36	
399	146752
1	19
1 399	1 5	1 118	1 4	
400	148357
1	135
1 400	1 291	1 339	1 97	
401	148356
2	206 238
1 401	1 64	1 338	2 224 46	
402	159124
1	225
1 402	1 363	1 226	1 62	
403	143955
5	411 345 228 457 103
1 403	1 434	1 300	1 143	
404	146682
1	94
1 404	1 193	1 137	1 118	
405	153637
2	340 246
1 405	1 447	1 120	1 245	
406	152165
2	398 301
1 406	1 267	1 165	1 230	
407	157532
1	74
1 407	1 143	1 175	1 125	
408	160132
2	215 300
1 408	1 205	1 351	1 211	
409	155915
5	372 51 41 81 302
1 409	1 253	1 331	1 276	
410	155916
1	23
1 410	1 166	1 272	1 64	
411	157841
4	403 457 103 345
1 411	1 243	1 294	1 143	
412	159618
1	368
1 412	1 382	1 346	1 74	
413	156469
1	300
1 413	1 112	1 244	1 211	
414	156464
1	300
1 414	1 110	1 49	1 233	
415	148599
1	246
1 415	1 40	1 221	1 7	
416	148915
1	139
1 416	1 26	1 14	1 8	
417	148911
1	192
1 417	1 245	1 415	1 190	
418	155296
1	397
1 418	1 160	1 67	1 178	
419	155294
1	242
1 419	1 13	1 376	1 50	
420	160436
2	47 458
1 420	1 297	1 305	1 257	
421	145407
2	387 372
1 421	1 8	1 202	1 143	
422	148173
1	75
1 422	1 66	1 403	1 196	
423	154523
1	283
1 423	1 199	1 61	1 164	
424	154525
1	57
1 424	1 240	1 407	1 7	
425	161877
2	362 436
1 425	1 226	1 309	1 278	
426	149225
2	139 172
1 426	1 404	1 417	1 74	
427	152976
1	132
1 427	1 278	1 90	1 7	
428	162277
1	81
1 428	1 400	1 39	1 242	
429	149223
1	26
1 429	1 200	1 101	1 146	
430	153177
1	364
1 430	1 300	1 315	1 260	
431	153173
4	463 59 450 319
1 431	1 301	1 423	1 31	
432	160166
1	171
1 432	1 263	1 281	1 51	
433	143940
1	300
1 433	1 222	1 28	1 252	
434	149167
1	374
1 434	1 86	1 418	1 139	
435	160168
1	265
1 435	1 358	1 98	1 286	
436	162018
2	277 425
1 436	1 202	1 361	1 132	
437	146789
1	91
1 437	1 399	1 318	1 150	
438	153656
1	452
1 438	1 76	1 79	2 143 270	
439	160993
1	118
1 439	1 148	1 166	1 182	
440	142555
1	139
1 440	1 227	1 1	1 44	
441	146814
2	210 85
1 441	1 108	1 327	1 187	
442	146816
1	475
1 442	1 396	1 86	1 73	
443	146817
7	88 195 165 390 383 339 32
1 443	1 435	1 276	1 157	
444	146818
1	232
1 444	1 154	1 55	1 237	
445	149434
1	202
1 445	1 114	1 263	1 141	
446	147675
1	477
1 446	1 230	1 237	1 53	
447	151054
1	256
1 447	1 134	1 132	1 130	
448	151053
1	300
1 448	1 286	1 379	1 83	
449	154885
1	131
1 449	1 281	1 429	1 243	
450	151545
1	431
1 450	1 239	1 123	1 81	
451	155429
1	120
1 451	1 39	1 242	1 11	
452	158088
3	438 5 465
1 452	1 317	1 84	1 145	
453	154643
1	300
1 453	1 58	1 310	1 7	
454	153612
2	177 26
1 454	1 124	1 342	1 143	
455	152562
1	9
1 455	1 324	1 59	1 15	
456	143506
1	469
1 456	1 338	1 134	1 152	
457	149157
4	411 345 403 103
1 457	1 434	1 300	1 143	
458	154266
8	237 77 313 479 420 75 460 395
1 458	1 370	1 241	1 215	
459	162004
1	13
1 459	1 150	1 34	1 62	
460	152143
1	458
1 460	1 385	1 219	1 249	
461	147866
1	151
1 461	1 201	1 377	1 280	
462	143812
1	382
1 462	1 426	1 225	1 85	
463	157510
7	179 150 88 431 317 316 307
1 463	1 310	1 345	1 91	
464	162130
3	2 51 17
1 464	1 283	1 151	1 276	
465	162139
2	294 452
1 465	1 121	1 109	1 105	
466	146023
1	198
1 466	1 197	1 124	1 143	
467	157606
2	54 236
1 467	1 163	1 205	1 239	
468	160392
1	264
1 468	1 82	1 295	1 143	
469	146242
3	64 456 312
1 469	1 338	1 134	1 152	
470	149449
1	217
1 470	1 93	1 2	1 271	
471	147688
1	137
1 471	1 45	1 332	1 82	
472	147687
1	11
1 472	1 369	1 394	1 192	
473	143366
2	307 342
1 473	1 85	1 235	1 115	
474	144791
1	213
1 474	1 274	1 279	1 68	
475	151732
4	117 257 2 442
1 475	1 96	1 337	1 176	
476	142566
1	300
1 476	1 52	1 253	1 63	
477	143564
1	446
1 477	1 36	1 243	1 143	
478	144067
1	316
1 478	1 28	1 41	1 143	
479	144534
1	458
1 479	1 46	1 43	1 171	
480	144536
1	116
1 480	1 21	1 164	1 33	
481	155851
1	300
1 481	1 242	1 323	1 211	
482	159445
1	78
1 482	1 115	1 364	1 170	
483	144083
1	163
1 483	1 139	1 409	1 147	
484	151133
2	67 353
1 484	1 257	1 269	1 129	
456
0	meNOG04928	[U]
1	267
1 301	1 0	1 290	1 100	
1	meNOG06792	[K]
1	263
1 171	1 1	1 282	1 151	
2	meNOG07510	[O]
3	420 208 407
1 101	1 2	1 240	1 220	
3	meNOG05645	[O]
7	204 256 136 66 299 370 335
1 75	1 3	1 103	1 65	
4	meNOG06799	[T]
4	188 30 429 84
1 275	1 4	1 357	1 100	
5	meNOG12444	[J]
1	149
1 399	1 5	1 118	1 4	
6	meNOG12742	[K]
1	316
1 365	1 6	1 363	1 117	
7	meNOG04429	[E]
1	98
1 208	1 7	1 223	1 269	
8	meNOG06158	[D]
2	220 422
1 421	1 8	1 202	1 143	
9	meNOG19997	[O]
2	454 75
1 3	1 9	1 117	1 278	
10	meNOG05085	[I]
1	373
1 260	1 10	2 155 336	2 137 80	
11	meNOG06152	[B]
1	37
1 127	1 11	1 189	1 136	
12	meNOG06611	[O]
3	183 313 81
1 366	1 12	1 217	1 220	
13	meNOG05183	[J]
1	348
1 419	1 13	1 376	1 50	
14	meNOG07155	[O]
5	172 120 27 435 290
1 165	1 14	1 170	1 157	
15	meNOG07153	[Z]
2	70 161
1 111	1 15	1 146	1 64	
16	meNOG05937	[T]
1	70
1 329	1 16	1 232	1 143	
17	meNOG05935	[D]
2	122 389
2 219 173	1 17	1 388	1 195	
18	meNOG04836	[R]
1	167
1 375	1 18	1 22	1 73	
19	meNOG09929	[K]
1	257
1 67	1 19	1 251	1 254	
20	meNOG05282	[O]
2	26 404
1 139	1 20	1 401	1 203	
21	meNOG04192	[O]
1	273
1 480	1 21	1 164	1 33	
22	meNOG05833	[U]
1	106
1 248	1 22	1 137	1 118	
23	meNOG13717	[O]
1	205
1 215	1 23	1 427	1 210	
24	meNOG20955	[O]
0 -1
1 162	1 24	1 270	1 36	
25	meNOG04582	[O]
1	377
1 80	1 25	1 329	1 36	
26	meNOG04600	[O]
1	20
1 416	1 26	1 14	1 8	
27	meNOG04168	[O]
4	292 120 310 14
1 150	1 27	1 371	1 157	
28	meNOG06890	[D]
1	431
1 478	1 28	1 41	1 143	
29	meNOG05501	[C]
1	152
1 292	1 29	1 199	1 3	
30	meNOG04000	[T]
1	4
1 102	1 30	1 398	1 160	
31	meNOG13119	[K]
1	255
1 221	1 31	1 66	1 254	
32	meNOG07120	[S]
1	134
1 256	1 32	1 141	1 221	
33	meNOG19378	[O]
1	179
1 266	1 33	1 116	1 89	
34	meNOG10745	[I]
1	74
1 244	1 34	1 54	1 186	
35	meNOG05234	[U]
1	98
1 21	1 35	1 218	1 56	
36	meNOG04116	[T]
1	230
1 477	1 36	1 243	1 143	
37	meNOG04114	[O]
1	11
1 380	1 37	1 224	1 225	
38	meNOG05589	[D]
1	360
1 183	1 38	1 5	1 18	
39	meNOG12378	[J]
1	87
1 451	1 39	1 242	1 11	
40	meNOG08500	[J]
1	171
1 415	1 40	1 221	1 7	
41	meNOG04493	[O]
1	274
1 213	1 41	1 280	1 68	
42	meNOG07802	[H]
1	315
1 393	1 42	1 97	1 169	
43	meNOG04948	[S]
2	168 344
1 8	1 43	1 380	1 116	
44	meNOG05294	[T]
1	96
1 117	1 44	1 70	1 84	
45	meNOG08915	[L]
1	421
1 471	1 45	1 332	1 82	
46	meNOG19161	[J]
1	370
1 479	1 46	1 43	1 171	
47	meNOG08691	[OT]
1	234
1 20	1 47	1 135	1 215	
48	meNOG04346	[J]
1	308
1 50	1 48	1 29	1 185	
49	meNOG18734	[H]
1	182
1 143	1 49	1 94	1 6	
50	meNOG05301	[R]
1	293
1 30	1 50	1 384	1 268	
51	meNOG05327	[L]
2	59 386
1 136	1 51	1 147	1 216	
52	meNOG04021	[Z]
0 -1
2 231 476	1 52	1 253	1 63	
53	meNOG07782	[O]
1	192
1 159	1 53	1 64	1 270	
54	meNOG05510	[D]
1	296
2 5 367	1 54	1 296	1 143	
55	meNOG18472	[J]
1	305
1 53	1 55	1 273	1 262	
56	meNOG06548	[F]
1	64
1 206	1 56	1 338	1 46	
57	meNOG05565	[O]
1	173
1 218	1 57	1 183	1 126	
58	meNOG11226	[A]
1	234
1 453	1 58	1 310	1 7	
59	meNOG04896	[L]
1	51
1 273	1 59	1 16	1 216	
60	meNOG05128	[F]
1	143
1 74	1 60	1 387	1 125	
61	meNOG06115	[E]
1	99
1 271	1 61	1 72	1 232	
62	meNOG06293	[UY]
1	291
1 135	1 62	1 60	1 45	
63	meNOG20165	[A]
3	295 337 302
1 293	1 63	1 313	1 276	
64	meNOG04541	[TZ]
2	56 261
1 401	1 64	1 338	2 224 46	
65	meNOG08820	[U]
1	367
1 133	1 65	1 47	1 49	
66	meNOG22292	[S]
1	3
1 422	1 66	1 403	1 196	
67	meNOG04544	[T]
1	373
1 95	1 67	1 297	1 143	
68	meNOG05393	[S]
1	305
1 203	1 68	1 127	1 110	
69	meNOG15780	[L]
2	307 421
1 130	1 69	1 207	1 96	
70	meNOG04338	[O]
5	16 15 174 161 264
1 199	1 70	1 154	1 214	
71	meNOG14014	[E]
0 -1
1 357	1 71	1 268	1 177	
72	meNOG04336	[C]
1	290
1 167	1 72	1 421	1 247	
73	meNOG19333	[K]
2	236 111
1 243	1 73	1 106	1 32	
74	meNOG14334	[Q]
7	216 126 311 337 247 34 359
1 57	1 74	1 352	1 5	
75	meNOG05057	[O]
2	9 208
1 158	1 75	1 240	1 220	
76	meNOG05016	[T]
1	317
1 438	1 76	1 79	2 143 270	
77	meNOG04724	[J]
1	171
1 289	1 77	1 191	1 110	
78	meNOG11033	[H]
1	120
1 68	1 78	1 239	1 251	
79	meNOG04720	[T]
1	343
1 320	1 79	1 381	1 39	
80	meNOG05634	[T]
1	197
1 198	1 80	1 176	1 143	
81	meNOG05635	[A]
1	12
1 363	1 81	1 325	1 215	
82	meNOG05636	[T]
1	195
1 468	1 82	1 295	1 143	
83	meNOG04107	[T]
0 -1
1 114	1 83	1 121	1 143	
84	meNOG21785	[T]
2	177 4
1 330	1 84	1 301	1 181	
85	meNOG04106	[U]
2	354 397
1 473	1 85	1 235	1 115	
86	meNOG10407	[I]
1	99
1 434	1 86	1 418	1 139	
87	meNOG05451	[O]
1	39
1 120	1 87	1 212	1 273	
88	meNOG06659	[A]
1	308
1 263	1 88	1 220	1 7	
89	meNOG05888	[T]
0 -1
1 70	1 89	1 431	1 160	
90	meNOG07287	[I]
1	246
1 352	1 90	1 210	1 137	
91	meNOG08644	[U]
1	373
1 186	1 91	1 187	1 42	
92	meNOG09241	[T]
3	349 398 342
1 303	1 92	1 12	1 155	
93	meNOG13620	[K]
1	314
1 470	1 93	1 2	1 271	
94	meNOG17940	[O]
1	353
1 252	1 94	1 287	1 225	
95	meNOG13627	[S]
1	199
1 283	1 95	1 35	1 37	
96	meNOG04848	[U]
4	373 44 269 396
1 475	1 96	1 337	1 176	
97	meNOG04651	[O]
1	408
1 262	1 97	1 180	1 126	
98	meNOG11720	[I]
5	237 35 108 7 450
1 210	1 98	1 45	1 28	
99	meNOG04657	[U]
7	448 116 249 285 194 86 61
1 374	1 99	1 149	1 90	
100	meNOG18554	[A]
1	437
1 44	1 100	1 69	1 7	
101	meNOG06352	[A]
1	234
1 27	1 101	1 333	1 7	
102	meNOG27584	[R]
1	254
1 253	1 102	1 152	1 41	
103	meNOG04835	[F]
1	115
1 78	1 103	1 428	2 198 197	
104	meNOG04596	[O]
2	324 138
1 9	1 104	1 284	1 157	
105	meNOG04592	[L]
1	175
1 211	1 105	1 414	1 194	
106	meNOG08895	[U]
2	22 193
1 94	1 106	1 131	1 206	
107	meNOG06364	[L]
2	133 372
1 315	1 107	1 265	1 54	
108	meNOG04389	[J]
2	393 98
1 441	1 108	1 327	1 187	
109	meNOG05693	[K]
1	449
1 181	1 109	1 319	1 100	
110	meNOG05267	[G]
1	234
1 414	1 110	1 49	1 233	
111	meNOG10717	[K]
6	198 289 352 162 73 114
1 202	1 111	1 186	1 180	
112	meNOG05268	[O]
1	234
1 413	1 112	1 244	1 211	
113	meNOG16560	[S]
2	388 370
2 311 395	1 113	1 196	1 123	
114	meNOG04659	[I]
1	111
1 445	1 114	1 263	1 141	
115	meNOG05557	[L]
1	103
1 482	1 115	1 364	1 170	
116	meNOG07363	[E]
1	99
1 168	1 116	1 138	1 16	
117	meNOG05553	[L]
1	321
1 112	1 117	1 274	1 244	
118	meNOG12681	[?]
1	118
2 60 83	1 118	1 209	1 122	
119	meNOG09312	[J]
1	234
1 349	1 119	1 372	1 128	
120	meNOG06097	[O]
7	184 78 27 14 304 191 171
1 147	1 120	1 278	1 157	
121	meNOG05831	[H]
2	254 317
1 465	1 121	1 109	1 105	
122	meNOG05007	[Z]
2	17 316
1 39	1 122	1 348	1 43	
123	meNOG04938	[L]
4	419 402 156 163
2 156 236	1 123	2 32 341	1 142	
124	meNOG05009	[T]
2	408 259
1 454	1 124	1 342	1 143	
125	meNOG19528	[J]
1	381
1 360	1 125	1 108	1 184	
126	meNOG11530	[G]
1	74
1 141	1 126	1 245	1 275	
127	meNOG12365	[K]
1	408
1 7	1 127	1 370	1 282	
128	meNOG09341	[A]
1	237
1 121	1 128	1 92	1 7	
129	meNOG19448	[A]
2	253 283
1 51	1 129	1 11	1 276	
130	meNOG11944	[L]
1	407
1 98	1 130	1 393	1 267	
131	meNOG14324	[R]
0 -1
1 381	1 131	1 96	1 10	
132	meNOG06852	[L]
2	231 234
1 234	1 132	1 56	1 272	
133	meNOG04372	[L]
3	372 345 107
1 245	1 133	1 374	1 54	
134	meNOG18902	[F]
1	32
1 447	1 134	1 132	1 130	
135	meNOG04070	[T]
1	446
1 119	1 135	1 81	1 153	
136	meNOG04077	[U]
1	3
1 254	1 136	1 218	1 56	
137	meNOG18586	[S]
1	140
1 129	1 137	1 42	1 217	
138	meNOG04281	[O]
5	104 403 183 191 435
1 383	1 138	1 275	1 157	
139	meNOG05677	[A]
3	376 455 339
5 42 63 169 287 483	1 139	1 409	2 147 241	
140	meNOG06020	[R]
1	137
1 230	1 140	1 169	1 73	
141	meNOG05172	[G]
1	234
1 224	1 141	1 46	1 250	
142	meNOG04977	[G]
1	407
1 197	1 142	1 412	1 79	
143	meNOG05369	[EF]
1	60
1 407	1 143	1 175	1 125	
144	meNOG19483	[O]
1	340
1 154	1 144	1 309	1 278	
145	meNOG04430	[G]
1	234
1 209	1 145	1 316	1 22	
146	meNOG20197	[A]
1	234
1 241	1 146	1 57	1 276	
147	meNOG07654	[J]
1	209
1 331	1 147	1 324	1 47	
148	meNOG15253	[O]
1	174
1 439	1 148	1 166	1 182	
149	meNOG04980	[E]
1	5
1 19	1 149	1 197	1 0	
150	meNOG08197	[D]
1	332
1 459	1 150	1 34	1 62	
151	meNOG06063	[O]
2	414 354
1 239	1 151	1 397	1 157	
152	meNOG04611	[C]
1	29
1 297	1 152	1 80	1 23	
153	meNOG19032	[J]
1	234
1 333	1 153	1 411	1 201	
154	meNOG07570	[T]
0 -1
1 444	1 154	1 55	1 237	
155	meNOG04598	[J]
3	234 407 432
1 174	1 155	1 402	1 19	
156	meNOG04753	[T]
4	378 419 123 345
1 359	1 156	1 188	1 143	
157	meNOG07202	[U]
1	233
1 223	1 157	1 420	1 13	
158	meNOG04759	[Q]
1	408
1 61	1 158	1 229	1 264	
159	meNOG05186	[O]
1	234
1 318	1 159	1 353	1 211	
160	meNOG05184	[L]
1	280
1 418	1 160	1 67	1 178	
161	meNOG04639	[DO]
3	15 70 185
1 189	1 161	1 215	1 215	
162	meNOG20924	[U]
1	111
1 308	1 162	1 357	1 100	
163	meNOG15028	[U]
2	436 123
1 467	1 163	0 	0 	
164	meNOG07133	[I]
2	253 302
1 41	1 164	1 53	1 186	
165	meNOG06651	[C]
1	211
1 200	1 165	1 99	1 261	
166	meNOG05224	[Z]
1	420
1 410	1 166	1 272	1 64	
167	meNOG06654	[T]
1	18
1 153	1 167	1 140	1 270	
168	meNOG05591	[R]
1	43
1 304	1 168	1 358	1 100	
169	meNOG05459	[O]
1	234
1 73	1 169	1 304	1 211	
170	meNOG04103	[E]
1	345
1 69	1 170	1 385	1 61	
171	meNOG14610	[M]
4	120 77 447 40
1 246	1 171	1 369	1 193	
172	meNOG04108	[E]
2	14 440
1 71	1 172	1 367	1 138	
173	meNOG05456	[T]
1	57
1 228	1 173	1 36	1 143	
174	meNOG05695	[T]
3	381 148 70
1 118	1 174	1 386	1 156	
175	meNOG18894	[J]
1	105
1 249	1 175	1 365	1 173	
176	meNOG06212	[K]
1	236
1 394	1 176	1 383	1 254	
177	meNOG09307	[R]
1	84
1 72	1 177	1 357	1 100	
178	meNOG07225	[A]
1	437
1 46	1 178	1 328	1 7	
179	meNOG08907	[D]
3	318 357 33
1 157	1 179	1 226	1 62	
180	meNOG07184	[O]
2	327 212
1 161	1 180	1 413	1 189	
181	meNOG05255	[K]
1	238
1 216	1 181	1 161	1 265	
182	meNOG04385	[R]
1	49
1 272	1 182	1 21	1 73	
183	meNOG05524	[L]
7	373 436 393 432 12 138 223
1 361	1 183	1 194	1 127	
184	meNOG05521	[U]
2	435 120
1 32	1 184	1 314	1 159	
185	meNOG13955	[O]
2	161 234
1 328	1 185	1 14	1 8	
186	meNOG13480	[R]
1	422
1 258	1 186	1 48	1 14	
187	meNOG05036	[T]
1	406
1 43	1 187	1 400	1 143	
188	meNOG06511	[T]
1	4
1 45	1 188	1 399	1 143	
189	meNOG20154	[O]
1	433
1 18	1 189	1 288	1 38	
190	meNOG06593	[P]
0 -1
1 324	1 190	1 143	1 168	
191	meNOG04574	[O]
6	192 120 275 215 435 138
1 339	1 191	1 31	1 74	
192	meNOG04575	[O]
4	53 215 305 191
1 332	1 192	1 416	1 74	
193	meNOG07353	[U]
1	106
1 404	1 193	1 137	1 118	
194	meNOG08834	[P]
1	99
1 166	1 194	1 320	1 279	
195	meNOG29733	[Z]
3	82 272 433
1 264	1 195	1 102	1 43	
196	meNOG04243	[C]
1	440
1 267	1 196	1 395	1 162	
197	meNOG04322	[T]
1	80
1 466	1 197	1 124	1 143	
198	meNOG08403	[T]
1	111
1 125	1 198	1 392	1 52	
199	meNOG06693	[L]
1	95
1 423	1 199	1 61	1 164	
200	meNOG09408	[U]
1	408
1 429	1 200	1 101	1 146	
201	meNOG04710	[O]
1	246
1 461	1 201	1 377	1 280	
202	meNOG05781	[O]
2	349 226
1 436	1 202	1 361	1 132	
203	meNOG07118	[I]
1	234
1 152	1 203	1 45	2 137 28	
204	meNOG18416	[O]
1	3
1 6	1 204	1 114	1 220	
205	meNOG05621	[O]
2	23 234
1 408	1 205	1 351	1 211	
206	meNOG18419	[B]
0 -1
1 371	1 206	1 419	1 218	
207	meNOG05625	[T]
1	423
1 282	1 207	1 192	1 9	
208	meNOG07532	[O]
5	428 416 75 2 218
1 220	1 208	1 28	1 252	
209	meNOG21790	[A]
2	437 147
1 229	1 209	1 302	1 207	
210	meNOG05449	[T]
1	287
1 279	1 210	1 13	1 290	
211	meNOG11121	[CI]
1	165
1 323	1 211	2 99 20	1 261	
212	meNOG05947	[O]
1	180
1 285	1 212	1 354	1 101	
213	meNOG04160	[J]
1	426
1 382	1 213	1 225	1 85	
214	meNOG29004	[S]
1	234
1 284	1 214	1 404	1 93	
215	meNOG04858	[O]
4	192 356 191 435
1 390	1 215	1 30	1 74	
216	meNOG07174	[I]
1	74
1 22	1 216	1 262	1 256	
217	meNOG04857	[O]
1	452
1 389	1 217	1 167	0 	
218	meNOG24786	[Z]
1	208
1 290	1 218	1 200	1 35	
219	meNOG18649	[A]
1	234
1 104	1 219	1 129	1 276	
220	meNOG09475	[S]
1	8
1 387	1 220	1 246	1 99	
221	meNOG05370	[J]
2	363 358
2 225 265	1 221	1 432	1 234	
222	meNOG04147	[O]
1	234
1 433	1 222	1 28	1 252	
223	meNOG22348	[K]
1	183
1 338	1 223	1 335	1 2	
224	meNOG20975	[R]
1	254
1 193	1 224	1 3	1 227	
225	meNOG17338	[R]
1	234
1 270	1 225	1 299	1 67	
226	meNOG19315	[O]
2	340 202
1 425	1 226	1 309	1 278	
227	meNOG04784	[G]
0 -1
1 440	1 227	1 1	1 44	
228	meNOG11759	[K]
1	236
1 336	1 228	1 66	1 254	
229	meNOG20957	[O]
1	267
1 398	1 229	1 264	1 36	
230	meNOG09879	[B]
1	36
1 446	1 230	1 237	1 53	
231	meNOG04875	[L]
2	265 132
1 196	1 231	1 142	1 54	
232	meNOG06255	[J]
1	313
1 99	1 232	1 234	1 48	
233	meNOG09616	[U]
1	157
1 214	1 233	1 89	1 100	
234	meNOG09557	[A]
44	303 418 237 47 341 325 169 444 234 330 252 319 219 430 273 451 246 203 284 155 443 145 141 146 101 225 214 282 119 132 205 244 242 112 276 185 153 110 350 286 222 58 159 294
2 86 300	1 234	1 306	1 120	
235	meNOG05352	[L]
1	308
1 176	1 235	1 368	1 188	
236	meNOG05351	[B]
4	379 228 176 73
1 109	1 236	1 211	1 73	
237	meNOG10724	[A]
4	256 98 234 128
1 16	1 237	1 350	1 7	
238	meNOG04120	[O]
1	181
1 306	1 238	1 38	1 211	
239	meNOG04828	[O]
1	301
1 450	1 239	1 123	1 81	
240	meNOG06916	[A]
0 -1
1 424	1 240	1 407	1 7	
241	meNOG16579	[S]
1	370
2 237 313	1 241	1 250	1 248	
242	meNOG05219	[O]
1	234
1 481	1 242	1 323	1 211	
243	meNOG05402	[T]
3	320 262 434
1 411	1 243	1 294	1 143	
244	meNOG04696	[U]
2	234 355
1 391	1 244	1 390	1 73	
245	meNOG05406	[E]
0 -1
2 192 417	1 245	1 415	1 190	
246	meNOG04271	[C]
6	264 250 425 201 234 90
1 151	1 246	1 76	1 59	
247	meNOG05764	[R]
1	74
1 396	1 247	1 391	1 213	
248	meNOG19720	[O]
1	281
1 131	1 248	1 259	1 166	
249	meNOG07067	[C]
1	99
1 178	1 249	2 126 125	2 103 104	
250	meNOG04038	[J]
1	246
1 251	1 250	1 93	1 58	
251	meNOG10572	[U]
1	450
1 93	1 251	1 261	1 100	
252	meNOG04927	[R]
1	234
1 90	1 252	1 203	1 114	
253	meNOG20117	[A]
5	164 129 295 302 422
1 409	1 253	1 331	1 276	
254	meNOG04532	[T]
4	341 224 102 121
1 294	1 254	2 342 81	2 153 143	
255	meNOG08876	[K]
1	31
1 346	1 255	1 231	1 183	
256	meNOG11833	[L]
2	237 3
1 274	1 256	1 393	1 267	
257	meNOG06380	[O]
2	19 268
2 33 484	1 257	1 269	1 129	
258	meNOG18910	[K]
1	417
1 12	1 258	1 326	1 277	
259	meNOG12379	[Z]
1	124
1 177	1 259	1 10	1 91	
260	meNOG04365	[B]
1	368
1 15	1 260	1 189	1 136	
261	meNOG06865	[S]
1	64
1 238	1 261	1 110	1 224	
262	meNOG11342	[K]
3	243 434 268
1 345	1 262	1 106	1 32	
263	meNOG06860	[K]
1	1
1 432	1 263	1 281	1 51	
264	meNOG06987	[T]
3	388 246 70
1 164	1 264	1 68	1 143	
265	meNOG04736	[L]
1	231
1 48	1 265	1 139	1 54	
266	meNOG18453	[J]
1	301
1 59	1 266	1 182	1 133	
267	meNOG07345	[U]
2	0 229
1 406	1 267	1 165	1 230	
268	meNOG05108	[B]
2	257 262
1 353	1 268	1 50	1 246	
269	meNOG04798	[U]
1	96
1 257	1 269	1 144	1 100	
270	meNOG04405	[R]
1	337
1 107	1 270	1 23	4 144 212 108 88	
271	meNOG04931	[OT]
0 -1
1 327	1 271	1 63	1 270	
272	meNOG07753	[I]
1	195
1 310	1 272	1 249	1 98	
273	meNOG07039	[O]
2	21 234
2 116 356	1 273	1 260	1 8	
274	meNOG04213	[O]
1	41
1 474	1 274	1 279	1 68	
275	meNOG07031	[J]
1	191
1 269	1 275	1 73	1 165	
276	meNOG04815	[E]
1	234
1 351	1 276	1 343	1 223	
277	meNOG20388	[A]
2	302 454
1 40	1 277	1 24	1 276	
278	meNOG09433	[A]
1	334
1 427	1 278	1 90	1 7	
279	meNOG26058	[G]
0 -1
1 100	1 279	1 65	1 202	
280	meNOG05719	[L]
1	160
1 397	1 280	1 258	1 131	
281	meNOG18684	[O]
1	248
1 449	1 281	1 429	1 243	
282	meNOG09957	[L]
3	319 323 234
1 296	1 282	1 115	1 17	
283	meNOG21014	[A]
3	373 410 129
1 464	1 283	1 151	1 276	
284	meNOG06390	[K]
1	234
1 170	1 284	1 158	1 236	
285	meNOG06724	[Q]
3	373 285 99
2 321 322	1 285	1 18	1 107	
286	meNOG04775	[O]
1	234
1 448	1 286	1 379	1 83	
287	meNOG22279	[R]
1	210
1 347	1 287	1 283	1 219	
288	meNOG13131	[I]
0 -1
1 87	1 288	1 289	1 191	
289	meNOG09389	[G]
1	111
1 144	1 289	1 4	1 44	
290	meNOG07264	[J]
5	383 14 72 440 412
1 377	1 290	1 111	1 281	
291	meNOG06544	[O]
1	62
1 400	1 291	1 339	1 97	
292	meNOG09898	[U]
2	27 328
1 188	1 292	1 15	1 161	
293	meNOG06627	[T]
2	408 50
1 96	1 293	1 340	1 290	
294	meNOG20334	[O]
1	234
1 334	1 294	1 163	1 87	
295	meNOG18675	[A]
3	400 253 63
1 81	1 295	1 347	1 276	
296	meNOG05448	[R]
1	54
1 0	1 296	1 356	1 274	
297	meNOG11705	[E]
2	329 370
1 420	1 297	1 305	1 257	
298	meNOG05682	[T]
1	409
1 79	1 298	1 399	1 143	
299	meNOG06187	[D]
1	3
1 233	1 299	1 95	1 78	
300	meNOG04969	[T]
1	433
1 430	1 300	1 315	1 260	
301	meNOG04968	[O]
4	266 239 310 384
1 431	1 301	1 423	1 31	
302	meNOG19492	[A]
4	277 164 63 253
1 302	1 302	1 349	1 276	
303	meNOG06430	[I]
1	234
1 10	1 303	1 344	1 223	
304	meNOG06532	[Z]
2	120 382
1 368	1 304	1 209	1 122	
305	meNOG04009	[O]
7	307 55 192 380 68 346 447
1 340	1 305	1 321	1 95	
306	meNOG06948	[T]
0 -1
3 82 386 58	1 306	1 228	1 143	
307	meNOG10083	[L]
3	69 392 305
1 34	1 307	1 156	1 36	
308	meNOG06941	[L]
3	48 235 88
1 370	1 308	1 6	1 111	
309	meNOG05615	[Y]
1	369
1 11	1 309	1 195	1 284	
310	meNOG05368	[Z]
7	374 27 361 354 431 313 301
1 463	1 310	1 345	1 91	
311	meNOG04007	[J]
1	74
1 142	1 311	1 238	1 167	
312	meNOG07805	[A]
1	437
1 326	1 312	1 334	1 7	
313	meNOG20222	[O]
6	331 232 351 315 12 310
1 317	1 313	1 159	1 283	
314	meNOG05438	[KOT]
1	93
1 217	1 314	1 389	1 66	
315	meNOG05439	[B]
3	393 42 313
1 180	1 315	1 248	1 140	
316	meNOG12740	[K]
2	122 6
1 146	1 316	1 173	1 218	
317	meNOG05434	[C]
2	76 121
1 452	1 317	1 84	1 145	
318	meNOG05435	[U]
1	179
1 4	1 318	1 184	1 255	
319	meNOG11894	[A]
2	234 282
1 97	1 319	1 306	1 120	
320	meNOG04919	[T]
2	243 434
1 103	1 320	1 298	1 143	
321	meNOG04910	[L]
1	117
1 298	1 321	1 271	1 244	
322	meNOG04861	[G]
1	370
1 77	1 322	1 82	1 231	
323	meNOG05020	[A]
1	282
1 227	1 323	1 7	2 75 120	
324	meNOG04914	[C]
1	104
1 455	1 324	1 59	1 15	
325	meNOG05022	[C]
1	234
1 281	1 325	1 208	1 229	
326	meNOG09001	[K]
1	364
1 235	1 326	1 130	1 235	
327	meNOG04569	[O]
1	180
1 1	1 327	1 355	1 101	
328	meNOG04314	[U]
1	292
1 384	1 328	1 58	1 118	
329	meNOG05796	[P]
1	297
1 47	1 329	1 425	1 174	
330	meNOG04397	[C]
1	234
1 155	1 330	1 257	1 222	
331	meNOG04703	[TZ]
1	313
1 29	1 331	1 426	1 86	
332	meNOG05792	[L]
2	150 333
1 13	1 332	1 52	1 228	
333	meNOG06762	[G]
1	332
1 65	1 333	1 0	1 135	
334	meNOG05799	[L]
1	278
1 132	1 334	1 160	1 21	
335	meNOG11120	[T]
1	3
1 286	1 335	1 222	1 208	
336	meNOG06168	[B]
1	455
1 24	1 336	1 193	1 136	
337	meNOG05154	[DKT]
5	74 270 442 63 413
1 222	1 337	1 382	1 26	
338	meNOG06160	[H]
1	338
4 456 312 64 469	1 338	1 134	1 152	
339	meNOG04536	[L]
2	441 139
1 163	1 339	1 32	1 142	
340	meNOG05811	[O]
2	144 226
1 362	1 340	1 362	1 132	
341	meNOG07146	[G]
3	420 254 234
2 36 35	1 341	1 33	1 60	
342	meNOG22352	[S]
1	92
1 276	1 342	1 410	1 119	
343	meNOG05843	[I]
1	79
1 378	1 343	1 267	1 109	
344	meNOG04171	[E]
1	43
1 148	1 344	1 311	1 34	
345	meNOG06839	[L]
3	170 133 156
1 344	1 345	1 105	1 77	
346	meNOG04178	[U]
1	305
1 288	1 346	1 366	1 40	
347	meNOG04179	[A]
1	437
1 89	1 347	1 230	1 7	
348	meNOG20967	[S]
1	13
1 242	1 348	1 375	1 200	
349	meNOG04674	[R]
2	92 202
1 277	1 349	1 227	1 270	
350	meNOG18536	[J]
1	234
1 309	1 350	1 247	1 291	
351	meNOG13151	[D]
1	313
1 126	1 351	1 233	1 240	
352	meNOG05205	[F]
1	111
1 355	1 352	1 252	1 124	
353	meNOG07138	[L]
1	94
1 185	1 353	1 433	1 179	
354	meNOG06302	[O]
3	151 310 85
1 307	1 354	1 373	1 157	
355	meNOG12906	[T]
1	244
1 84	1 355	2 83 213	1 143	
356	meNOG14305	[O]
2	403 215
1 379	1 356	1 190	1 134	
357	meNOG11606	[L]
1	179
1 261	1 357	1 236	1 288	
358	meNOG06576	[K]
1	221
1 435	1 358	1 98	1 286	
359	meNOG10048	[S]
1	74
1 204	1 359	1 74	1 94	
360	meNOG05394	[D]
1	38
1 250	1 360	1 308	1 18	
361	meNOG07096	[OT]
2	408 310
1 179	1 361	1 63	1 270	
362	meNOG05576	[A]
1	455
1 392	1 362	1 256	1 199	
363	meNOG12834	[D]
1	221
2 187 402	1 363	1 226	1 62	
364	meNOG04682	[K]
1	326
1 201	1 364	1 162	1 266	
365	meNOG20515	[O]
1	452
1 389	1 365	2 172 168	1 225	
366	meNOG07099	[R]
0 -1
1 385	1 366	1 216	1 102	
367	meNOG18625	[U]
1	65
1 207	1 367	1 150	1 149	
368	meNOG04956	[B]
1	260
1 128	1 368	1 37	1 73	
369	meNOG04482	[D]
1	309
1 472	1 369	1 394	1 192	
370	meNOG08511	[R]
7	3 322 241 113 297 46 385
1 458	1 370	1 241	1 215	
371	meNOG13604	[S]
0 -1
1 113	1 371	1 51	1 1	
372	meNOG04293	[L]
2	133 107
1 314	1 372	1 87	1 54	
373	meNOG04295	[U]
8	10 91 67 96 285 411 183 283
1 2	1 373	1 145	1 100	
374	meNOG11920	[O]
2	310 435
1 88	1 374	1 286	1 157	
375	meNOG06139	[C]
1	440
1 194	1 375	1 8	3 113 172 55	
376	meNOG04051	[T]
1	139
1 295	1 376	1 408	1 143	
377	meNOG05199	[R]
1	25
1 160	1 377	1 44	1 73	
378	meNOG04054	[R]
1	156
1 31	1 378	1 174	1 158	
379	meNOG12414	[?]
1	236
1 305	1 379	1 360	1 30	
380	meNOG04193	[O]
1	305
1 182	1 380	1 62	1 29	
381	meNOG05500	[R]
2	174 125
1 335	1 381	1 198	2 215 156	
382	meNOG06907	[O]
1	304
1 412	1 382	1 346	1 74	
383	meNOG05280	[F]
1	290
1 140	1 383	1 40	2 24 145	
384	meNOG05118	[O]
2	432 301
1 319	1 384	1 422	1 31	
385	meNOG20966	[S]
1	370
1 460	1 385	1 219	1 249	
386	meNOG18368	[J]
1	51
1 278	1 386	1 171	1 263	
387	meNOG05112	[O]
1	391
1 28	1 387	1 104	1 154	
388	meNOG28791	[S]
2	264 113
1 56	1 388	1 196	1 123	
389	meNOG05050	[D]
1	17
1 122	1 389	1 85	1 195	
390	meNOG10313	[Q]
0 -1
3 341 138 369	1 390	1 418	1 139	
391	meNOG10263	[U]
1	387
1 268	1 391	1 204	1 259	
392	meNOG06129	[Z]
1	307
1 280	1 392	1 148	1 64	
393	meNOG05059	[T]
3	108 315 183
1 85	1 393	1 78	1 143	
394	meNOG06490	[O]
1	442
1 49	1 394	1 168	1 225	
395	meNOG04226	[L]
1	453
1 348	1 395	1 119	1 112	
396	meNOG04390	[A]
1	96
1 442	1 396	1 86	1 73	
397	meNOG08745	[S]
1	85
1 342	1 397	1 181	1 258	
398	meNOG04989	[R]
1	92
1 191	1 398	2 107 255	3 92 223 121	
399	meNOG08428	[P]
1	399
2 91 437	1 399	1 318	1 150	
400	meNOG05807	[E]
1	295
1 428	1 400	1 39	1 242	
401	meNOG05806	[A]
1	433
1 38	1 401	1 378	1 148	
402	meNOG05017	[B]
1	123
1 291	1 402	1 307	2 70 71	
403	meNOG04901	[O]
3	356 138 435
1 195	1 403	1 179	1 126	
404	meNOG04634	[O]
2	20 454
1 426	1 404	1 417	1 74	
405	meNOG04633	[T]
0 -1
1 37	1 405	1 26	1 156	
406	meNOG11784	[U]
1	187
1 55	1 406	1 430	1 25	
407	meNOG07553	[O]
5	130 155 424 142 2
1 350	1 407	1 27	1 220	
408	meNOG04730	[T]
8	127 409 361 293 124 97 200 158
1 26	1 408	1 406	1 143	
409	meNOG05601	[T]
2	408 298
1 92	1 409	1 177	1 143	
410	meNOG21001	[A]
1	283
1 17	1 410	1 25	1 276	
411	meNOG06750	[K]
1	373
1 205	1 411	2 317 231	2 253 183	
412	meNOG14528	[O]
1	290
1 376	1 412	1 330	1 287	
413	meNOG13807	[K]
1	337
1 255	1 413	1 66	1 254	
414	meNOG07298	[O]
1	151
1 124	1 414	1 277	1 157	
415	meNOG09257	[K]
0 -1
1 354	1 415	1 186	1 180	
416	meNOG10002	[O]
1	208
1 145	1 416	1 113	1 220	
417	meNOG19304	[C]
1	258
1 106	1 417	1 17	1 106	
418	meNOG04873	[A]
1	234
1 14	1 418	1 91	1 7	
419	meNOG06639	[L]
2	123 156
1 123	1 419	1 9	1 27	
420	meNOG05975	[O]
3	166 341 2
1 23	1 420	1 112	1 220	
421	meNOG04333	[L]
2	69 45
1 137	1 421	1 206	1 288	
422	meNOG04123	[A]
3	8 186 253
1 372	1 422	1 292	1 147	
423	meNOG10672	[F]
1	207
1 25	1 423	1 75	1 209	
424	meNOG14857	[F]
1	407
1 175	1 424	1 133	1 205	
425	meNOG10220	[G]
1	246
1 388	1 425	1 71	1 289	
426	meNOG12314	[J]
1	213
1 462	1 426	1 225	1 85	
427	meNOG18439	[O]
0 -1
1 232	1 427	1 122	1 163	
428	meNOG16428	[R]
1	208
1 110	1 428	1 64	1 270	
429	meNOG05738	[T]
1	4
1 108	1 429	1 201	1 143	
430	meNOG04782	[C]
1	234
1 134	1 430	1 254	1 72	
431	meNOG22334	[R]
2	310 28
1 316	1 431	1 88	1 69	
432	meNOG05374	[L]
3	155 183 384
2 259 373	1 432	1 359	1 175	
433	meNOG13102	[Z]
4	189 401 300 195
1 364	1 433	1 128	1 204	
434	meNOG06525	[T]
4	320 262 243 434
2 403 457	1 434	1 300	1 143	
435	meNOG04391	[O]
7	184 374 14 403 191 138 215
1 443	1 435	1 276	1 157	
436	meNOG04393	[R]
2	163 183
1 54	1 436	1 312	1 73	
437	meNOG05274	[A]
5	100 178 209 312 347
1 62	1 437	1 303	1 238	
438	meNOG05275	[T]
0 -1
1 358	1 438	1 19	1 57	
439	meNOG06682	[O]
2	445 439
2 115 226	1 439	1 100	1 126	
440	meNOG07833	[O]
4	172 375 290 196
1 212	1 440	1 291	1 157	
441	meNOG04012	[D]
1	339
1 105	1 441	1 178	1 143	
442	meNOG04011	[T]
2	394 337
1 343	1 442	1 405	1 143	
443	meNOG05544	[A]
1	234
1 190	1 443	1 214	1 285	
444	meNOG12756	[K]
1	234
1 76	1 444	1 293	1 12	
445	meNOG12755	[O]
1	439
1 247	1 445	1 266	1 226	
446	meNOG04909	[D]
1	135
1 299	1 446	1 185	1 143	
447	meNOG05013	[C]
2	171 305
1 405	1 447	1 120	1 245	
448	meNOG04457	[M]
1	99
1 52	1 448	1 285	1 20	
449	meNOG04268	[L]
1	109
1 184	1 449	1 322	1 100	
450	meNOG12316	[?]
2	251 98
1 240	1 450	1 153	1 292	
451	meNOG10184	[O]
1	234
1 149	1 451	1 136	1 182	
452	meNOG04519	[O]
2	365 217
1 66	1 452	1 157	1 36	
453	meNOG05279	[K]
1	395
1 337	1 453	1 77	1 112	
454	meNOG17003	[R]
3	9 277 404
1 172	1 454	1 396	1 76	
455	meNOG04065	[OT]
3	336 139 362
1 325	1 455	1 424	1 31	
434
0	KOG3075	[G]
1	52
1 65	1 333	1 0	1 135	
1	KOG0255	[R]
0 -1
1 440	1 227	1 1	1 44	
2	KOG3070	[J]
1	389
1 470	1 93	1 2	1 271	
3	euNOG11252	[R]
2	342 81
1 193	1 224	1 3	1 227	
4	KOG0254	[R]
0 -1
1 144	1 289	1 4	1 44	
5	KOG3859	[D]
1	308
1 183	1 38	1 5	1 18	
6	KOG2851	[L]
3	29 368 220
1 370	1 308	1 6	1 111	
7	KOG0701	[A]
1	115
1 227	1 323	1 7	2 75 120	
8	KOG1254	[C]
1	291
1 194	1 375	1 8	3 113 172 55	
9	KOG0890	[TBLD]
1	32
1 123	1 419	1 9	1 27	
10	KOG4678	[R]
1	342
1 177	1 259	1 10	1 91	
11	KOG3459	[A]
2	331 151
1 51	1 129	1 11	1 276	
12	KOG0698	[T]
3	227 107 410
1 303	1 92	1 12	1 155	
13	KOG0521	[T]
1	283
1 279	1 210	1 13	1 290	
14	KOG0101	[O]
2	401 215
2 328 416	2 185 26	1 14	1 8	
15	KOG0809	[U]
2	371 58
1 188	1 292	1 15	1 161	
16	KOG1978	[L]
1	147
1 273	1 59	1 16	1 216	
17	KOG0023	[Q]
1	326
1 106	1 417	1 17	1 106	
18	KOG0024	[Q]
3	145 18 149
2 321 322	1 285	1 18	1 107	
19	KOG0027	[T]
0 -1
1 358	1 438	1 19	1 57	
20	KOG4170	[I]
0 -1
1 323	1 211	1 20	0 	
21	KOG0275	[R]
1	94
1 272	1 182	1 21	1 73	
22	KOG0274	[R]
1	140
1 375	1 18	1 22	1 73	
23	KOG0370	[R]
1	382
1 107	1 270	1 23	4 144 212 108 88	
24	KOG1775	[A]
2	349 396
1 40	1 277	1 24	1 276	
25	KOG1774	[A]
1	151
1 17	1 410	1 25	1 276	
26	KOG0374	[TR]
0 -1
1 37	1 405	1 26	1 156	
27	KOG0896	[O]
5	393 402 133 412 240
1 350	1 407	1 27	1 220	
28	KOG2177	[O]
2	113 240
2 220 433	2 208 222	1 28	1 252	
29	KOG0877	[J]
1	6
1 50	1 48	1 29	1 185	
30	KOG0652	[O]
4	416 190 31 276
1 390	1 215	1 30	1 74	
31	KOG0651	[O]
6	416 278 73 30 276 275
1 339	1 191	1 31	1 74	
32	KOG0351	[L]
2	9 178
2 156 163	2 123 339	1 32	1 142	
33	KOG0657	[G]
3	112 342 81
2 36 35	1 341	1 33	1 60	
34	KOG0654	[D]
1	52
1 459	1 150	1 34	1 62	
35	euNOG06378	[S]
1	61
1 283	1 95	1 35	1 37	
36	KOG0658	[G]
1	183
1 228	1 173	1 36	1 143	
37	KOG0264	[B]
1	189
1 128	1 368	1 37	1 73	
38	KOG0357	[O]
1	161
1 306	1 238	1 38	1 211	
39	KOG2250	[E]
1	347
1 428	1 400	1 39	1 242	
40	KOG2550	[F]
1	111
1 140	1 383	1 40	2 24 145	
41	KOG0575	[D]
1	88
1 478	1 28	1 41	1 143	
42	KOG3381	[S]
1	169
1 129	1 137	1 42	1 217	
43	KOG2317	[J]
1	241
1 479	1 46	1 43	1 171	
44	KOG0772	[S]
1	329
1 160	1 377	1 44	1 73	
45	KOG1683	[I]
4	350 327 223 153
2 210 152	2 203 98	1 45	2 137 28	
46	KOG0470	[G]
1	306
1 224	1 141	1 46	1 250	
47	KOG3315	[U]
1	150
1 133	1 65	1 47	1 49	
48	KOG1677	[R]
0 -1
1 258	1 186	1 48	1 14	
49	KOG2670	[G]
1	306
1 414	1 110	1 49	1 233	
50	KOG2684	[BK]
1	269
1 353	1 268	1 50	1 246	
51	euNOG06372	[S]
0 -1
1 113	1 371	1 51	1 1	
52	KOG0480	[L]
2	34 0
1 13	1 332	1 52	1 228	
53	KOG1177	[I]
2	331 349
1 41	1 164	1 53	1 186	
54	KOG1176	[I]
0 -1
1 244	1 34	1 54	1 186	
55	KOG1309	[T]
0 -1
1 444	1 154	1 55	1 237	
56	KOG0851	[L]
2	142 306
1 234	1 132	1 56	1 272	
57	KOG3428	[A]
1	306
1 241	1 146	1 57	1 276	
58	KOG1299	[U]
1	15
1 384	1 328	1 58	1 118	
59	KOG1353	[C]
1	284
1 455	1 324	1 59	1 15	
60	KOG2834	[YU]
1	339
1 135	1 62	1 60	1 45	
61	KOG1294	[L]
1	35
1 423	1 199	1 61	1 164	
62	KOG1358	[O]
1	321
1 182	1 380	1 62	1 29	
63	KOG0505	[OT]
1	345
2 179 327	2 361 271	1 63	1 270	
64	KOG0504	[R]
0 -1
2 110 159	2 428 53	1 64	1 270	
65	KOG1192	[GC]
0 -1
1 100	1 279	1 65	1 202	
66	KOG1721	[R]
0 -1
3 336 221 255	3 228 31 413	1 66	1 254	
67	KOG0962	[L]
1	258
1 418	1 160	1 67	1 178	
68	KOG3653	[T]
3	196 76 154
1 164	1 264	1 68	1 143	
69	KOG0226	[R]
1	303
1 44	1 100	1 69	1 7	
70	KOG3659	[T]
1	337
1 117	1 44	1 70	1 84	
71	KOG0224	[G]
1	76
1 388	1 425	1 71	1 289	
72	KOG0053	[E]
0 -1
1 271	1 61	1 72	1 232	
73	KOG0052	[J]
1	31
1 269	1 275	1 73	1 165	
74	KOG4020	[S]
1	352
1 204	1 359	1 74	1 94	
75	KOG3721	[F]
1	192
1 25	1 423	1 75	1 209	
76	KOG1350	[C]
6	68 93 71 377 306 210
1 151	1 246	1 76	1 59	
77	KOG2680	[K]
1	119
1 337	1 453	1 77	1 112	
78	KOG4278	[T]
3	327 248 194
1 85	1 393	1 78	1 143	
79	KOG0032	[T]
0 -1
1 438	1 76	1 79	1 143	
80	KOG0525	[C]
1	199
1 297	1 152	1 80	1 23	
81	KOG0609	[T]
3	33 3 109
2 294 119	2 254 135	1 81	1 153	
82	KOG0602	[G]
1	241
1 77	1 322	1 82	1 231	
83	KOG0603	[T]
0 -1
1 84	1 355	1 83	1 143	
84	KOG1764	[C]
1	109
1 452	1 317	1 84	1 145	
85	KOG0933	[BD]
1	388
1 122	1 389	1 85	1 195	
86	KOG0285	[A]
1	337
1 442	1 396	1 86	1 73	
87	KOG2035	[DL]
2	374 265
1 314	1 372	1 87	1 54	
88	euNOG13667	[R]
2	345 41
1 316	1 431	1 88	1 69	
89	KOG0081	[U]
1	420
1 214	1 233	1 89	1 100	
90	KOG0113	[A]
1	160
1 427	1 278	1 90	1 7	
91	KOG0117	[A]
1	306
1 14	1 418	1 91	1 7	
92	KOG0118	[R]
1	350
1 121	1 128	1 92	1 7	
93	KOG0830	[J]
1	76
1 251	1 250	1 93	1 58	
94	KOG4105	[H]
1	21
1 143	1 49	1 94	1 6	
95	KOG0834	[D]
0 -1
1 233	1 299	1 95	1 78	
96	euNOG06652	[R]
0 -1
1 381	1 131	1 96	1 10	
97	KOG2586	[H]
1	248
1 393	1 42	1 97	1 169	
98	KOG0304	[A]
0 -1
1 435	1 358	1 98	1 286	
99	KOG2621	[C]
0 -1
2 323 200	2 211 165	1 99	1 261	
100	KOG0730	[O]
1	266
2 115 226	1 439	1 100	1 126	
101	KOG0934	[U]
0 -1
1 429	1 200	1 101	1 146	
102	KOG4280	[Z]
0 -1
1 264	1 195	1 102	1 43	
103	KOG0940	[O]
5	114 218 403 241 222
1 75	1 3	1 103	1 65	
104	KOG2100	[O]
1	204
1 28	1 387	1 104	1 154	
105	KOG1636	[L]
2	385 374
1 344	1 345	1 105	1 77	
106	KOG2294	[K]
1	300
2 345 243	2 262 73	1 106	1 32	
107	KOG1469	[R]
1	12
1 191	1 398	1 107	1 223	
108	KOG1722	[J]
1	198
1 360	1 125	1 108	1 184	
109	KOG1540	[H]
3	342 81 84
1 465	1 121	1 109	1 105	
110	KOG1017	[R]
1	338
1 238	1 261	1 110	1 224	
111	KOG1466	[J]
5	40 170 421 291 330
1 377	1 290	1 111	1 281	
112	KOG0419	[O]
3	272 33 240
1 23	1 420	1 112	1 220	
113	KOG0427	[O]
1	28
1 145	1 416	1 113	1 220	
114	KOG0422	[O]
1	103
1 6	1 204	1 114	1 220	
115	KOG0542	[L]
2	306 7
1 296	1 282	1 115	1 17	
116	KOG0544	[O]
0 -1
1 266	1 33	1 116	1 89	
117	KOG1493	[DO]
2	396 240
1 3	1 9	1 117	1 278	
118	KOG3344	[J]
1	197
1 399	1 5	1 118	1 4	
119	KOG1942	[L]
1	77
1 348	1 395	1 119	1 112	
120	KOG2711	[C]
2	369 321
1 405	1 447	1 120	1 245	
121	KOG0585	[T]
0 -1
1 114	1 83	1 121	1 143	
122	KOG1724	[O]
0 -1
1 232	1 427	1 122	1 163	
123	KOG0802	[O]
1	423
1 450	1 239	1 123	1 81	
124	KOG0584	[R]
1	176
1 466	1 197	1 124	1 143	
125	KOG1261	[C]
1	149
1 178	1 249	1 125	1 104	
126	KOG1260	[C]
1	149
1 178	1 249	1 126	1 103	
127	KOG3163	[R]
1	321
1 203	1 68	1 127	1 110	
128	KOG3000	[DZ]
3	288 378 315
1 364	1 433	1 128	1 204	
129	KOG3168	[K]
1	306
1 104	1 219	1 129	1 276	
130	KOG3169	[K]
1	162
1 235	1 326	1 130	1 235	
131	euNOG13692	[S]
1	137
1 94	1 106	1 131	1 206	
132	KOG0833	[F]
1	141
1 447	1 134	1 132	1 130	
133	KOG0888	[F]
1	27
1 175	1 424	1 133	1 205	
134	KOG1506	[H]
1	134
4 456 312 64 469	1 338	1 134	1 152	
135	KOG1308	[OT]
1	306
1 20	1 47	1 135	1 215	
136	KOG0880	[O]
1	306
1 149	1 451	1 136	1 182	
137	KOG1302	[U]
1	131
2 248 404	2 22 193	1 137	1 118	
138	KOG2965	[E]
1	149
1 168	1 116	1 138	1 16	
139	KOG0990	[L]
1	142
1 48	1 265	1 139	1 54	
140	KOG1217	[T]
1	22
1 153	1 167	1 140	1 270	
141	KOG2990	[S]
1	132
1 256	1 32	1 141	1 221	
142	KOG0991	[L]
2	139 56
1 196	1 231	1 142	1 54	
143	KOG3713	[P]
0 -1
1 324	1 190	1 143	1 168	
144	KOG0087	[U]
1	337
1 257	1 269	1 144	1 100	
145	KOG0084	[TU]
7	155 297 337 18 317 194 151
1 2	1 373	1 145	1 100	
146	KOG0161	[Z]
0 -1
1 111	1 15	1 146	1 64	
147	KOG1979	[L]
2	16 171
1 136	1 51	1 147	1 216	
148	KOG0163	[Z]
1	156
1 280	1 392	1 148	1 64	
149	KOG0166	[U]
5	285 138 125 126 18
1 374	1 99	1 149	1 90	
150	KOG3487	[U]
1	47
1 207	1 367	1 150	1 149	
151	KOG3482	[A]
3	145 25 11
1 464	1 283	1 151	1 276	
152	euNOG05753	[Q]
0 -1
1 253	1 102	1 152	1 41	
153	euNOG06370	[?]
2	261 45
1 240	1 450	1 153	1 292	
154	KOG0019	[O]
4	232 386 215 68
1 199	1 70	1 154	1 214	
155	KOG0016	[I]
1	145
1 260	1 10	1 155	1 137	
156	KOG0011	[L]
3	207 148 321
1 34	1 307	1 156	1 36	
157	KOG0010	[OR]
2	167 172
1 66	1 452	1 157	1 36	
158	KOG2549	[K]
1	306
1 170	1 284	1 158	1 236	
159	KOG1769	[O]
6	426 234 233 248 217 345
1 317	1 313	1 159	1 283	
160	KOG2093	[L]
1	90
1 132	1 334	1 160	1 21	
161	KOG3302	[K]
1	38
1 216	1 181	1 161	1 265	
162	KOG0260	[K]
1	130
1 201	1 364	1 162	1 266	
163	KOG1641	[O]
1	306
1 334	1 294	1 163	1 87	
164	KOG2062	[O]
1	260
1 480	1 21	1 164	1 33	
165	KOG0864	[U]
2	290 264
1 406	1 267	1 165	1 230	
166	KOG0865	[O]
0 -1
1 439	1 148	1 166	1 182	
167	KOG0909	[O]
1	157
1 389	1 217	1 167	0 	
168	KOG0908	[O]
1	405
1 49	2 394 365	1 168	1 225	
169	KOG0645	[R]
1	42
1 230	1 140	1 169	1 73	
170	KOG0863	[O]
5	367 278 371 276 111
1 165	1 14	1 170	1 157	
171	KOG0901	[J]
1	147
1 278	1 386	1 171	1 263	
172	KOG0907	[O]
1	157
1 389	1 365	1 172	1 225	
173	KOG0869	[K]
2	348 363
1 146	1 316	1 173	1 218	
174	KOG2244	[R]
0 -1
1 31	1 378	1 174	1 158	
175	KOG1503	[EF]
1	387
1 407	1 143	1 175	1 125	
176	KOG0582	[T]
1	124
1 198	1 80	1 176	1 143	
177	KOG0581	[T]
1	399
1 92	1 409	1 177	1 143	
178	KOG0580	[D]
1	32
1 105	1 441	1 178	1 143	
179	KOG0741	[O]
3	190 275 276
1 195	1 403	1 179	1 126	
180	KOG0740	[O]
0 -1
1 262	1 97	1 180	1 126	
181	KOG0858	[S]
1	235
1 342	1 397	1 181	1 258	
182	KOG1696	[J]
1	423
1 59	1 266	1 182	1 133	
183	KOG0733	[O]
1	36
1 218	1 57	1 183	1 126	
184	KOG1986	[U]
1	226
1 4	1 318	1 184	1 255	
185	KOG0669	[D]
0 -1
1 299	1 446	1 185	1 143	
186	KOG1601	[K]
2	392 252
2 202 354	2 111 415	1 186	1 180	
187	KOG1607	[U]
0 -1
1 186	1 91	1 187	1 42	
188	KOG1164	[T]
0 -1
1 359	1 156	1 188	1 143	
189	KOG1342	[B]
1	37
2 15 127	2 260 11	1 189	1 136	
190	KOG3129	[O]
2	179 30
1 379	1 356	1 190	1 134	
191	KOG3283	[J]
1	369
1 289	1 77	1 191	1 110	
192	KOG1346	[T]
1	75
1 282	1 207	1 192	1 9	
193	KOG1344	[B]
1	424
1 24	1 336	1 193	1 136	
194	KOG1433	[L]
7	145 312 78 359 217 275 335
1 361	1 183	1 194	1 127	
195	KOG2439	[Y]
1	394
1 11	1 309	1 195	1 284	
196	euNOG07812	[S]
2	68 241
3 56 311 395	2 388 113	1 196	1 123	
197	KOG3820	[E]
1	118
1 19	1 149	1 197	1 0	
198	KOG0376	[R]
2	386 108
1 335	1 381	1 198	2 215 156	
199	KOG1182	[C]
1	80
1 292	1 29	1 199	1 3	
200	KOG0676	[Z]
0 -1
1 290	1 218	1 200	1 35	
201	KOG1025	[T]
0 -1
1 108	1 429	1 201	1 143	
202	KOG1167	[L]
2	246 292
1 421	1 8	1 202	1 143	
203	KOG2484	[R]
1	306
1 90	1 252	1 203	1 114	
204	KOG3230	[U]
1	104
1 268	1 391	1 204	1 259	
205	euNOG11202	[S]
2	312 341
1 467	0 	1 205	1 239	
206	KOG0442	[L]
2	207 332
1 137	1 421	1 206	1 288	
207	KOG4017	[L]
2	156 206
1 130	1 69	1 207	1 96	
208	KOG1335	[C]
1	306
1 281	1 325	1 208	1 229	
209	euNOG04759	[?]
1	278
3 60 83 368	2 118 304	1 209	1 122	
210	KOG1682	[I]
1	76
1 352	1 90	1 210	1 137	
211	KOG0639	[B]
2	360 383
1 109	1 236	1 211	1 73	
212	KOG2924	[O]
1	242
1 120	1 87	1 212	1 273	
213	KOG2101	[ZUD]
1	390
1 84	1 355	1 213	0 	
214	KOG0951	[A]
1	306
1 190	1 443	1 214	1 285	
215	KOG4151	[ODR]
2	154 14
1 189	1 161	1 215	1 215	
216	KOG1838	[R]
0 -1
1 385	1 366	1 216	1 102	
217	KOG0424	[O]
3	194 159 325
1 366	1 12	1 217	1 220	
218	KOG0446	[UR]
1	103
2 21 254	2 35 136	1 218	1 56	
219	euNOG11250	[S]
1	241
1 460	1 385	1 219	1 249	
220	KOG0123	[AJ]
1	6
1 263	1 88	1 220	1 7	
221	KOG0122	[J]
1	369
1 415	1 40	1 221	1 7	
222	KOG2591	[T]
1	103
1 286	1 335	1 222	1 208	
223	KOG2596	[E]
1	45
1 208	1 7	1 223	1 269	
224	KOG0190	[O]
0 -1
1 380	1 37	1 224	1 225	
225	KOG2648	[J]
1	225
2 382 462	2 213 426	1 225	1 85	
226	KOG0653	[D]
3	184 236 432
3 157 187 402	2 179 363	1 226	1 62	
227	KOG0508	[R]
2	12 361
1 277	1 349	1 227	1 270	
228	KOG0194	[T]
0 -1
3 82 386 58	1 306	1 228	1 143	
229	KOG0222	[Q]
0 -1
1 61	1 158	1 229	1 264	
230	KOG0146	[A]
1	303
1 89	1 347	1 230	1 7	
231	KOG0381	[R]
0 -1
1 346	2 411 255	1 231	1 183	
232	KOG2052	[T]
1	154
1 329	1 16	1 232	1 143	
233	KOG2277	[D]
1	159
1 126	1 351	1 233	1 240	
234	KOG1461	[J]
1	159
1 99	1 232	1 234	1 48	
235	KOG2273	[U]
2	373 181
1 473	1 85	1 235	1 115	
236	KOG2379	[L]
1	226
1 261	1 357	1 236	1 288	
237	KOG3265	[KB]
1	243
1 446	1 230	1 237	1 53	
238	KOG1475	[A]
1	352
1 142	1 311	1 238	1 167	
239	KOG2371	[H]
1	278
1 68	1 78	1 239	1 251	
240	KOG0417	[O]
4	117 112 28 27
2 158 101	2 75 2	1 240	1 220	
241	KOG0553	[R]
7	103 82 250 196 305 43 219
1 458	1 370	1 241	1 215	
242	KOG3271	[J]
1	212
1 451	1 39	1 242	1 11	
243	KOG1151	[T]
1	237
1 477	1 36	1 243	1 143	
244	KOG0363	[O]
1	306
1 413	1 112	1 244	1 211	
245	KOG3018	[G]
1	352
1 141	1 126	1 245	1 275	
246	KOG3154	[S]
1	202
1 387	1 220	1 246	1 99	
247	KOG3406	[J]
1	306
1 309	1 350	1 247	1 291	
248	KOG1279	[B]
3	78 97 159
1 180	1 315	1 248	1 140	
249	KOG3016	[I]
0 -1
1 310	1 272	1 249	1 98	
250	KOG3017	[S]
1	241
2 237 313	1 241	1 250	1 248	
251	KOG1074	[K]
1	269
1 67	1 19	1 251	1 254	
252	KOG1377	[F]
1	186
1 355	1 352	1 252	1 124	
253	KOG1375	[Z]
0 -1
2 231 476	1 52	1 253	1 63	
254	KOG0540	[EI]
1	306
1 134	1 430	1 254	1 72	
255	KOG3085	[R]
0 -1
1 191	1 398	1 255	1 92	
256	KOG1802	[A]
1	424
1 392	1 362	1 256	1 199	
257	KOG0369	[C]
1	306
1 155	1 330	1 257	1 222	
258	KOG2310	[L]
1	67
1 397	1 280	1 258	1 131	
259	KOG3478	[O]
1	429
1 131	1 248	1 259	1 166	
260	KOG0100	[O]
2	164 306
2 116 356	1 273	1 260	1 8	
261	KOG0076	[U]
1	153
1 93	1 251	1 261	1 100	
262	KOG3189	[I]
1	352
1 22	1 216	1 262	1 256	
263	KOG1202	[I]
0 -1
1 445	1 114	1 263	1 141	
264	KOG3493	[O]
1	165
1 398	1 229	1 264	1 36	
265	KOG0989	[L]
2	374 87
1 315	1 107	1 265	1 54	
266	euNOG13630	[S]
1	100
1 247	1 445	1 266	1 226	
267	KOG2898	[I]
1	381
1 378	1 343	1 267	1 109	
268	KOG1251	[TE]
0 -1
1 357	1 71	1 268	1 177	
269	KOG0841	[O]
2	251 50
2 33 484	1 257	1 269	1 129	
270	KOG0005	[DO]
0 -1
1 162	1 24	1 270	1 36	
271	KOG0219	[L]
1	274
1 298	1 321	1 271	1 244	
272	KOG4229	[N]
1	112
1 410	1 166	1 272	1 64	
273	KOG1751	[J]
1	321
1 53	1 55	1 273	1 262	
274	KOG0217	[L]
1	271
1 112	1 117	1 274	1 244	
275	KOG0183	[O]
5	284 179 194 31 276
1 383	1 138	1 275	1 157	
276	KOG0181	[O]
7	314 286 170 179 31 275 30
1 443	1 435	1 276	1 157	
277	KOG0185	[O]
1	397
1 124	1 414	1 277	1 157	
278	KOG0184	[O]
7	314 239 371 170 209 31 369
1 147	1 120	1 278	1 157	
279	KOG2016	[O]
1	280
1 474	1 274	1 279	1 68	
280	KOG2015	[O]
1	279
1 213	1 41	1 280	1 68	
281	KOG2150	[K]
1	282
1 432	1 263	1 281	1 51	
282	KOG2151	[KDR]
1	281
1 171	1 1	1 282	1 151	
283	euNOG13644	[R]
1	13
1 347	1 287	1 283	1 219	
284	KOG0176	[O]
2	59 275
1 9	1 104	1 284	1 157	
285	KOG0853	[M]
1	149
1 52	1 448	1 285	1 20	
286	KOG0175	[O]
2	345 276
1 88	1 374	1 286	1 157	
287	KOG0910	[O]
1	433
1 252	1 94	1 287	1 225	
288	KOG0911	[O]
1	128
1 18	1 189	1 288	1 38	
289	euNOG06192	[I]
0 -1
1 87	1 288	1 289	1 191	
290	KOG0096	[U]
1	165
1 301	1 0	1 290	1 100	
291	KOG0179	[O]
4	367 8 111 395
1 212	1 440	1 291	1 157	
292	KOG0326	[A]
2	202 331
1 372	1 422	1 292	1 147	
293	KOG2239	[K]
1	306
1 76	1 444	1 293	1 12	
294	KOG0598	[RT]
1	300
1 411	1 243	1 294	1 143	
295	KOG0595	[OUT]
0 -1
1 468	1 82	1 295	1 143	
296	KOG0590	[D]
1	356
2 5 367	1 54	1 296	1 143	
297	KOG0591	[D]
1	145
1 95	1 67	1 297	1 143	
298	KOG0592	[T]
1	300
1 103	1 320	1 298	1 143	
299	euNOG12302	[L]
1	306
1 270	1 225	1 299	1 67	
300	KOG0690	[T]
4	298 106 294 300
2 403 457	1 434	1 300	1 143	
301	euNOG12308	[T]
1	357
1 330	1 84	1 301	1 181	
302	euNOG12309	[A]
2	303 324
1 229	1 209	1 302	1 207	
303	KOG1588	[A]
5	69 328 302 334 230
1 62	1 437	1 303	1 238	
304	KOG0356	[O]
1	306
1 73	1 169	1 304	1 211	
305	KOG1615	[E]
2	425 241
1 420	1 297	1 305	1 257	
306	KOG0354	[R]
36	91 350 135 208 304 293 306 257 203 115 129 254 260 136 76 158 402 214 316 46 57 333 299 404 372 56 351 323 244 343 411 49 247 310 353 163
3 86 97 300	2 234 319	1 306	1 120	
307	KOG0355	[B]
0 -1
1 291	1 402	1 307	2 70 71	
308	KOG2655	[DZU]
1	5
1 250	1 360	1 308	1 18	
309	KOG2930	[O]
2	362 361
2 154 425	2 144 226	1 309	1 278	
310	KOG4733	[R]
1	306
1 453	1 58	1 310	1 7	
311	KOG1402	[E]
1	380
1 148	1 344	1 311	1 34	
312	KOG1409	[S]
2	205 194
1 54	1 436	1 312	1 73	
313	KOG3293	[A]
3	347 382 349
1 293	1 63	1 313	1 276	
314	KOG3834	[U]
2	276 278
1 32	1 184	1 314	1 159	
315	KOG3523	[T]
1	128
1 430	1 300	1 315	1 260	
316	KOG0523	[G]
1	306
1 209	1 145	1 316	1 22	
317	KOG0526	[KLB]
1	145
1 205	1 411	1 317	2 253 183	
318	KOG2332	[P]
1	318
2 91 437	1 399	1 318	1 150	
319	KOG1534	[K]
1	322
1 181	1 109	1 319	1 100	
320	KOG2882	[P]
0 -1
1 166	1 194	1 320	1 279	
321	KOG2884	[O]
7	156 273 416 62 127 366 120
1 340	1 305	1 321	1 95	
322	KOG1532	[L]
1	319
1 184	1 449	1 322	1 100	
323	KOG0361	[O]
1	306
1 481	1 242	1 323	1 211	
324	KOG1670	[J]
1	302
1 331	1 147	1 324	1 47	
325	KOG0495	[A]
1	217
1 363	1 81	1 325	1 215	
326	KOG2906	[K]
1	17
1 12	1 258	1 326	1 277	
327	KOG3843	[J]
2	78 45
1 441	1 108	1 327	1 187	
328	KOG0145	[A]
1	303
1 46	1 178	1 328	1 7	
329	KOG0001	[OR]
1	44
1 80	1 25	1 329	1 36	
330	euNOG06747	[O]
1	111
1 376	1 412	1 330	1 287	
331	KOG3448	[A]
5	53 11 347 349 292
1 409	1 253	1 331	1 276	
332	KOG2841	[L]
1	206
1 471	1 45	1 332	1 82	
333	KOG0148	[AJ]
1	306
1 27	1 101	1 333	1 7	
334	KOG0144	[A]
1	303
1 326	1 312	1 334	1 7	
335	KOG1946	[K]
1	194
1 338	1 223	1 335	1 2	
336	KOG0817	[I]
0 -1
1 260	1 10	1 336	1 80	
337	KOG0810	[U]
4	145 70 144 86
1 475	1 96	1 337	1 176	
338	KOG4203	[TZ]
2	338 110
2 206 401	2 56 64	1 338	2 46 224	
339	KOG1816	[O]
1	60
1 400	1 291	1 339	1 97	
340	KOG0818	[T]
1	384
1 96	1 293	1 340	1 290	
341	KOG0353	[R]
1	205
1 236	1 123	1 341	1 142	
342	KOG0033	[T]
4	33 10 3 109
2 294 454	2 254 124	1 342	1 143	
343	KOG0138	[E]
1	306
1 351	1 276	1 343	1 223	
344	KOG0139	[I]
0 -1
1 10	1 303	1 344	1 223	
345	KOG0035	[Z]
7	286 371 63 373 88 159 423
1 463	1 310	1 345	1 91	
346	KOG0728	[O]
0 -1
1 412	1 382	1 346	1 74	
347	KOG1782	[A]
3	39 331 313
1 81	1 295	1 347	1 276	
348	KOG0246	[Z]
2	388 173
1 39	1 122	1 348	1 43	
349	KOG1781	[A]
4	24 53 313 331
1 302	1 302	1 349	1 276	
350	KOG4212	[A]
4	393 45 306 92
1 16	1 237	1 350	1 7	
351	KOG0362	[O]
2	427 306
1 408	1 205	1 351	1 211	
352	KOG1663	[Q]
6	262 245 238 382 391 74
1 57	1 74	1 352	1 5	
353	KOG0360	[O]
1	306
1 318	1 159	1 353	1 211	
354	KOG0367	[O]
1	413
1 285	1 212	1 354	1 101	
355	KOG0365	[O]
1	413
1 1	1 327	1 355	1 101	
356	KOG4180	[R]
1	296
1 0	1 296	1 356	1 274	
357	KOG0395	[R]
1	301
3 275 72 308	3 4 177 162	1 357	1 100	
358	KOG0393	[R]
1	380
1 304	1 168	1 358	1 100	
359	KOG0390	[L]
3	402 194 422
2 259 373	1 432	1 359	1 175	
360	euNOG05977	[?]
1	211
1 305	1 379	1 360	1 30	
361	KOG2284	[O]
2	227 309
1 436	1 202	1 361	1 132	
362	KOG2285	[O]
1	309
1 362	1 340	1 362	1 132	
363	KOG1657	[K]
1	173
1 365	1 6	1 363	1 117	
364	KOG2519	[L]
1	428
1 482	1 115	1 364	1 170	
365	KOG1715	[J]
1	414
1 249	1 175	1 365	1 173	
366	KOG0565	[U]
1	321
1 288	1 346	1 366	1 40	
367	KOG0564	[E]
2	170 291
1 71	1 172	1 367	1 138	
368	KOG2267	[L]
1	6
1 176	1 235	1 368	1 188	
369	KOG3396	[M]
4	278 191 120 221
1 246	1 171	1 369	1 193	
370	KOG1561	[K]
0 -1
1 7	1 127	1 370	1 282	
371	KOG0182	[O]
4	15 278 345 170
1 150	1 27	1 371	1 157	
372	KOG0400	[J]
1	306
1 349	1 119	1 372	1 128	
373	KOG0180	[O]
3	397 345 235
1 307	1 354	1 373	1 157	
374	KOG1968	[L]
3	87 105 265
1 245	1 133	1 374	1 54	
375	euNOG11251	[S]
1	376
1 242	1 348	1 375	1 200	
376	KOG1143	[J]
1	375
1 419	1 13	1 376	1 50	
377	KOG1282	[OE]
1	76
1 461	1 201	1 377	1 280	
378	KOG2781	[A]
1	128
1 38	1 401	1 378	1 148	
379	KOG1046	[EO]
0 -1
1 448	1 286	1 379	1 83	
380	euNOG04706	[S]
2	358 311
1 8	1 43	1 380	1 116	
381	euNOG04704	[T]
1	267
1 320	1 79	1 381	1 39	
382	KOG3092	[TDK]
4	352 23 405 313
1 222	1 337	1 382	1 26	
383	KOG2462	[K]
1	211
1 394	1 176	1 383	1 254	
384	KOG4436	[R]
1	340
1 30	1 50	1 384	1 268	
385	KOG2467	[E]
1	105
1 69	1 170	1 385	1 61	
386	KOG0372	[GT]
2	198 154
1 118	1 174	1 386	1 156	
387	KOG1448	[FE]
1	175
1 74	1 60	1 387	1 125	
388	KOG0996	[BD]
2	348 85
2 219 173	1 17	1 388	1 195	
389	KOG1499	[OKT]
1	2
1 217	1 314	1 389	1 66	
390	KOG0276	[U]
1	213
1 391	1 244	1 390	1 73	
391	euNOG04672	[R]
1	352
1 396	1 247	1 391	1 213	
392	euNOG07587	[T]
1	186
1 125	1 198	1 392	1 52	
393	KOG3020	[L]
2	350 27
2 98 274	2 130 256	1 393	1 267	
394	KOG3022	[D]
1	195
1 472	1 369	1 394	1 192	
395	KOG2957	[C]
1	291
1 267	1 196	1 395	1 162	
396	KOG4044	[R]
3	117 24 417
1 172	1 454	1 396	1 76	
397	KOG0173	[O]
2	277 373
1 239	1 151	1 397	1 157	
398	KOG0619	[R]
0 -1
1 102	1 30	1 398	2 160 100	
399	KOG0193	[T]
1	177
2 79 45	2 188 298	1 399	1 143	
400	KOG0196	[T]
1	430
1 43	1 187	1 400	1 143	
401	KOG2005	[O]
2	14 417
1 139	1 20	1 401	1 203	
402	KOG0469	[J]
3	306 27 359
1 174	1 155	1 402	1 19	
403	euNOG13650	[S]
1	103
1 422	1 66	1 403	1 196	
404	euNOG13653	[S]
1	306
1 284	1 214	1 404	1 93	
405	KOG0668	[TDK]
2	168 382
1 343	1 442	1 405	1 143	
406	KOG0660	[T]
0 -1
1 26	1 408	1 406	1 143	
407	KOG0108	[A]
0 -1
1 424	1 240	1 407	1 7	
408	KOG0665	[T]
1	409
1 295	1 376	1 408	1 143	
409	KOG0335	[A]
2	408 424
5 42 63 169 287 483	1 139	1 409	2 147 241	
410	euNOG13678	[S]
1	12
1 276	1 342	1 410	1 119	
411	KOG0408	[J]
1	306
1 333	1 153	1 411	1 201	
412	KOG2638	[G]
1	27
1 197	1 142	1 412	1 79	
413	KOG0530	[O]
2	355 354
1 161	1 180	1 413	1 189	
414	KOG1132	[L]
1	365
1 211	1 105	1 414	1 194	
415	KOG0683	[E]
0 -1
2 192 417	1 245	1 415	1 190	
416	KOG0727	[O]
3	30 321 31
1 332	1 192	1 416	1 74	
417	KOG0726	[O]
2	401 396
1 426	1 404	1 417	1 74	
418	KOG0725	[R]
0 -1
4 341 138 434 369	2 390 86	1 418	1 139	
419	KOG1745	[B]
0 -1
1 371	1 206	1 419	1 218	
420	KOG1013	[U]
1	89
1 223	1 157	1 420	1 13	
421	KOG1626	[C]
1	111
1 167	1 72	1 421	1 247	
422	KOG1556	[O]
2	359 423
1 319	1 384	1 422	1 31	
423	KOG1555	[O]
4	182 123 345 422
1 431	1 301	1 423	1 31	
424	KOG1554	[OT]
3	193 409 256
1 325	1 455	1 424	1 31	
425	KOG2825	[P]
1	305
1 47	1 329	1 425	1 174	
426	KOG3699	[TZ]
1	159
1 29	1 331	1 426	1 86	
427	euNOG06416	[O]
1	351
1 215	1 23	1 427	1 210	
428	KOG0430	[F]
1	364
1 78	1 103	1 428	2 198 197	
429	KOG3048	[O]
1	259
1 449	1 281	1 429	1 243	
430	KOG0439	[U]
1	400
1 55	1 406	1 430	1 25	
431	KOG0531	[T]
0 -1
1 70	1 89	1 431	1 160	
432	KOG1488	[J]
1	226
2 225 265	1 221	1 432	1 234	
433	KOG2732	[L]
1	287
1 185	1 353	1 433	1 179	
293
0	COG3186	[E]
1	4
1 19	1 149	1 197	1 0	
1	NOG87018	[?]
0 -1
1 113	1 371	1 51	1 1	
2	COG5531	[B]
1	127
1 338	1 223	1 335	1 2	
3	COG1071	[C]
1	23
1 292	1 29	1 199	1 3	
4	COG5045	[J]
1	0
1 399	1 5	1 118	1 4	
5	COG4122	[R]
6	256 275 167 26 213 94
1 57	1 74	1 352	1 5	
6	COG0720	[H]
0 -1
1 143	1 49	1 94	1 6	
7	COG0724	[R]
2	120 238
13 14 16 44 46 121 263 27 415 326 89 424 427 453	13 128 418 237 100 178 240 88 101 40 312 347 278 58	13 92 91 350 69 328 407 220 333 221 334 230 90 310	1 7	
8	COG0443	[O]
3	33 120 203
4 116 328 356 416	3 273 185 26	2 260 14	1 8	
9	COG0446	[R]
1	209
1 282	1 207	1 192	1 9	
10	NOG73046	[?]
1	163
1 381	1 131	1 96	1 10	
11	COG0231	[J]
1	273
1 451	1 39	1 242	1 11	
12	COG1308	[K]
1	120
1 76	1 444	1 293	1 12	
13	COG5038	[R]
0 -1
1 223	1 157	1 420	1 13	
14	COG5063	[R]
0 -1
1 258	1 186	1 48	1 14	
15	COG0056	[C]
0 -1
1 455	1 324	1 59	1 15	
16	COG0010	[E]
1	90
1 168	1 116	1 138	1 16	
17	COG5018	[R]
2	120 75
1 296	1 282	1 115	1 17	
18	COG5019	[DZ]
1	18
2 183 250	2 38 360	2 5 308	1 18	
19	COG0480	[J]
1	120
1 174	1 155	1 402	1 19	
20	COG0438	[M]
1	90
1 52	1 448	1 285	1 20	
21	COG0389	[L]
0 -1
1 132	1 334	1 160	1 21	
22	COG0021	[G]
1	120
1 209	1 145	1 316	1 22	
23	COG0022	[C]
1	3
1 297	1 152	1 80	1 23	
24	COG0516	[F]
1	281
1 140	1 383	1 40	1 24	
25	COG5066	[U]
0 -1
1 55	1 406	1 430	1 25	
26	COG5041	[TDK]
6	5 88 212 144 108 276
1 222	1 337	1 382	1 26	
27	COG5032	[TDBLU]
0 -1
1 123	1 419	1 9	1 27	
28	COG1250	[I]
3	56 269 292
2 210 152	2 203 98	1 45	1 28	
29	COG0156	[H]
1	95
1 182	1 380	1 62	1 29	
30	NOG68009	[?]
0 -1
1 305	1 379	1 360	1 30	
31	COG1310	[R]
2	133 81
3 431 319 325	3 301 384 455	3 423 422 424	1 31	
32	COG5025	[K]
0 -1
2 345 243	2 262 73	1 106	1 32	
33	COG5116	[O]
1	8
1 480	1 21	1 164	1 33	
34	COG4992	[E]
1	116
1 148	1 344	1 311	1 34	
35	COG5277	[Z]
0 -1
1 290	1 218	1 200	1 35	
36	COG5272	[O]
3	96 95 230
5 34 66 398 162 80	5 307 452 229 24 25	5 156 157 264 270 329	1 36	
37	NOG70879	[S]
1	164
1 283	1 95	1 35	1 37	
38	COG0278	[O]
1	204
1 18	1 189	1 288	1 38	
39	NOG145133	[T]
1	109
1 320	1 79	1 381	1 39	
40	COG5411	[T]
1	95
1 288	1 346	1 366	1 40	
41	NOG08919	[?]
0 -1
1 253	1 102	1 152	1 41	
42	COG5058	[U]
0 -1
1 186	1 91	1 187	1 42	
43	COG5059	[Z]
0 -1
2 39 264	2 122 195	2 348 102	1 43	
44	COG0477	[GEPR]
0 -1
2 144 440	2 227 289	2 1 4	1 44	
45	COG5100	[Y]
1	97
1 135	1 62	1 60	1 45	
46	COG0572	[F]
2	46 224
2 206 401	2 56 64	1 338	1 46	
47	COG5053	[J]
1	207
1 331	1 147	1 324	1 47	
48	COG1208	[MJ]
1	283
1 99	1 232	1 234	1 48	
49	COG5128	[U]
1	149
1 133	1 65	1 47	1 49	
50	COG5258	[R]
1	200
1 419	1 13	1 376	1 50	
51	COG5665	[K]
1	151
1 432	1 263	1 281	1 51	
52	NOG149107	[?]
1	180
1 125	1 198	1 392	1 52	
53	COG5137	[KB]
0 -1
1 446	1 230	1 237	1 53	
54	COG0470	[L]
3	54 77 272
5 245 48 314 315 196	5 133 265 372 107 231	5 374 139 87 265 142	1 54	
55	COG0372	[C]
0 -1
1 194	1 375	1 8	1 55	
56	COG0699	[R]
1	28
2 21 254	2 35 136	1 218	1 56	
57	COG5126	[TZDR]
0 -1
1 358	1 438	1 19	1 57	
58	COG0052	[J]
1	59
1 251	1 250	1 93	1 58	
59	COG0055	[C]
5	58 289 280 120 137
1 151	1 246	1 76	1 59	
60	COG0057	[G]
3	153 60 120
2 36 35	1 341	1 33	1 60	
61	COG0112	[E]
1	77
1 69	1 170	1 385	1 61	
62	COG5024	[D]
3	255 288 234
4 157 187 402 459	3 179 363 150	2 226 34	1 62	
63	COG5023	[Z]
0 -1
2 231 476	1 52	1 253	1 63	
64	COG5022	[Z]
0 -1
3 111 280 410	3 15 392 166	3 146 148 272	1 64	
65	COG5021	[O]
1	196
1 75	1 3	1 103	1 65	
66	COG0500	[QR]
0 -1
1 217	1 314	1 389	1 66	
67	COG2801	[L]
1	120
1 270	1 225	1 299	1 67	
68	COG0476	[H]
0 -1
2 213 474	2 41 274	2 280 279	1 68	
69	NOG115304	[R]
1	91
1 316	1 431	1 88	1 69	
70	COG0187	[L]
1	142
1 291	1 402	1 307	1 70	
71	COG0188	[L]
1	142
1 291	1 402	1 307	1 71	
72	COG4799	[I]
1	120
1 134	1 430	1 254	1 72	
73	COG2319	[R]
0 -1
9 54 109 128 160 272 230 375 391 442	9 436 244 236 368 377 182 140 18 396	9 312 390 211 37 44 21 169 22 86	1 73	
74	COG1222	[O]
6	74 95 134 203 157 76
5 426 339 332 390 412	5 404 382 191 192 215	5 417 346 31 416 30	1 74	
75	COG0571	[K]
1	17
1 227	1 323	1 7	1 75	
76	COG1335	[Q]
2	278 74
1 172	1 454	1 396	1 76	
77	COG0592	[L]
2	61 54
1 344	1 345	1 105	1 77	
78	COG5333	[DKL]
0 -1
1 233	1 299	1 95	1 78	
79	COG4284	[G]
0 -1
1 197	1 142	1 412	1 79	
80	COG4281	[I]
0 -1
1 260	1 10	1 336	1 80	
81	COG5243	[O]
1	31
1 450	1 239	1 123	1 81	
82	COG5241	[L]
1	288
1 471	1 45	1 332	1 82	
83	COG0308	[E]
0 -1
1 448	1 286	1 379	1 83	
84	COG0733	[R]
1	176
1 117	1 44	1 70	1 84	
85	COG1736	[J]
1	85
2 382 462	2 213 426	1 225	1 85	
86	COG0235	[G]
1	283
1 29	1 331	1 426	1 86	
87	COG0234	[O]
1	120
1 334	1 294	1 163	1 87	
88	COG0540	[F]
1	26
1 107	1 270	1 23	1 88	
89	COG0545	[O]
0 -1
1 266	1 33	1 116	1 89	
90	COG5064	[U]
7	20 16 103 104 107 279 232
1 374	1 99	1 149	1 90	
91	COG5069	[Z]
3	157 69 283
2 177 463	2 259 310	2 10 345	1 91	
92	COG1011	[R]
0 -1
1 191	1 398	1 255	1 92	
93	NOG129145	[?]
1	120
1 284	1 214	1 404	1 93	
94	COG5636	[S]
1	5
1 204	1 359	1 74	1 94	
95	COG5148	[O]
7	36 262 74 29 110 40 245
1 340	1 305	1 321	1 95	
96	COG5145	[L]
2	36 288
1 130	1 69	1 207	1 96	
97	COG5140	[O]
1	45
1 400	1 291	1 339	1 97	
98	COG1946	[I]
0 -1
1 310	1 272	1 249	1 98	
99	COG2042	[S]
0 -1
1 387	1 220	1 246	1 99	
100	COG1100	[R]
2	176 181
11 93 275 72 181 184 214 2 301 308 304 257	11 251 4 177 109 449 233 373 0 162 168 269	10 357 261 358 145 319 322 89 290 144 398	1 100	
101	COG5029	[O]
1	189
2 1 285	2 327 212	2 355 354	1 101	
102	COG0429	[R]
0 -1
1 385	1 366	1 216	1 102	
103	COG2224	[C]
1	90
1 178	1 249	1 126	1 103	
104	COG2225	[C]
1	90
1 178	1 249	1 125	1 104	
105	COG2226	[H]
2	153 145
1 465	1 121	1 109	1 105	
106	COG1064	[R]
1	277
1 106	1 417	1 17	1 106	
107	COG1063	[ER]
2	107 90
2 321 322	1 285	1 18	1 107	
108	COG0505	[EF]
1	26
1 107	1 270	1 23	1 108	
109	COG0204	[I]
1	39
1 378	1 343	1 267	1 109	
110	COG2007	[J]
2	95 193
2 203 289	2 68 77	2 127 191	1 110	
111	COG1467	[L]
2	185 188
1 370	1 308	1 6	1 111	
112	COG1224	[K]
1	112
2 337 348	2 453 395	2 77 119	1 112	
113	COG0045	[C]
0 -1
1 194	1 375	1 8	1 113	
114	COG1161	[R]
1	120
1 90	1 252	1 203	1 114	
115	COG5391	[UR]
1	258
1 473	1 85	1 235	1 115	
116	NOG67545	[?]
1	34
1 8	1 43	1 380	1 116	
117	COG5208	[K]
0 -1
1 365	1 6	1 363	1 117	
118	COG5158	[U]
2	206 161
3 248 384 404	3 22 328 193	2 137 58	1 118	
119	NOG121172	[S]
1	155
1 276	1 342	1 410	1 119	
120	COG1111	[L]
28	223 7 60 229 211 12 120 222 114 17 276 72 8 59 236 19 285 22 250 67 93 128 272 201 233 291 252 87
4 86 97 227 300	3 234 319 323	2 306 7	1 120	
121	COG3173	[R]
1	155
1 191	1 398	0 	1 121	
122	NOG136455	[?]
0 -1
3 60 83 368	2 118 304	1 209	1 122	
123	NOG123992	[R]
0 -1
3 56 311 395	2 388 113	1 196	1 123	
124	COG0461	[F]
1	180
1 355	1 352	1 252	1 124	
125	COG0462	[FE]
1	125
2 74 407	2 60 143	2 387 175	1 125	
126	COG0464	[O]
2	134 226
5 115 195 226 262 218	4 439 403 97 57	4 100 179 180 183	1 126	
127	COG0468	[L]
4	175 220 157 2
1 361	1 183	1 194	1 127	
128	COG0184	[J]
1	120
1 349	1 119	1 372	1 128	
129	COG5040	[T]
2	254 246
2 33 484	1 257	1 269	1 129	
130	COG0295	[F]
1	221
1 447	1 134	1 132	1 130	
131	COG0420	[L]
1	178
1 397	1 280	1 258	1 131	
132	COG5647	[O]
1	278
2 362 436	2 340 202	2 362 361	1 132	
133	COG2147	[J]
1	31
1 59	1 266	1 182	1 133	
134	COG0265	[O]
2	126 74
1 379	1 356	1 190	1 134	
135	COG0120	[G]
1	228
1 65	1 333	1 0	1 135	
136	COG0123	[BQ]
0 -1
3 15 24 127	3 260 336 11	2 189 193	1 136	
137	COG1024	[I]
1	59
3 152 260 352	3 203 10 90	3 45 155 210	1 137	
138	COG0685	[E]
1	157
1 71	1 172	1 367	1 138	
139	COG1028	[IQR]
0 -1
4 341 138 434 369	2 390 86	1 418	1 139	
140	COG5259	[BK]
2	169 283
1 180	1 315	1 248	1 140	
141	COG3321	[Q]
1	180
1 445	1 114	1 263	1 141	
142	COG0514	[L]
3	70 71 239
3 156 163 236	2 123 339	2 32 341	1 142	
143	COG0515	[RTKL]
0 -1
36 5 103 329 26 43 299 79 421 82 85 92 95 108 114 295 294 198 228 105 45 438 343 386 359 58 367 403 411 164 84 454 457 466 478 468 477	32 82 54 320 188 16 408 306 187 446 376 298 8 393 409 67 429 83 254 173 80 441 76 156 442 28 434 243 264 355 124 197 36	30 79 295 296 298 399 188 232 406 228 294 400 185 408 202 78 177 297 201 121 83 342 36 176 178 405 41 300 68 124 243	1 143	
144	COG0044	[F]
1	26
1 107	1 270	1 23	1 144	
145	COG0517	[R]
2	281 105
2 140 452	2 383 317	2 40 84	1 145	
146	COG5030	[U]
0 -1
1 429	1 200	1 101	1 146	
147	COG0513	[LKJ]
0 -1
6 42 63 169 287 372 483	2 139 422	2 409 292	1 147	
148	COG2136	[JA]
1	204
1 38	1 401	1 378	1 148	
149	COG5603	[N]
1	49
1 207	1 367	1 150	1 149	
150	COG1528	[P]
1	150
2 91 437	1 399	1 318	1 150	
151	COG5601	[K]
1	51
1 171	1 1	1 282	1 151	
152	COG0192	[H]
1	152
4 456 312 64 469	1 338	1 134	1 152	
153	COG0194	[F]
3	60 227 105
2 294 119	2 254 135	1 81	1 153	
154	COG1506	[E]
1	259
1 28	1 387	1 104	1 154	
155	COG0631	[T]
2	121 119
1 303	1 92	1 12	1 155	
156	COG0639	[T]
0 -1
3 37 118 335	3 405 174 381	3 26 386 198	1 156	
157	COG0638	[O]
9	159 138 91 157 161 74 281 162 127
11 88 124 147 165 9 212 239 150 307 383 443	11 374 414 120 14 104 440 151 27 354 138 435	11 286 277 278 170 284 291 397 371 373 275 276	1 157	
158	COG1331	[O]
0 -1
1 31	1 378	1 174	1 158	
159	COG5233	[U]
1	157
1 32	1 184	1 314	1 159	
160	COG4886	[S]
0 -1
2 102 70	2 30 89	2 398 431	1 160	
161	COG5325	[U]
2	157 118
1 188	1 292	1 15	1 161	
162	COG1527	[C]
1	157
1 267	1 196	1 395	1 162	
163	COG5201	[O]
2	10 237
1 232	1 427	1 122	1 163	
164	COG0708	[L]
1	37
1 423	1 199	1 61	1 164	
165	COG5256	[J]
0 -1
1 269	1 275	1 73	1 165	
166	COG1382	[O]
1	243
1 131	1 248	1 259	1 166	
167	COG0088	[J]
1	5
1 142	1 311	1 238	1 167	
168	COG1226	[P]
0 -1
1 324	1 190	1 143	1 168	
169	COG0259	[H]
1	140
1 393	1 42	1 97	1 169	
170	COG0258	[L]
2	197 198
1 482	1 115	1 364	1 170	
171	COG0251	[J]
0 -1
1 479	1 46	1 43	1 171	
172	COG0074	[C]
0 -1
1 194	1 375	1 8	1 172	
173	COG0222	[J]
1	194
1 249	1 175	1 365	1 173	
174	COG0003	[P]
1	257
1 47	1 329	1 425	1 174	
175	COG0553	[KL]
1	127
2 259 373	1 432	1 359	1 175	
176	COG5074	[U]
2	100 84
1 475	1 96	1 337	1 176	
177	COG1171	[E]
0 -1
1 357	1 71	1 268	1 177	
178	COG0419	[L]
1	131
1 418	1 160	1 67	1 178	
179	COG1311	[L]
1	225
1 185	1 353	1 433	1 179	
180	COG5641	[K]
3	52 124 141
2 202 354	2 111 415	1 186	1 180	
181	NOG84921	[T]
1	100
1 330	1 84	1 301	1 181	
182	COG0652	[O]
0 -1
2 439 149	2 148 451	2 166 136	1 182	
183	COG5648	[B]
0 -1
1 346	2 411 255	2 317 231	1 183	
184	COG2075	[J]
0 -1
1 360	1 125	1 108	1 184	
185	COG0098	[J]
1	111
1 50	1 48	1 29	1 185	
186	COG0318	[IQ]
0 -1
2 41 244	2 164 34	2 53 54	1 186	
187	COG0076	[E]
0 -1
1 441	1 108	1 327	1 187	
188	COG2219	[L]
1	111
1 176	1 235	1 368	1 188	
189	COG5536	[O]
1	101
1 161	1 180	1 413	1 189	
190	COG0174	[E]
0 -1
2 192 417	1 245	1 415	1 190	
191	COG1073	[R]
0 -1
1 87	1 288	1 289	1 191	
192	COG0489	[D]
1	284
1 472	1 369	1 394	1 192	
193	COG0454	[KR]
2	110 245
1 246	1 171	1 369	1 193	
194	COG1199	[KL]
1	173
1 211	1 105	1 414	1 194	
195	COG1196	[D]
1	195
3 122 219 173	2 389 17	2 85 388	1 195	
196	NOG78814	[S]
1	65
1 422	1 66	1 403	1 196	
197	COG4631	[F]
1	170
1 78	1 103	1 428	1 197	
198	COG4630	[F]
1	170
1 78	1 103	1 428	1 198	
199	COG1112	[L]
0 -1
1 392	1 362	1 256	1 199	
200	NOG75485	[S]
1	50
1 242	1 348	1 375	1 200	
201	COG0100	[J]
1	120
1 333	1 153	1 411	1 201	
202	COG1819	[GC]
0 -1
1 100	1 279	1 65	1 202	
203	COG5110	[O]
2	8 74
1 139	1 20	1 401	1 203	
204	COG5217	[DZ]
3	38 148 260
1 364	1 433	1 128	1 204	
205	COG0105	[F]
0 -1
1 175	1 424	1 133	1 205	
206	NOG147553	[?]
1	118
1 94	1 106	1 131	1 206	
207	NOG74972	[S]
2	238 47
1 229	1 209	1 302	1 207	
208	COG5193	[OJ]
0 -1
1 286	1 335	1 222	1 208	
209	COG1864	[F]
1	9
1 25	1 423	1 75	1 209	
210	COG3917	[Q]
1	211
1 215	1 23	1 427	1 210	
211	COG0459	[O]
3	120 210 265
6 73 306 318 481 408 413	6 169 238 159 242 205 112	6 304 38 353 323 351 244	1 211	
212	COG0458	[EF]
1	26
1 107	1 270	1 23	1 212	
213	NOG82907	[R]
1	5
1 396	1 247	1 391	1 213	
214	COG0326	[O]
0 -1
1 199	1 70	1 154	1 214	
215	COG0457	[R]
0 -1
5 20 189 335 363 458	5 47 161 381 81 370	5 135 215 198 325 241	1 215	
216	COG0323	[L]
2	216 263
2 136 273	2 51 59	2 147 16	1 216	
217	COG5133	[S]
0 -1
1 129	1 137	1 42	1 217	
218	COG2036	[B]
0 -1
2 146 371	2 206 316	2 419 173	1 218	
219	NOG42700	[?]
1	290
1 347	1 287	1 283	1 219	
220	COG5078	[O]
3	252 127 283
7 6 23 145 158 101 350 366	7 204 420 416 75 2 12 407	6 114 112 113 240 217 27	1 220	
221	COG5134	[S]
1	130
1 256	1 32	1 141	1 221	
222	COG1038	[C]
1	120
1 155	1 330	1 257	1 222	
223	COG1960	[I]
1	120
3 10 191 351	3 303 398 276	3 344 107 343	1 223	
224	COG0035	[F]
2	46 224
2 238 401	2 261 64	2 110 338	1 224	
225	COG0526	[OC]
1	179
4 49 252 380 389	4 394 365 94 37	4 168 172 287 224	1 225	
226	NOG124582	[S]
1	126
1 247	1 445	1 266	1 226	
227	NOG87302	[?]
1	153
1 193	1 224	1 3	1 227	
228	COG1241	[L]
1	135
1 13	1 332	1 52	1 228	
229	COG1249	[C]
1	120
1 281	1 325	1 208	1 229	
230	COG5171	[U]
1	36
1 406	1 267	1 165	1 230	
231	COG1626	[G]
0 -1
1 77	1 322	1 82	1 231	
232	COG0626	[E]
1	90
1 271	1 61	1 72	1 232	
233	COG0148	[G]
1	120
1 414	1 110	1 49	1 233	
234	COG5099	[J]
2	62 286
2 225 265	1 221	1 432	1 234	
235	COG5097	[K]
1	266
1 235	1 326	1 130	1 235	
236	COG5095	[K]
1	120
1 170	1 284	1 158	1 236	
237	COG5091	[R]
1	163
1 444	1 154	1 55	1 237	
238	COG5176	[A]
2	7 207
1 62	1 437	1 303	1 238	
239	NOG151311	[?]
1	142
1 467	0 	1 205	1 239	
240	COG5260	[L]
1	283
1 126	1 351	1 233	1 240	
241	COG5082	[OU]
0 -1
1 287	1 139	1 409	1 241	
242	COG0334	[E]
1	276
1 428	1 400	1 39	1 242	
243	COG1730	[O]
1	166
1 449	1 281	1 429	1 243	
244	COG0249	[L]
0 -1
2 298 112	2 321 117	2 271 274	1 244	
245	COG0240	[C]
2	193 95
1 405	1 447	1 120	1 245	
246	COG0846	[K]
1	129
1 353	1 268	1 50	1 246	
247	COG0221	[C]
1	281
1 167	1 72	1 421	1 247	
248	COG2340	[S]
0 -1
2 237 313	1 241	1 250	1 248	
249	NOG68814	[?]
0 -1
1 460	1 385	1 219	1 249	
250	COG0296	[G]
1	120
1 224	1 141	1 46	1 250	
251	COG0303	[H]
0 -1
1 68	1 78	1 239	1 251	
252	COG3391	[S]
2	220 120
2 220 433	2 208 222	1 28	1 252	
253	COG5165	[KLB]
0 -1
1 205	1 411	1 317	1 253	
254	COG5048	[R]
1	129
5 336 221 255 67 394	5 228 31 413 19 176	3 383 66 251	1 254	
255	COG5047	[U]
1	62
1 4	1 318	1 184	1 255	
256	COG0561	[R]
1	5
1 22	1 216	1 262	1 256	
257	COG0560	[E]
1	174
1 420	1 297	1 305	1 257	
258	COG5291	[S]
1	115
1 342	1 397	1 181	1 258	
259	COG5491	[N]
1	154
1 268	1 391	1 204	1 259	
260	COG5422	[T]
1	204
1 430	1 300	1 315	1 260	
261	COG0330	[O]
0 -1
2 323 200	2 211 165	1 99	1 261	
262	COG0089	[J]
1	95
1 53	1 55	1 273	1 262	
263	COG0093	[J]
1	216
1 278	1 386	1 171	1 263	
264	COG2986	[E]
0 -1
1 61	1 158	1 229	1 264	
265	COG2101	[K]
1	211
1 216	1 181	1 161	1 265	
266	COG0086	[K]
1	235
1 201	1 364	1 162	1 266	
267	COG0084	[L]
0 -1
2 98 274	2 130 256	1 393	1 267	
268	NOG119545	[M]
1	290
1 30	1 50	1 384	1 268	
269	COG1362	[E]
1	28
1 208	1 7	1 223	1 269	
270	COG0666	[R]
0 -1
7 153 179 110 159 277 438 327	7 167 361 428 53 349 76 271	4 64 140 63 227	1 270	
271	COG1278	[K]
0 -1
1 470	1 93	1 2	1 271	
272	COG1599	[L]
2	54 120
1 234	1 132	1 56	1 272	
273	COG1899	[O]
1	11
1 120	1 87	1 212	1 273	
274	COG0061	[G]
0 -1
1 0	1 296	1 356	1 274	
275	COG1593	[G]
1	5
1 141	1 126	1 245	1 275	
276	COG1958	[K]
4	276 242 120 26
10 17 40 51 81 104 241 293 302 409 464	10 410 277 129 295 219 146 63 302 253 283	10 25 24 11 347 129 57 313 349 331 151	1 276	
277	COG1594	[K]
1	106
1 12	1 258	1 326	1 277	
278	COG5194	[OD]
2	76 132
3 3 154 425	3 9 144 226	2 117 309	1 278	
279	COG0647	[G]
1	90
1 166	1 194	1 320	1 279	
280	COG2939	[E]
1	59
1 461	1 201	1 377	1 280	
281	COG1184	[J]
5	24 145 157 247 287
1 377	1 290	1 111	1 281	
282	COG5224	[K]
0 -1
1 7	1 127	1 370	1 282	
283	COG5227	[O]
6	86 48 240 140 220 91
1 317	1 313	1 159	1 283	
284	COG4624	[R]
1	192
1 11	1 309	1 195	1 284	
285	COG1204	[R]
1	120
1 190	1 443	1 214	1 285	
286	COG5228	[A]
1	234
1 435	1 358	1 98	1 286	
287	NOG77442	[O]
1	281
1 376	1 412	1 330	1 287	
288	COG1948	[L]
3	96 82 62
2 137 261	2 421 357	2 206 236	1 288	
289	COG0580	[G]
1	59
1 388	1 425	1 71	1 289	
290	COG5347	[U]
2	268 219
2 96 279	2 293 210	2 340 13	1 290	
291	COG1358	[J]
1	120
1 309	1 350	1 247	1 291	
292	NOG131728	[?]
1	28
1 240	1 450	1 153	1 292	
