(1, 630)
(1, 631)
(1, 632)
(1, 633)
(2, 873)
(2, 886)
(2, 888)
(3, 34)
(3, 319)
(8, 33)
(8, 161)
(8, 412)
(8, 413)
(8, 477)
(8, 510)
(8, 650)
(8, 836)
(8, 872)
(8, 964)
(8, 974)
(9, 11)
(9, 30)
(9, 54)
(9, 293)
(9, 408)
(9, 409)
(9, 410)
(9, 635)
(11, 30)
(11, 54)
(11, 84)
(11, 140)
(11, 177)
(11, 187)
(11, 191)
(11, 387)
(11, 389)
(11, 408)
(11, 409)
(11, 427)
(11, 474)
(11, 549)
(11, 558)
(11, 575)
(11, 576)
(11, 579)
(11, 582)
(11, 680)
(11, 681)
(11, 683)
(11, 744)
(11, 761)
(11, 821)
(11, 893)
(11, 938)
(11, 939)
(12, 445)
(12, 491)
(12, 958)
(13, 50)
(14, 636)
(15, 50)
(15, 469)
(15, 476)
(15, 500)
(15, 658)
(15, 677)
(15, 783)
(15, 839)
(15, 930)
(15, 979)
(16, 660)
(20, 28)
(20, 78)
(20, 308)
(20, 320)
(20, 321)
(20, 919)
(21, 232)
(21, 499)
(21, 598)
(21, 658)
(21, 928)
(24, 190)
(24, 195)
(24, 311)
(24, 377)
(24, 522)
(25, 42)
(27, 87)
(27, 332)
(28, 78)
(30, 54)
(30, 115)
(30, 266)
(30, 293)
(30, 408)
(30, 409)
(30, 410)
(30, 429)
(30, 430)
(30, 474)
(30, 549)
(30, 558)
(30, 559)
(30, 606)
(30, 607)
(30, 635)
(30, 683)
(30, 759)
(30, 884)
(30, 898)
(30, 960)
(30, 1097)
(33, 414)
(33, 415)
(35, 98)
(35, 228)
(35, 248)
(35, 648)
(37, 171)
(38, 39)
(38, 77)
(38, 124)
(38, 126)
(38, 340)
(38, 1015)
(40, 227)
(40, 249)
(40, 425)
(41, 190)
(41, 195)
(41, 311)
(43, 115)
(43, 123)
(43, 213)
(43, 359)
(43, 763)
(43, 837)
(43, 941)
(43, 1078)
(45, 67)
(45, 223)
(47, 477)
(47, 695)
(49, 1032)
(49, 1033)
(49, 1036)
(49, 1053)
(50, 85)
(50, 101)
(50, 135)
(50, 198)
(50, 247)
(50, 469)
(50, 476)
(50, 483)
(50, 675)
(50, 754)
(50, 950)
(50, 951)
(50, 954)
(50, 955)
(50, 956)
(50, 1073)
(50, 1095)
(50, 1105)
(52, 116)
(52, 117)
(52, 189)
(52, 206)
(52, 543)
(52, 544)
(52, 545)
(52, 546)
(52, 563)
(52, 598)
(54, 293)
(54, 408)
(54, 409)
(54, 410)
(54, 558)
(54, 635)
(57, 60)
(57, 313)
(57, 804)
(60, 108)
(60, 214)
(60, 215)
(60, 313)
(60, 804)
(62, 63)
(62, 64)
(62, 235)
(62, 236)
(62, 356)
(63, 64)
(63, 356)
(64, 235)
(64, 236)
(64, 356)
(64, 404)
(64, 405)
(67, 121)
(67, 223)
(67, 224)
(67, 299)
(67, 568)
(69, 242)
(70, 146)
(70, 439)
(74, 376)
(74, 539)
(74, 771)
(74, 831)
(76, 680)
(76, 1016)
(76, 1017)
(76, 1018)
(83, 84)
(87, 176)
(87, 332)
(87, 733)
(87, 1099)
(88, 471)
(89, 416)
(89, 417)
(89, 500)
(90, 91)
(90, 188)
(90, 392)
(90, 414)
(90, 521)
(92, 93)
(92, 95)
(92, 307)
(92, 458)
(92, 516)
(93, 95)
(93, 307)
(93, 458)
(93, 516)
(94, 95)
(95, 307)
(95, 458)
(95, 516)
(99, 100)
(99, 103)
(99, 218)
(99, 240)
(101, 200)
(105, 658)
(108, 214)
(108, 215)
(113, 212)
(113, 705)
(115, 213)
(115, 837)
(116, 206)
(116, 543)
(116, 544)
(116, 545)
(116, 546)
(117, 206)
(118, 119)
(118, 479)
(118, 622)
(121, 179)
(121, 299)
(121, 851)
(121, 852)
(121, 853)
(121, 889)
(123, 125)
(123, 766)
(123, 767)
(124, 225)
(124, 428)
(124, 959)
(124, 1025)
(125, 335)
(127, 477)
(127, 510)
(130, 175)
(130, 247)
(130, 396)
(130, 577)
(130, 599)
(130, 1050)
(132, 646)
(132, 961)
(137, 735)
(139, 222)
(139, 355)
(139, 357)
(139, 530)
(139, 565)
(139, 629)
(140, 177)
(140, 227)
(140, 427)
(140, 893)
(140, 1019)
(141, 144)
(141, 166)
(144, 166)
(145, 146)
(145, 439)
(145, 508)
(146, 439)
(146, 508)
(147, 470)
(148, 149)
(148, 218)
(149, 197)
(149, 218)
(150, 151)
(151, 196)
(153, 460)
(154, 286)
(155, 157)
(155, 254)
(159, 322)
(159, 525)
(159, 588)
(159, 647)
(159, 655)
(159, 656)
(159, 659)
(159, 741)
(159, 745)
(159, 746)
(160, 187)
(160, 237)
(161, 964)
(162, 226)
(162, 584)
(164, 165)
(164, 418)
(164, 419)
(164, 420)
(164, 423)
(164, 424)
(164, 788)
(164, 789)
(164, 798)
(164, 799)
(164, 953)
(165, 191)
(165, 420)
(165, 423)
(165, 424)
(165, 788)
(165, 789)
(166, 167)
(166, 168)
(166, 169)
(166, 301)
(167, 168)
(167, 169)
(167, 301)
(168, 169)
(168, 301)
(169, 301)
(171, 210)
(171, 255)
(171, 330)
(171, 462)
(171, 464)
(171, 472)
(171, 519)
(171, 589)
(171, 661)
(171, 877)
(172, 173)
(172, 174)
(172, 175)
(172, 463)
(172, 611)
(173, 174)
(173, 175)
(173, 698)
(174, 175)
(175, 238)
(175, 239)
(175, 339)
(175, 342)
(175, 396)
(175, 490)
(175, 499)
(175, 553)
(175, 599)
(175, 668)
(175, 724)
(175, 786)
(175, 803)
(175, 916)
(175, 934)
(177, 227)
(177, 256)
(177, 257)
(177, 395)
(177, 893)
(178, 201)
(180, 190)
(180, 195)
(181, 182)
(181, 498)
(183, 184)
(183, 185)
(184, 185)
(186, 187)
(187, 191)
(187, 233)
(187, 575)
(187, 582)
(189, 206)
(190, 195)
(190, 311)
(190, 550)
(190, 551)
(190, 552)
(190, 597)
(190, 642)
(190, 767)
(190, 780)
(190, 792)
(190, 816)
(190, 863)
(190, 963)
(191, 192)
(191, 216)
(191, 575)
(191, 582)
(192, 925)
(192, 926)
(193, 194)
(194, 268)
(194, 270)
(194, 354)
(195, 311)
(195, 529)
(195, 550)
(195, 551)
(195, 552)
(195, 597)
(195, 642)
(195, 748)
(195, 749)
(195, 780)
(195, 816)
(195, 863)
(198, 483)
(199, 202)
(199, 208)
(199, 560)
(201, 338)
(201, 687)
(201, 688)
(201, 717)
(202, 203)
(202, 291)
(204, 205)
(204, 242)
(204, 407)
(205, 723)
(205, 760)
(205, 1071)
(205, 1072)
(205, 1079)
(207, 208)
(208, 560)
(210, 211)
(210, 519)
(211, 1026)
(212, 323)
(212, 324)
(212, 325)
(212, 326)
(212, 454)
(212, 534)
(212, 535)
(212, 538)
(212, 539)
(212, 540)
(212, 541)
(212, 542)
(212, 554)
(212, 555)
(212, 663)
(212, 787)
(212, 918)
(212, 931)
(212, 932)
(212, 1075)
(213, 240)
(213, 346)
(213, 533)
(213, 608)
(213, 609)
(213, 763)
(213, 792)
(213, 837)
(213, 871)
(213, 995)
(213, 1076)
(214, 215)
(218, 219)
(220, 221)
(220, 222)
(221, 222)
(225, 234)
(225, 493)
(225, 561)
(225, 849)
(225, 959)
(226, 227)
(226, 584)
(228, 229)
(228, 230)
(228, 248)
(228, 648)
(228, 685)
(229, 230)
(231, 232)
(231, 946)
(232, 664)
(232, 809)
(232, 946)
(234, 561)
(235, 236)
(235, 570)
(235, 571)
(237, 1023)
(238, 239)
(238, 407)
(238, 736)
(238, 743)
(238, 803)
(238, 998)
(238, 1102)
(239, 307)
(239, 342)
(239, 499)
(239, 553)
(239, 557)
(239, 724)
(239, 756)
(239, 873)
(240, 871)
(240, 968)
(240, 970)
(241, 242)
(242, 407)
(242, 556)
(243, 595)
(244, 468)
(245, 246)
(245, 247)
(246, 247)
(246, 781)
(247, 577)
(247, 781)
(247, 844)
(247, 1050)
(247, 1112)
(248, 341)
(248, 365)
(248, 648)
(249, 250)
(250, 347)
(250, 348)
(250, 349)
(250, 493)
(250, 594)
(251, 252)
(251, 742)
(251, 764)
(253, 254)
(254, 258)
(254, 322)
(254, 591)
(254, 689)
(254, 690)
(254, 691)
(254, 692)
(254, 740)
(254, 742)
(254, 752)
(254, 757)
(254, 797)
(254, 1080)
(254, 1081)
(254, 1110)
(256, 257)
(257, 365)
(259, 260)
(259, 261)
(259, 262)
(259, 263)
(259, 333)
(259, 334)
(259, 465)
(260, 262)
(261, 262)
(261, 333)
(261, 334)
(261, 465)
(262, 263)
(262, 333)
(262, 334)
(262, 465)
(262, 651)
(262, 652)
(262, 723)
(262, 778)
(262, 779)
(266, 429)
(266, 960)
(268, 270)
(270, 317)
(270, 318)
(270, 354)
(270, 445)
(270, 622)
(279, 457)
(286, 632)
(286, 673)
(286, 676)
(290, 296)
(290, 814)
(291, 341)
(291, 385)
(291, 548)
(291, 648)
(291, 790)
(293, 408)
(293, 409)
(293, 410)
(293, 635)
(296, 900)
(296, 1008)
(299, 459)
(304, 305)
(304, 307)
(304, 499)
(305, 307)
(307, 458)
(307, 495)
(307, 516)
(308, 518)
(311, 529)
(313, 804)
(313, 944)
(313, 1012)
(317, 318)
(320, 321)
(322, 741)
(322, 745)
(323, 324)
(323, 325)
(323, 326)
(324, 325)
(324, 326)
(325, 326)
(326, 453)
(326, 454)
(326, 787)
(327, 328)
(329, 341)
(331, 332)
(331, 407)
(331, 906)
(331, 1074)
(332, 712)
(332, 822)
(332, 1099)
(333, 334)
(334, 768)
(334, 769)
(336, 338)
(337, 338)
(337, 569)
(338, 474)
(338, 569)
(338, 612)
(338, 715)
(338, 716)
(338, 717)
(338, 718)
(339, 557)
(339, 666)
(339, 667)
(339, 668)
(340, 562)
(340, 665)
(341, 365)
(341, 384)
(341, 397)
(341, 428)
(341, 441)
(341, 548)
(341, 583)
(341, 657)
(341, 1025)
(342, 343)
(344, 345)
(345, 371)
(345, 372)
(345, 461)
(345, 480)
(346, 582)
(346, 821)
(347, 348)
(347, 349)
(347, 457)
(348, 349)
(349, 585)
(349, 620)
(349, 684)
(349, 796)
(349, 812)
(350, 351)
(350, 352)
(350, 562)
(350, 735)
(351, 352)
(353, 426)
(353, 427)
(355, 629)
(358, 654)
(358, 669)
(358, 670)
(358, 671)
(358, 672)
(363, 392)
(365, 859)
(365, 860)
(365, 1054)
(371, 372)
(371, 461)
(372, 461)
(373, 1027)
(373, 1028)
(376, 726)
(376, 771)
(376, 772)
(376, 831)
(377, 386)
(377, 547)
(377, 578)
(377, 587)
(377, 721)
(380, 381)
(384, 519)
(387, 388)
(387, 389)
(388, 389)
(392, 446)
(392, 521)
(392, 674)
(392, 807)
(394, 646)
(396, 599)
(403, 484)
(404, 405)
(404, 1077)
(406, 407)
(407, 454)
(407, 599)
(407, 694)
(407, 714)
(407, 947)
(408, 409)
(408, 410)
(408, 635)
(409, 410)
(409, 635)
(410, 635)
(411, 445)
(411, 899)
(411, 958)
(412, 413)
(414, 415)
(414, 566)
(416, 417)
(416, 500)
(418, 419)
(418, 420)
(419, 420)
(421, 422)
(422, 512)
(423, 424)
(426, 427)
(427, 602)
(428, 441)
(429, 960)
(430, 600)
(430, 606)
(430, 607)
(430, 759)
(430, 884)
(430, 898)
(432, 528)
(432, 721)
(432, 722)
(436, 531)
(436, 654)
(436, 738)
(436, 739)
(436, 840)
(436, 952)
(439, 508)
(441, 583)
(441, 662)
(441, 747)
(442, 608)
(445, 491)
(445, 622)
(445, 678)
(445, 943)
(445, 957)
(445, 958)
(446, 447)
(446, 457)
(446, 737)
(446, 807)
(449, 732)
(451, 605)
(451, 878)
(451, 1104)
(453, 454)
(455, 478)
(455, 512)
(455, 727)
(455, 733)
(455, 734)
(455, 856)
(456, 690)
(456, 765)
(457, 693)
(457, 818)
(458, 516)
(461, 814)
(466, 467)
(468, 469)
(468, 628)
(468, 682)
(469, 628)
(470, 500)
(471, 523)
(473, 474)
(473, 475)
(474, 475)
(474, 481)
(474, 482)
(474, 612)
(474, 646)
(474, 721)
(475, 481)
(475, 482)
(475, 601)
(477, 510)
(478, 512)
(481, 482)
(482, 601)
(483, 484)
(485, 486)
(486, 548)
(490, 916)
(491, 957)
(493, 594)
(499, 567)
(499, 885)
(499, 924)
(499, 928)
(503, 504)
(503, 832)
(503, 833)
(503, 834)
(503, 835)
(504, 832)
(504, 833)
(504, 834)
(504, 835)
(511, 512)
(512, 586)
(512, 753)
(515, 516)
(519, 817)
(519, 877)
(519, 940)
(524, 1055)
(525, 526)
(525, 527)
(525, 745)
(525, 829)
(526, 527)
(527, 829)
(530, 565)
(531, 532)
(531, 654)
(531, 738)
(531, 739)
(531, 840)
(531, 952)
(534, 535)
(536, 537)
(536, 557)
(538, 539)
(538, 540)
(538, 541)
(538, 542)
(539, 540)
(539, 541)
(539, 542)
(539, 771)
(539, 831)
(540, 541)
(540, 542)
(541, 542)
(543, 544)
(543, 545)
(543, 546)
(543, 971)
(543, 991)
(543, 999)
(544, 545)
(544, 546)
(545, 546)
(547, 578)
(548, 777)
(550, 863)
(551, 552)
(553, 632)
(553, 668)
(553, 724)
(553, 786)
(554, 555)
(557, 756)
(557, 762)
(557, 966)
(566, 770)
(566, 782)
(567, 928)
(570, 571)
(570, 572)
(571, 572)
(571, 758)
(573, 574)
(574, 726)
(574, 771)
(575, 582)
(580, 581)
(581, 719)
(581, 725)
(581, 726)
(582, 821)
(585, 684)
(585, 812)
(588, 655)
(588, 656)
(588, 659)
(588, 746)
(590, 594)
(590, 649)
(592, 593)
(592, 634)
(593, 634)
(594, 649)
(594, 929)
(595, 900)
(598, 1111)
(603, 604)
(603, 605)
(604, 605)
(605, 625)
(605, 626)
(605, 627)
(605, 878)
(605, 1104)
(606, 607)
(608, 763)
(608, 792)
(609, 774)
(609, 775)
(609, 995)
(610, 891)
(610, 920)
(610, 1002)
(611, 842)
(611, 913)
(616, 958)
(616, 1047)
(620, 623)
(620, 653)
(623, 653)
(625, 626)
(625, 627)
(626, 627)
(627, 878)
(630, 631)
(630, 632)
(630, 633)
(631, 632)
(631, 633)
(632, 633)
(632, 850)
(640, 780)
(640, 883)
(640, 1106)
(646, 721)
(646, 875)
(647, 659)
(647, 746)
(647, 794)
(647, 795)
(648, 790)
(651, 652)
(653, 654)
(653, 713)
(653, 728)
(654, 669)
(654, 670)
(654, 671)
(654, 672)
(654, 738)
(654, 739)
(655, 656)
(659, 746)
(666, 667)
(666, 668)
(667, 668)
(669, 670)
(669, 671)
(669, 672)
(670, 671)
(670, 672)
(671, 672)
(678, 679)
(678, 1055)
(684, 812)
(687, 688)
(689, 690)
(689, 691)
(689, 692)
(690, 692)
(690, 765)
(691, 692)
(691, 742)
(692, 752)
(692, 791)
(692, 793)
(692, 870)
(692, 873)
(692, 888)
(692, 891)
(692, 992)
(692, 994)
(692, 1096)
(694, 714)
(704, 837)
(704, 843)
(704, 879)
(704, 923)
(713, 869)
(714, 947)
(715, 716)
(715, 717)
(715, 718)
(716, 717)
(716, 718)
(717, 718)
(720, 721)
(721, 722)
(723, 760)
(725, 726)
(726, 771)
(726, 772)
(736, 743)
(738, 739)
(741, 745)
(742, 764)
(746, 770)
(748, 749)
(750, 751)
(750, 846)
(750, 858)
(750, 904)
(750, 980)
(750, 988)
(750, 989)
(750, 990)
(751, 846)
(751, 858)
(751, 904)
(751, 980)
(751, 988)
(751, 989)
(751, 990)
(754, 755)
(762, 854)
(762, 855)
(762, 966)
(763, 792)
(763, 837)
(766, 767)
(768, 769)
(770, 782)
(771, 772)
(771, 830)
(771, 831)
(772, 830)
(772, 831)
(773, 776)
(773, 777)
(774, 775)
(778, 779)
(778, 965)
(782, 815)
(783, 784)
(783, 839)
(783, 930)
(783, 979)
(785, 933)
(785, 971)
(788, 789)
(791, 888)
(791, 891)
(792, 837)
(792, 848)
(793, 888)
(794, 800)
(798, 799)
(805, 874)
(805, 908)
(805, 933)
(805, 945)
(805, 1013)
(805, 1014)
(805, 1062)
(805, 1085)
(809, 975)
(810, 811)
(811, 834)
(811, 972)
(811, 1082)
(811, 1089)
(811, 1090)
(813, 814)
(814, 823)
(814, 917)
(814, 927)
(818, 819)
(820, 928)
(826, 827)
(826, 828)
(826, 1087)
(827, 828)
(827, 996)
(828, 874)
(828, 935)
(828, 967)
(828, 996)
(828, 1108)
(828, 1109)
(830, 831)
(832, 833)
(832, 834)
(832, 835)
(833, 834)
(833, 835)
(834, 835)
(834, 1004)
(837, 1098)
(838, 839)
(838, 840)
(838, 841)
(838, 930)
(839, 840)
(839, 841)
(839, 930)
(839, 979)
(840, 841)
(840, 930)
(840, 952)
(841, 930)
(845, 846)
(846, 847)
(846, 858)
(846, 904)
(846, 980)
(846, 988)
(846, 989)
(846, 990)
(850, 1092)
(851, 852)
(851, 853)
(852, 853)
(854, 855)
(858, 904)
(858, 980)
(858, 988)
(858, 989)
(858, 990)
(859, 860)
(865, 867)
(871, 962)
(873, 886)
(873, 887)
(873, 888)
(873, 891)
(873, 894)
(873, 895)
(873, 896)
(873, 897)
(873, 994)
(873, 1096)
(874, 908)
(874, 933)
(874, 1048)
(880, 881)
(880, 882)
(880, 982)
(881, 882)
(881, 948)
(881, 982)
(881, 1094)
(882, 982)
(883, 1106)
(886, 888)
(887, 888)
(887, 892)
(888, 891)
(890, 891)
(891, 920)
(891, 994)
(891, 1002)
(892, 894)
(892, 895)
(892, 896)
(894, 895)
(894, 896)
(894, 897)
(895, 896)
(895, 897)
(896, 897)
(899, 914)
(899, 915)
(900, 902)
(904, 980)
(904, 988)
(904, 989)
(904, 990)
(908, 933)
(908, 1048)
(909, 911)
(911, 1101)
(914, 915)
(919, 997)
(920, 921)
(920, 922)
(920, 1002)
(921, 922)
(925, 926)
(926, 1070)
(928, 1049)
(930, 979)
(933, 945)
(933, 971)
(933, 972)
(933, 973)
(933, 1048)
(933, 1085)
(933, 1107)
(936, 937)
(937, 1003)
(937, 1051)
(937, 1052)
(938, 939)
(940, 1000)
(940, 1100)
(941, 1078)
(948, 972)
(948, 982)
(948, 986)
(948, 987)
(948, 1005)
(948, 1006)
(948, 1007)
(948, 1046)
(948, 1093)
(948, 1094)
(954, 955)
(954, 956)
(955, 956)
(958, 1047)
(965, 1083)
(965, 1084)
(967, 996)
(968, 970)
(969, 970)
(971, 1048)
(972, 973)
(972, 986)
(976, 977)
(976, 978)
(977, 978)
(980, 988)
(980, 989)
(980, 990)
(981, 982)
(982, 1094)
(987, 1005)
(988, 989)
(988, 990)
(989, 990)
(991, 999)
(993, 994)
(993, 1103)
(1003, 1051)
(1003, 1052)
(1006, 1007)
(1013, 1014)
(1016, 1017)
(1016, 1018)
(1017, 1018)
(1027, 1028)
(1028, 1069)
(1028, 1113)
(1032, 1033)
(1032, 1035)
(1032, 1036)
(1032, 1086)
(1033, 1086)
(1051, 1052)
(1069, 1113)
(1071, 1072)
(1080, 1081)
(1081, 1110)
(1083, 1084)
(1089, 1090)
(1108, 1109)
