0 1 1
2 3 1
2 4 1
3 4 1
0 5 1
5 6 1
7 8 1
2 9 1
2 10 1
3 10 1
9 10 1
2 11 1
3 11 1
10 11 1
11 12 1
9 13 1
10 13 1
7 14 1
8 14 1
10 14 1
2 15 1
10 15 1
6 16 1
13 17 1
18 19 1
13 20 1
17 20 1
16 21 1
21 22 1
20 23 1
9 24 1
13 24 1
20 24 1
23 24 1
22 25 1
9 26 1
10 26 1
13 26 1
9 27 1
10 27 1
13 27 1
24 27 1
26 27 1
28 29 1
18 30 1
19 30 1
31 32 1
27 33 2
33 34 1
0 35 1
1 35 1
25 36 1
34 37 1
36 38 1
30 39 1
38 40 1
26 41 1
27 42 1
41 42 1
9 43 1
10 43 1
13 43 1
15 43 1
24 43 1
26 43 1
27 43 1
33 43 2
37 43 1
40 44 1
10 45 1
30 45 1
39 45 1
44 46 1
46 47 1
47 48 1
49 50 1
0 51 1
50 51 1
52 53 1
2 54 1
35 55 1
14 56 1
32 57 1
15 58 1
58 59 1
10 60 5
56 60 1
10 61 1
15 61 1
45 61 1
52 62 1
53 62 1
2 63 1
9 63 1
15 63 1
54 64 1
15 65 1
10 66 1
66 67 1
10 68 1
31 68 1
57 68 1
0 69 1
51 69 1
9 70 1
27 70 1
43 70 1
55 71 1
71 72 1
72 73 1
62 74 1
29 75 1
10 76 1
15 76 1
45 76 1
61 76 1
73 77 1
77 78 1
78 79 1
9 81 1
10 81 1
13 81 1
43 81 1
80 81 1
82 83 1
7 85 1
9 85 1
10 85 1
14 85 1
24 85 1
26 85 1
27 85 1
43 85 1
84 85 1
2 86 1
9 86 1
10 86 1
13 86 1
15 86 1
24 86 1
27 86 1
43 86 1
85 86 1
9 87 1
15 87 1
63 87 1
86 87 1
15 88 1
60 88 1
79 89 1
15 90 1
85 90 1
86 90 1
15 91 1
85 91 1
88 91 1
91 92 1
89 93 1
93 94 1
92 95 1
83 96 1
21 97 1
94 97 1
10 98 1
10 99 1
98 99 1
10 100 1
10 101 1
100 101 1
95 102 1
59 103 1
21 104 1
96 105 1
103 105 1
102 106 1
64 107 1
87 107 1
74 108 1
80 109 1
85 109 1
85 110 1
109 110 1
5 111 1
104 111 1
106 112 1
112 113 1
9 114 1
27 114 1
43 114 1
70 114 1
87 114 1
107 114 1
99 115 1
10 116 1
68 116 1
85 116 1
84 117 1
11 118 1
62 118 1
108 118 1
82 119 1
83 119 1
10 120 1
66 120 1
98 120 1
101 120 1
65 121 1
88 121 1
113 122 1
10 123 1
81 123 1
85 124 1
85 125 1
124 125 1
76 126 1
76 127 1
126 127 1
15 128 1
87 128 1
122 128 1
10 129 1
67 129 1
81 129 1
120 129 1
123 129 1
10 130 1
15 130 1
57 130 1
68 130 1
116 130 1
11 131 1
118 131 1
85 132 1
117 132 1
99 133 1
115 133 1
120 133 1
85 134 1
125 134 1
110 135 1
7 136 1
10 136 1
14 136 1
15 136 1
85 136 1
116 136 1
130 136 1
11 137 1
131 137 1
26 138 1
81 138 1
129 138 1
2 139 1
11 139 1
137 139 1
76 140 1
10 141 1
15 141 1
76 141 1
140 141 1
9 142 1
10 142 5
13 142 5
26 142 1
42 142 1
43 142 1
138 142 1
10 143 1
66 143 1
98 143 1
101 143 1
120 143 1
129 143 1
133 143 1
0 144 1
43 144 1
109 144 1
110 144 1
135 144 1
10 145 1
66 145 1
67 145 1
129 145 1
10 146 1
68 146 1
98 146 1
99 146 1
115 146 1
116 146 1
120 146 1
130 146 1
133 146 1
10 147 1
15 147 1
60 147 1
65 147 1
88 147 1
91 147 1
136 147 1
8 148 1
14 148 1
15 149 1
86 149 1
90 149 1
91 149 1
145 150 1
10 151 1
15 151 1
76 151 1
127 151 1
141 151 1
147 151 1
139 152 1
110 153 1
132 153 1
154 155 1
152 156 1
155 157 1
10 158 1
158 159 1
156 160 1
41 161 1
136 162 1
162 163 1
157 164 1
159 165 1
165 166 1
26 167 1
27 167 1
161 167 1
109 168 1
110 168 2
160 169 1
107 170 1
169 170 1
166 171 1
164 172 1
172 173 1
109 174 1
132 174 1
153 174 1
10 175 1
14 175 1
15 175 1
60 175 1
65 175 1
68 175 1
116 175 1
130 175 1
136 175 1
146 175 1
147 175 1
171 176 1
173 177 1
133 178 1
146 178 1
179 180 1
180 181 1
181 182 1
166 183 1
176 183 1
58 184 1
183 184 1
85 185 1
109 185 1
124 185 7
132 185 2
153 185 1
174 185 1
0 186 1
144 186 1
182 187 1
177 188 1
10 189 1
15 189 1
45 189 1
61 189 1
68 189 1
116 189 1
136 189 1
140 189 1
141 189 1
146 189 1
27 190 1
34 190 1
43 190 1
86 190 1
2 191 1
11 191 1
131 191 1
137 191 1
80 193 1
110 193 1
192 193 1
188 194 1
187 195 1
15 196 1
136 196 1
147 196 1
196 197 1
187 198 1
195 198 1
15 199 1
136 199 1
147 199 1
163 199 1
5 200 1
150 200 1
197 201 1
162 202 1
202 203 1
198 204 1
57 206 1
205 206 1
196 207 1
201 207 1
80 209 1
109 209 1
208 209 1
207 210 1
198 211 1
204 211 1
67 212 1
129 212 1
192 212 1
193 212 1
213 214 1
88 215 1
147 215 1
196 215 2
207 215 1
210 215 1
194 216 1
214 217 1
126 218 1
127 218 1
211 219 1
88 220 1
215 220 1
200 221 1
124 222 1
174 222 1
185 222 1
26 223 1
138 223 1
142 223 1
223 224 1
126 225 1
127 225 1
187 226 1
217 227 1
10 228 1
101 228 1
31 229 1
216 229 1
203 230 1
224 231 1
219 232 1
232 233 1
26 234 1
231 234 1
5 235 1
76 236 1
127 236 1
236 237 1
238 239 1
126 240 1
225 240 1
126 241 1
225 241 1
240 241 1
232 242 1
233 242 1
15 243 1
86 243 1
0 244 1
10 244 1
66 244 1
143 244 2
144 244 1
10 245 1
66 245 1
244 245 1
7 246 1
206 246 1
10 247 1
217 247 1
227 247 1
239 248 1
242 249 1
15 250 1
163 251 1
230 251 1
10 252 1
237 252 1
248 253 1
247 254 1
10 255 1
13 255 1
43 255 1
81 255 1
129 255 1
253 256 1
109 257 1
109 258 1
174 258 1
126 259 1
137 260 1
139 260 1
256 261 1
27 262 1
43 262 1
257 263 1
236 264 1
259 264 1
249 265 1
52 266 1
62 266 1
118 266 1
137 266 1
198 267 1
219 267 1
263 268 1
67 269 1
81 269 5
109 269 5
145 269 7
221 269 1
264 270 1
265 271 1
139 272 1
80 273 1
81 273 1
268 273 1
132 274 1
153 274 1
15 275 2
136 275 1
275 276 1
10 277 1
126 277 1
26 278 1
27 278 1
80 278 1
85 278 1
142 278 1
161 278 1
185 278 1
271 279 1
62 280 1
74 280 1
272 281 1
81 282 1
273 282 1
11 283 1
281 283 1
2 284 1
54 284 1
87 284 1
261 285 1
286 287 1
175 288 1
276 288 1
279 289 1
247 290 1
254 290 1
215 291 1
287 292 1
293 294 1
138 295 1
142 295 1
289 296 1
66 297 1
143 297 1
10 298 1
225 298 1
240 298 1
285 299 1
192 300 1
193 300 1
296 301 1
0 302 1
0 303 1
302 303 1
235 304 1
175 305 1
13 306 1
175 306 1
305 306 1
302 307 1
302 308 1
236 309 1
153 310 1
174 310 1
185 310 1
301 311 1
110 312 1
185 312 7
109 313 1
310 313 1
132 314 1
153 314 1
174 314 1
185 314 1
310 314 1
315 316 1
317 318 1
153 319 1
294 320 1
270 321 1
309 321 1
267 322 1
319 323 1
291 324 1
316 325 1
318 326 1
325 327 1
181 328 1
310 329 1
323 329 1
45 330 1
292 331 1
14 332 1
85 332 1
320 332 1
326 333 1
66 334 1
244 334 1
245 334 1
304 334 1
327 335 1
335 336 1
15 337 1
199 337 1
5 338 1
303 338 1
331 339 1
333 340 1
330 341 1
3 342 1
254 342 1
311 343 1
302 344 1
308 344 1
307 345 1
88 346 1
324 346 1
343 347 1
336 348 1
328 349 1
200 350 1
192 351 1
27 352 1
81 352 1
123 352 2
129 352 1
138 352 1
255 352 1
340 353 1
290 354 1
338 355 1
303 356 1
356 357 1
348 358 1
182 359 1
349 359 1
162 360 1
347 360 1
307 361 1
345 361 1
214 362 1
247 362 2
76 363 1
341 363 1
354 364 1
365 366 1
0 367 1
302 367 1
303 367 1
299 368 1
0 369 1
302 369 1
361 370 1
353 371 1
355 372 1
129 373 1
192 373 1
255 373 1
351 373 1
352 373 1
358 374 1
375 376 1
364 377 1
200 378 1
269 378 1
350 378 1
379 380 1
366 381 1
382 383 1
0 384 1
371 384 1
385 386 1
308 387 1
344 387 1
367 387 1
386 388 1
155 389 1
164 389 1
10 390 1
158 390 1
377 390 1
374 391 1
269 392 1
378 392 1
132 393 1
85 394 1
185 394 2
394 395 1
381 396 1
376 397 1
398 399 1
388 400 1
5 401 1
338 401 1
355 401 1
372 401 1
367 402 1
85 403 1
91 403 1
90 404 1
403 404 1
384 405 1
406 407 1
391 408 1
396 409 1
400 410 1
11 411 1
303 412 1
385 412 1
402 412 1
110 413 1
101 414 1
270 414 1
219 416 1
415 416 1
401 417 1
386 418 1
388 418 1
410 418 1
412 418 1
419 420 1
409 421 1
408 422 1
405 423 1
422 424 1
423 425 1
15 426 1
136 426 1
147 426 1
162 426 1
163 426 1
199 426 1
368 426 1
0 427 1
213 429 1
428 429 1
362 430 1
421 431 1
3 432 1
411 432 1
81 433 1
129 433 1
230 434 1
196 435 1
397 435 1
431 436 1
424 437 1
10 438 1
11 438 1
342 438 1
432 438 1
370 439 1
425 440 1
430 441 1
0 442 1
399 443 1
27 444 1
109 445 1
174 445 1
7 446 1
60 446 1
85 447 1
134 447 1
448 449 1
450 451 1
13 452 1
175 452 1
407 452 1
0 453 1
418 453 1
10 454 1
85 454 1
175 454 1
31 456 1
455 456 1
457 458 1
367 459 1
302 460 1
303 460 1
355 460 1
367 460 1
401 460 1
417 460 1
461 462 1
86 463 1
149 463 1
404 463 1
451 464 1
338 465 1
355 465 1
450 465 1
459 465 1
35 466 1
51 466 1
440 466 1
441 467 1
437 468 1
55 469 1
453 469 1
11 470 1
383 470 1
9 471 1
26 471 1
43 471 1
436 472 1
473 474 1
3 475 1
10 475 1
438 475 1
476 477 1
460 478 1
464 478 1
61 479 1
419 479 1
162 480 1
302 481 1
367 481 1
230 482 1
434 482 1
395 483 1
151 484 1
420 484 1
0 485 1
453 485 1
467 486 1
302 487 1
367 487 1
481 487 1
439 488 1
442 489 1
338 490 1
460 490 1
200 491 1
80 492 1
81 492 1
473 493 1
474 493 1
383 494 1
468 494 1
472 495 1
496 497 1
379 498 1
275 500 1
499 500 1
463 501 1
475 502 1
489 503 1
495 504 1
357 505 1
486 506 1
503 507 1
508 509 1
493 510 1
85 511 1
110 511 1
413 511 1
85 512 1
124 512 1
483 512 1
513 514 1
339 515 1
443 516 1
393 517 1
518 519 1
132 520 1
274 520 1
519 521 1
521 522 1
518 523 1
522 523 1
85 524 1
124 524 1
185 524 1
299 525 1
302 526 1
527 528 1
303 529 1
367 529 1
460 529 1
498 530 1
427 531 1
3 532 1
10 532 1
11 532 1
438 532 1
502 532 1
506 533 1
488 534 1
482 535 1
212 536 1
458 536 1
510 537 1
60 538 1
446 538 1
68 539 1
449 539 1
302 540 1
507 541 1
426 542 1
461 542 1
86 543 1
463 543 1
501 543 1
117 544 1
530 545 1
386 546 1
418 546 1
523 547 1
82 548 1
493 548 1
537 548 1
541 549 1
545 550 1
126 551 1
218 551 1
380 552 1
536 552 1
514 553 1
383 554 1
470 554 1
494 554 1
509 555 1
556 557 1
533 558 1
10 559 1
532 559 1
516 560 1
517 561 1
491 562 1
401 563 1
564 565 1
547 566 1
550 567 1
568 569 1
497 570 1
504 571 1
535 572 1
85 573 1
124 573 1
512 573 1
524 573 1
378 574 1
392 574 1
561 575 1
205 576 1
577 578 1
477 579 1
566 580 1
109 581 1
110 581 1
168 581 1
560 581 1
124 582 1
185 582 1
483 582 1
512 582 1
524 582 1
462 583 1
528 584 1
575 585 1
254 586 1
290 586 1
571 586 1
531 587 1
549 588 1
200 589 1
562 589 1
313 590 1
553 591 1
572 592 1
580 593 1
593 594 1
18 595 1
45 595 1
557 595 1
15 596 1
136 596 1
147 596 1
199 596 1
275 596 1
426 596 1
542 596 1
515 597 1
290 598 1
558 598 1
534 599 1
555 600 1
163 601 1
592 601 1
588 602 1
594 603 1
85 604 1
511 604 1
417 605 1
460 605 1
563 605 1
584 606 1
607 608 1
578 609 1
81 610 1
269 610 1
583 611 1
525 612 1
109 613 1
590 613 1
191 614 1
339 614 1
515 614 1
597 614 1
602 615 1
587 616 1
600 617 1
117 618 1
544 618 1
619 620 1
9 621 1
27 621 1
63 621 1
620 622 1
622 623 1
624 625 1
626 627 1
364 628 1
390 628 1
126 629 1
269 630 1
589 630 1
579 631 1
31 632 1
32 632 1
57 632 1
611 633 1
633 634 1
60 635 1
175 635 1
636 637 1
638 639 1
585 640 1
641 642 1
461 643 1
612 643 1
322 644 1
385 645 1
587 645 1
616 645 1
623 646 1
639 647 1
642 648 1
609 649 1
615 650 1
603 651 1
648 652 1
647 653 1
650 654 1
569 655 1
625 656 1
312 657 1
591 658 1
528 659 1
606 659 1
570 660 1
640 661 1
662 663 1
651 664 1
11 665 1
494 665 1
554 665 1
10 666 1
98 666 1
99 666 1
644 666 1
338 667 1
490 667 1
267 668 1
646 669 1
275 670 1
305 670 1
629 671 1
668 672 1
654 673 1
412 674 1
645 674 1
661 675 1
634 676 1
663 677 1
27 678 1
627 678 1
655 679 1
126 680 1
680 681 1
223 682 1
379 682 1
567 682 1
610 682 2
630 682 1
631 683 1
80 685 1
684 685 1
203 686 1
666 686 1
7 687 1
576 687 1
671 688 1
669 689 1
382 690 1
672 691 1
10 692 1
147 692 1
564 692 1
565 692 1
688 693 1
664 694 1
50 695 1
690 696 1
689 697 1
677 698 1
697 699 1
656 700 1
655 701 1
679 701 1
693 702 1
649 703 1
618 704 1
694 705 1
137 706 1
621 706 1
85 707 1
278 707 1
707 708 1
676 709 1
261 710 1
637 710 1
673 711 1
10 712 1
15 712 1
60 712 1
147 712 1
635 712 1
657 713 1
633 714 1
617 715 1
626 715 1
653 716 1
420 717 1
652 718 1
383 719 1
696 719 1
82 720 1
701 720 1
713 721 1
698 722 1
702 723 1
703 724 1
718 725 1
460 726 1
709 727 1
704 728 1
683 729 1
675 730 1
723 731 1
699 732 1
660 733 1
258 734 1
608 735 1
691 736 1
716 737 1
451 738 1
726 738 1
711 739 1
722 740 1
721 741 1
725 742 1
743 744 1
705 745 1
745 746 1
5 747 1
338 747 1
744 748 1
748 749 1
732 750 1
745 751 1
746 751 1
749 752 1
752 753 1
685 754 1
85 755 1
116 755 1
247 756 1
290 756 1
342 756 1
586 756 1
598 756 1
18 757 1
45 757 1
136 758 1
305 758 1
700 759 1
658 760 1
618 761 1
728 761 1
82 762 1
720 762 1
378 763 1
731 764 1
765 766 1
369 767 1
599 767 1
88 768 1
717 768 1
729 768 1
714 769 1
356 770 1
356 771 1
379 772 1
733 772 1
753 773 1
746 774 1
751 774 1
741 775 1
742 776 1
776 777 1
773 778 1
750 779 1
3 780 1
438 780 1
740 780 1
743 781 1
778 781 1
778 782 1
781 782 1
50 783 1
531 783 1
695 783 1
737 784 1
782 785 1
785 786 1
784 787 1
779 788 1
570 789 1
660 789 1
681 790 1
293 791 1
739 792 1
761 793 1
794 795 1
189 796 1
542 796 1
797 798 1
621 799 1
678 799 1
777 800 1
730 801 1
766 802 1
189 803 1
769 803 1
641 804 1
786 805 1
26 806 1
43 806 1
85 806 1
200 806 1
223 806 1
610 806 1
630 806 1
682 806 1
804 807 1
708 808 1
788 809 1
800 810 1
807 811 1
805 812 1
812 813 1
813 814 1
811 815 1
786 816 1
812 816 1
487 817 1
809 818 1
759 819 1
815 820 1
820 821 1
814 822 1
787 823 1
822 824 1
824 825 1
821 826 1
792 827 1
826 828 1
823 829 1
825 830 1
70 831 1
659 831 1
274 832 1
117 833 1
724 833 1
162 834 1
267 834 1
296 834 1
736 834 1
790 835 1
110 836 1
775 836 1
80 837 1
754 837 1
249 838 1
265 838 1
139 839 1
156 839 1
840 841 1
136 842 1
86 843 1
798 844 1
771 845 1
830 846 1
846 847 1
238 848 1
841 848 1
828 849 1
829 850 1
825 851 1
774 852 1
816 853 1
847 853 1
850 854 1
851 855 1
849 856 1
854 857 1
293 858 1
791 858 1
818 859 1
819 860 1
419 861 1
727 861 1
844 862 1
138 863 1
864 865 1
764 866 1
81 867 1
269 867 1
630 867 1
817 868 1
179 869 1
415 869 1
855 870 1
816 871 1
871 872 1
303 873 1
367 873 1
870 874 1
802 875 1
706 876 1
735 876 1
852 877 1
874 878 1
872 879 1
778 880 1
879 880 1
857 881 1
875 882 1
302 883 1
868 883 1
801 884 1
505 885 1
878 886 1
793 887 1
877 888 1
827 889 1
531 890 1
587 890 1
886 891 1
891 892 1
0 893 1
302 893 1
885 893 1
872 894 1
892 894 1
881 895 1
0 896 1
356 896 1
505 896 1
576 897 1
858 897 1
27 899 1
70 899 1
898 899 1
835 900 1
190 901 1
734 902 1
859 903 1
0 904 1
772 905 1
27 907 1
906 907 1
856 908 1
0 909 1
356 909 1
808 910 1
274 911 1
520 911 1
832 911 1
887 912 1
888 913 1
879 914 1
810 915 1
903 916 1
587 917 1
770 918 1
909 918 1
882 919 1
914 920 1
887 921 1
912 921 1
920 922 1
908 923 1
845 924 1
897 925 1
760 926 1
378 927 1
795 928 1
862 929 1
302 930 1
369 930 1
919 931 1
922 932 1
932 933 1
913 934 1
916 935 1
933 936 1
936 937 1
895 938 1
923 939 1
937 940 1
931 941 1
934 942 1
900 943 1
768 944 1
341 945 1
860 946 1
941 947 1
947 948 1
889 949 1
915 949 1
866 950 1
940 951 1
743 952 1
951 952 1
52 953 1
286 953 1
865 954 1
14 955 1
925 955 1
942 956 1
948 957 1
926 958 1
939 959 1
957 960 1
960 961 1
961 962 1
956 963 1
935 964 1
963 965 1
917 966 1
962 967 1
924 968 1
778 969 1
383 970 1
470 970 1
554 970 1
85 971 1
884 971 1
145 972 1
200 972 1
621 973 1
799 973 1
945 974 1
153 975 1
928 975 1
946 976 1
10 977 1
965 978 1
14 979 1
85 979 1
116 979 1
136 979 1
206 979 1
755 979 1
899 980 1
906 980 1
907 980 1
638 981 1
356 982 1
921 983 1
969 984 1
86 985 1
910 985 1
967 986 1
984 987 1
982 988 1
988 989 1
989 990 1
990 991 1
986 992 1
981 993 1
992 994 1
994 995 1
991 996 1
996 997 1
997 998 1
964 999 1
995 1000 1
998 1001 1
983 1002 1
1000 1003 1
915 1004 1
959 1005 1
1003 1006 1
993 1007 1
976 1008 1
921 1009 1
1002 1009 1
863 1010 1
473 1011 1
943 1011 1
85 1012 1
110 1012 1
449 1013 1
938 1014 1
1005 1015 1
91 1016 1
901 1016 1
944 1017 1
1015 1018 1
915 1019 1
999 1020 1
1018 1021 1
1006 1022 1
974 1023 1
1022 1024 1
1024 1025 1
1021 1026 1
1001 1027 1
1025 1028 1
15 1029 1
91 1029 1
141 1029 1
1017 1029 1
555 1030 1
600 1030 1
449 1031 1
958 1032 1
331 1033 1
1034 1035 1
269 1036 1
574 1036 1
927 1036 1
1014 1037 1
905 1038 1
1028 1039 1
200 1040 1
954 1040 1
1026 1041 1
968 1042 1
1037 1043 1
1007 1044 1
1043 1045 1
909 1046 1
1045 1047 1
1004 1048 1
1027 1049 1
595 1050 1
18 1051 1
633 1051 1
757 1051 1
1050 1051 1
1048 1052 1
929 1053 1
1010 1054 1
1023 1055 1
379 1056 1
610 1056 1
1009 1057 1
10 1058 1
126 1058 1
43 1059 2
269 1059 1
1020 1060 1
978 1061 1
1047 1062 1
415 1063 1
416 1063 1
950 1064 1
630 1065 1
1065 1066 1
1067 1068 1
1061 1069 1
1041 1070 1
1062 1071 1
1049 1072 1
1070 1073 1
1069 1074 1
1071 1075 1
1072 1076 1
1046 1077 1
1035 1078 1
902 1079 1
1055 1080 1
1057 1081 1
1074 1082 1
0 1083 1
893 1083 1
1060 1084 1
1073 1085 1
1077 1086 1
401 1087 1
490 1087 1
1019 1088 1
1068 1089 1
1076 1090 1
969 1091 1
1089 1092 1
1082 1093 1
1078 1094 1
473 1095 1
363 1096 1
1080 1096 1
290 1097 1
1008 1097 1
132 1098 1
610 1099 1
1038 1099 1
1090 1100 1
1081 1101 1
1053 1102 1
1103 1104 1
1044 1105 1
739 1106 1
1052 1106 1
984 1107 1
1042 1108 1
1075 1109 1
1100 1110 1
1110 1111 1
1086 1112 1
1092 1113 1
1107 1114 1
1084 1115 1
1081 1116 1
1101 1116 1
1093 1117 1
937 1118 1
1114 1118 1
1118 1119 1
1033 1120 1
1085 1121 1
1109 1122 1
1113 1123 1
1095 1124 1
1119 1125 1
1122 1126 1
208 1127 1
1115 1128 1
109 1129 1
1054 1129 1
463 1130 1
543 1130 1
1094 1131 1
10 1132 1
1064 1132 1
1111 1133 1
1121 1133 1
1134 1135 1
1031 1136 1
1134 1137 1
927 1139 1
1138 1139 1
1123 1140 1
175 1141 1
419 1142 1
484 1142 1
1128 1143 1
1125 1144 1
1135 1145 1
1112 1146 1
398 1147 1
1104 1147 1
1117 1148 1
1144 1149 1
1149 1150 1
1145 1151 1
1140 1152 1
1133 1153 1
1146 1154 1
1124 1155 1
1151 1156 1
1148 1157 1
132 1158 1
520 1158 1
1116 1158 1
922 1159 1
1152 1160 1
1102 1161 1
780 1162 1
907 1163 1
980 1163 1
1032 1164 1
58 1165 1
1155 1165 1
13 1166 1
1141 1166 1
137 1167 1
1079 1168 1
1157 1169 1
1170 1171 1
1156 1172 1
1172 1173 1
1174 1175 1
617 1176 1
1173 1177 1
1160 1178 1
1169 1179 1
752 1180 1
936 1180 1
1177 1181 1
1181 1182 1
1154 1183 1
1161 1184 1
1143 1185 1
1179 1186 1
1171 1187 1
1178 1188 1
1182 1189 1
1183 1190 1
1191 1192 1
27 1193 1
1131 1193 1
52 1194 1
137 1195 1
1186 1196 1
1189 1197 1
1136 1198 1
1188 1199 1
384 1200 1
1153 1201 1
1112 1202 1
1192 1202 1
219 1203 1
416 1203 1
1187 1204 1
1088 1205 1
1197 1206 1
1206 1207 1
1207 1208 1
1208 1209 1
1199 1210 1
1205 1211 1
515 1212 1
1120 1212 1
1210 1213 1
1213 1214 1
1211 1215 1
1185 1216 1
1209 1217 1
1215 1218 1
200 1219 1
109 1220 1
27 1221 1
70 1221 1
899 1221 1
907 1221 1
1163 1221 1
81 1222 1
1066 1222 1
470 1223 1
1162 1223 1
5 1224 1
1105 1225 1
1214 1226 1
1226 1227 1
418 1228 1
966 1228 1
10 1229 1
778 1230 1
85 1231 1
109 1231 1
110 1231 1
124 1231 1
135 1231 1
144 1231 1
581 1231 1
684 1231 1
1175 1232 1
1111 1233 1
1217 1234 1
1230 1235 1
1112 1236 1
1227 1237 1
673 1238 1
1216 1238 1
1126 1239 1
1237 1240 1
1218 1241 1
1070 1242 1
1201 1242 1
1235 1243 1
1241 1244 1
1240 1245 1
1233 1246 1
1246 1247 1
1225 1248 1
1204 1249 1
33 1250 1
37 1250 1
190 1250 1
1020 1251 1
1196 1251 1
1247 1252 1
927 1253 1
1167 1254 1
1195 1254 1
1198 1255 1
1243 1256 1
1257 1258 1
1184 1259 1
1245 1260 1
1252 1261 1
1261 1262 1
1244 1263 1
1236 1264 1
1234 1265 1
1260 1266 1
1265 1267 1
1256 1268 1
473 1269 1
680 1269 1
1190 1270 1
1266 1271 1
1268 1272 1
1271 1273 1
1263 1274 1
1273 1275 1
383 1276 1
614 1276 1
1220 1277 1
81 1278 1
1222 1278 1
1168 1279 1
1164 1280 1
1036 1281 1
1253 1281 1
1275 1282 1
1267 1283 1
1219 1284 1
1091 1285 1
1272 1285 1
896 1286 1
1264 1286 1
1262 1287 1
1283 1288 1
1282 1289 1
1249 1290 1
1289 1291 1
1287 1292 1
1070 1293 1
1293 1294 1
1291 1295 1
1288 1296 1
1295 1297 1
624 1298 1
124 1299 1
185 1299 1
312 1299 1
1259 1300 1
5 1301 1
278 1302 1
1279 1302 1
135 1303 1
1280 1303 1
1176 1304 1
1239 1305 1
1284 1306 1
85 1307 1
1297 1308 1
650 1309 1
993 1310 1
1007 1310 1
1248 1310 1
1292 1311 1
1296 1312 1
1308 1313 1
1312 1314 1
641 1315 1
1274 1315 1
1313 1316 1
1294 1317 1
602 1318 1
1309 1318 1
1316 1319 1
26 1320 1
27 1320 1
138 1320 1
255 1320 1
1059 1320 1
1298 1321 1
1277 1322 1
11 1323 1
470 1323 1
76 1324 1
419 1324 1
1108 1325 1
1326 1327 1
1290 1328 1
1314 1329 1
205 1330 1
1255 1330 1
1258 1331 1
1319 1332 1
1224 1333 1
1311 1334 1
1334 1335 1
55 1336 1
469 1336 1
1329 1337 1
1332 1338 1
896 1339 1
1338 1340 1
1310 1341 1
1335 1342 1
1337 1343 1
1317 1344 1
1344 1345 1
356 1346 1
1339 1346 1
1304 1347 1
394 1348 1
1098 1348 1
139 1349 1
470 1349 1
607 1350 1
1194 1350 1
269 1351 1
610 1351 1
806 1351 1
1306 1352 1
1331 1352 1
1345 1353 1
1153 1354 1
1343 1355 1
1342 1356 1
1355 1357 1
1353 1358 1
638 1359 1
1341 1359 1
1358 1360 1
588 1361 1
1362 1363 1
1356 1364 1
1362 1364 1
1357 1365 1
356 1367 1
1366 1367 1
1363 1368 1
1366 1368 1
1365 1369 1
568 1370 1
1321 1370 1
1371 1372 1
1232 1373 1
1300 1374 1
109 1375 1
209 1375 1
1340 1376 1
505 1377 1
1270 1377 1
1305 1378 1
1344 1378 1
1369 1379 1
1354 1380 1
1361 1381 1
1376 1382 1
1379 1383 1
1360 1384 1
1383 1385 1
26 1386 1
799 1386 1
138 1387 1
1010 1387 1
1388 1389 1
1352 1390 1
1373 1390 1
1385 1391 1
1380 1392 1
1382 1393 1
1391 1394 1
1372 1395 1
1374 1396 1
1394 1397 1
1325 1398 1
1398 1399 1
1397 1400 1
1393 1401 1
1396 1402 1
1384 1403 1
1400 1404 1
1347 1405 1
135 1406 1
332 1407 1
403 1407 1
1392 1408 1
1401 1409 1
1333 1410 1
1408 1411 1
1409 1412 1
1395 1413 1
884 1414 1
1402 1414 1
1405 1415 1
1403 1416 1
1412 1417 1
1411 1418 1
1418 1419 1
503 1420 1
1381 1420 1
1417 1421 1
11 1422 1
139 1422 1
144 1423 1
1231 1423 1
190 1424 1
1195 1424 1
15 1425 1
65 1425 1
88 1425 1
147 1425 1
1194 1426 1
1328 1426 1
1404 1427 1
1421 1428 1
1415 1429 1
1427 1430 1
1428 1431 1
1410 1432 1
1416 1433 1
1430 1434 1
1429 1435 1
1431 1436 1
1434 1437 1
132 1438 1
174 1438 1
129 1439 1
1413 1440 1
269 1441 1
630 1442 1
1065 1442 1
1406 1443 1
1419 1444 1
1365 1445 1
1437 1445 1
1435 1446 1
885 1447 1
1436 1448 1
503 1449 1
1433 1450 1
1399 1451 1
1448 1452 1
1365 1453 1
223 1454 1
1389 1454 1
568 1455 1
45 1456 1
61 1456 1
41 1457 1
167 1457 1
278 1457 1
1390 1458 1
1390 1459 1
1432 1460 1
110 1461 1
1443 1461 1
1450 1462 1
1452 1463 1
1447 1464 1
0 1465 1
1449 1465 1
1453 1466 1
1440 1467 1
1463 1468 1
1462 1469 1
126 1470 1
127 1470 1
551 1470 1
1468 1471 1
1466 1472 1
85 1473 1
185 1473 1
1469 1474 1
1327 1475 1
778 1476 1
1464 1477 1
1471 1478 1
1476 1479 1
1474 1480 1
1480 1481 1
1472 1482 1
1455 1483 1
1478 1484 1
1481 1485 1
1485 1486 1
1320 1487 1
1467 1487 1
641 1488 1
1486 1488 1
1444 1489 1
1479 1490 1
1482 1491 1
1490 1492 1
1296 1493 1
1491 1493 1
1484 1494 1
1492 1495 1
1483 1496 1
15 1497 1
43 1497 1
144 1497 1
1423 1497 2
9 1498 1
27 1498 1
43 1498 1
1446 1499 1
1460 1500 1
1495 1501 1
1459 1502 1
150 1503 1
972 1503 1
1441 1503 1
419 1504 1
1494 1505 1
1501 1506 1
1506 1507 1
1451 1508 1
1507 1509 1
1509 1510 1
1496 1511 1
1510 1512 1
1512 1513 1
1296 1514 1
1505 1515 1
1499 1516 1
303 1517 1
367 1517 1
1477 1517 1
0 1519 1
1518 1519 1
1504 1520 1
1502 1521 1
1458 1522 1
1513 1523 1
1515 1524 1
1523 1525 1
1091 1526 1
1525 1526 1
1267 1527 1
1514 1527 1
1524 1528 1
236 1529 1
977 1529 1
1516 1530 1
1528 1531 1
1531 1532 1
1267 1533 1
1503 1534 1
1522 1534 1
1533 1535 1
1532 1536 1
356 1537 1
1508 1537 1
1536 1538 1
1511 1539 1
1538 1540 1
1535 1541 1
1540 1542 1
1530 1543 1
1500 1544 1
203 1545 1
403 1546 1
463 1546 1
1541 1547 1
1542 1548 1
1018 1549 1
1521 1550 1
1489 1551 1
1551 1552 1
1419 1553 1
1549 1553 1
1548 1554 1
1547 1555 1
1555 1556 1
1556 1557 1
1554 1558 1
1558 1559 1
1539 1560 1
1543 1561 1
136 1562 1
633 1562 1
1552 1563 1
1557 1564 1
1564 1565 1
1565 1566 1
1559 1567 1
1566 1568 1
1568 1569 1
126 1570 1
225 1570 1
240 1570 1
190 1571 1
1320 1572 1
136 1573 1
1307 1573 1
1569 1574 1
1574 1575 1
1567 1576 1
1575 1577 1
1563 1578 1
1578 1579 1
1550 1580 1
1576 1581 1
1577 1582 1
1582 1583 1
1579 1584 1
621 1585 1
1561 1585 1
1301 1586 1
196 1587 1
1520 1587 1
608 1588 1
621 1588 1
1583 1589 1
1584 1590 1
1503 1591 1
1581 1592 1
1137 1593 1
1589 1593 1
1590 1594 1
1592 1595 1
1594 1596 1
938 1597 1
1596 1597 1
1484 1598 1
1595 1598 1
27 1599 1
1571 1599 1
1560 1600 1
1350 1601 1
1239 1602 1
1544 1603 1
1580 1604 1
144 1605 1
1475 1605 1
1572 1606 1
646 1607 1
1603 1608 1
1608 1609 1
1609 1610 1
972 1611 1
1591 1611 1
1604 1611 1
1602 1612 1
1612 1613 1
1610 1614 1
1613 1615 1
619 1616 1
1607 1616 1
1600 1617 1
8 1618 1
14 1618 1
1615 1619 1
1614 1620 1
1620 1621 1
1524 1622 1
1622 1623 1
1121 1624 1
1619 1624 1
131 1625 1
1601 1625 1
136 1626 1
185 1626 1
163 1627 1
1051 1627 1
1623 1628 1
1621 1629 1
1617 1630 1
1628 1631 1
1631 1632 1
1606 1633 1
137 1634 1
706 1634 1
1167 1634 1
132 1635 1
185 1635 1
153 1636 1
1629 1637 1
895 1638 1
457 1639 1
458 1639 1
1632 1640 1
1611 1641 1
1637 1642 1
1640 1643 1
166 1644 1
1630 1644 1
85 1645 1
293 1645 1
1642 1646 1
1643 1647 1
1646 1648 1
1647 1649 1
1638 1650 1
1649 1651 1
1648 1652 1
1650 1653 1
1653 1654 1
1651 1655 1
1652 1656 1
1654 1657 1
1655 1658 1
1657 1659 1
1659 1660 1
200 1661 1
1059 1661 2
1586 1661 1
1658 1662 1
1191 1663 1
1270 1663 1
1662 1664 1
1664 1665 1
1376 1666 1
1665 1666 1
1633 1667 1
26 1668 1
231 1668 1
1656 1669 1
1641 1670 1
185 1671 1
1636 1671 1
610 1672 1
1351 1672 1
1660 1673 1
1673 1674 1
1669 1675 1
1066 1676 1
1674 1677 1
1677 1678 1
1670 1679 1
1667 1680 1
1675 1681 1
1679 1682 1
1681 1683 1
1678 1684 1
1683 1685 1
1680 1686 1
1684 1687 1
1685 1688 1
356 1689 1
1366 1689 1
1585 1690 1
1686 1690 1
136 1691 1
162 1691 1
199 1691 2
356 1692 1
1692 1693 1
1693 1694 1
1687 1695 1
1694 1696 1
200 1697 1
1688 1697 1
638 1698 1
1695 1698 1
1696 1699 1
1699 1700 1
81 1701 1
1222 1701 1
527 1702 1
659 1702 1
1682 1703 1
76 1704 1
91 1704 1
15 1705 2
43 1705 1
144 1705 1
1423 1705 2
378 1706 1
392 1706 1
1036 1706 1
136 1707 1
185 1707 1
0 1708 1
549 1708 1
1361 1708 1
162 1709 1
163 1709 2
202 1709 2
480 1709 1
1703 1710 1
190 1711 1
86 1712 1
1711 1712 1
1710 1713 1
1713 1714 1
1714 1715 1
1200 1716 1
1715 1716 1
1200 1717 1
1039 1718 1
1718 1719 1
1719 1720 1
986 1721 1
1720 1721 1
1107 1722 1
1717 1723 1
995 1724 1
1000 1724 1
1723 1725 1
785 1726 1
1725 1727 1
1726 1728 1
1728 1729 1
1729 1730 1
1730 1731 1
1000 1732 1
1731 1733 1
1733 1734 1
1732 1735 1
1734 1736 1
1735 1737 1
1167 1738 1
1195 1738 1
851 1739 1
1736 1739 1
1703 1740 1
1727 1740 1
1737 1741 1
1741 1742 1
247 1743 1
290 1743 1
1742 1744 1
1528 1745 1
1592 1745 1
1592 1746 1
1746 1747 1
1559 1748 1
1747 1748 1
109 1749 1
313 1750 1
1749 1750 1
1559 1751 1
1751 1752 1
1752 1753 1
1753 1754 1
1754 1755 1
1755 1756 1
1756 1757 1
1757 1758 1
1598 1759 1
1758 1759 1
13 1760 1
367 1761 1
1517 1761 1
1327 1762 1
1605 1762 1
803 1763 1
11 1764 1
369 1765 1
1340 1766 1
534 1767 1
1765 1767 1
1766 1768 1
1768 1769 1
1769 1770 1
150 1771 1
1591 1771 1
1641 1771 1
1770 1772 1
542 1773 1
1772 1774 1
633 1775 1
1763 1775 1
1774 1776 1
1289 1777 1
1776 1777 1
1504 1778 1
1587 1778 1
1291 1779 1
1779 1780 1
1780 1781 1
1781 1782 1
1782 1783 1
1783 1784 1
1784 1785 1
1785 1786 1
1786 1787 1
1787 1788 1
1788 1789 1
1789 1790 1
1790 1791 1
1771 1792 1
1791 1793 1
1793 1794 1
332 1795 1
403 1795 1
1773 1796 1
1794 1797 1
1797 1798 1
1796 1799 1
1798 1800 1
534 1801 1
1435 1802 1
1499 1802 1
1800 1803 1
1792 1804 1
1803 1805 1
525 1806 1
1799 1806 1
1113 1807 1
1805 1807 1
462 1808 1
611 1808 1
587 1809 1
645 1809 1
1113 1810 1
1810 1811 1
525 1812 1
587 1813 1
1811 1814 1
1521 1815 1
1804 1815 1
1814 1816 1
370 1817 1
1801 1817 1
1809 1818 1
1813 1818 1
1503 1819 1
610 1820 1
462 1821 1
1347 1822 1
1415 1822 1
1764 1823 1
139 1824 1
1823 1824 1
1458 1825 1
1819 1825 1
1078 1826 1
1131 1826 1
550 1827 1
15 1828 1
250 1828 1
419 1829 1
484 1829 1
423 1830 1
440 1830 1
1521 1831 1
515 1832 1
1120 1832 1
905 1833 1
1820 1833 1
384 1834 1
423 1834 1
498 1835 1
1827 1835 1
1390 1836 1
1831 1836 1
5 1837 1
1333 1837 1
384 1838 1
340 1839 1
1838 1839 1
722 1840 1
780 1840 1
660 1841 1
772 1841 1
1232 1842 1
1390 1842 1
318 1843 1
333 1843 1
86 1844 1
501 1844 1
452 1845 1
900 1846 1
1011 1846 1
976 1847 1
1097 1847 1
1845 1848 1
1064 1849 1
1036 1850 1
1219 1851 1
1306 1851 1
1039 1852 1
1331 1852 1
86 1853 1
764 1854 1
1849 1854 1
927 1855 1
1850 1855 1
190 1856 1
1016 1856 1
1327 1857 1
1518 1857 1
86 1858 1
910 1858 1
927 1859 1
1138 1859 1
608 1860 1
876 1860 1
275 1861 1
1760 1861 1
1327 1862 1
1862 1863 1
1475 1864 1
1762 1864 2
1863 1864 1
144 1865 1
1605 1865 1
0 1866 2
10 1866 1
0 1867 1
10 1867 1
0 1868 1
291 1869 1
346 1869 1
1423 1870 1
1868 1870 1
9 1871 1
43 1871 1
162 1872 1
163 1872 2
196 1873 2
1691 1873 2
