13 14 247
13 15 15
13 673 237
14 15 247
15 306 367
15 673 237
17 18 240
17 19 240
17 381 485
18 19 202
18 20 240
18 45 202
18 117 235
18 293 256
18 320 307
18 381 471
18 434 307
18 435 326
18 472 354
18 500 448
18 527 432
18 614 448
18 792 307
18 854 448
19 20 206
19 45 202
19 51 424
19 117 235
19 227 206
19 292 256
19 293 256
19 305 471
19 320 299
19 381 471
19 434 307
19 435 326
19 472 309
19 500 448
19 527 439
19 528 439
19 614 383
19 792 307
19 854 448
20 45 206
20 51 439
20 227 206
20 292 256
20 293 256
20 320 299
20 459 319
20 460 323
20 461 323
20 472 309
20 500 448
20 608 439
20 614 383
20 854 448
28 29 227
28 44 26
28 77 28
28 82 29
28 84 29
28 343 50
28 344 50
28 526 453
28 911 28
28 912 28
30 31 242
31 298 136
31 336 106
31 934 125
44 49 259
44 305 461
44 343 50
44 344 50
45 227 206
45 251 269
48 49 97
49 263 167
49 270 259
49 717 396
49 748 294
49 822 13
50 51 149
50 52 149
50 98 151
50 213 265
51 52 52
51 98 151
51 143 375
51 213 265
51 232 60
51 233 43
51 236 43
51 320 416
51 505 310
51 506 310
51 574 52
51 608 411
51 875 60
52 98 186
52 574 52
68 69 129
68 171 205
68 241 205
69 171 205
69 241 205
69 769 472
71 72 177
71 656 382
72 338 166
72 358 58
72 365 186
72 409 69
72 656 382
72 803 467
72 804 467
76 77 161
77 136 161
77 266 248
77 267 171
77 411 192
77 605 407
77 606 407
77 622 171
77 912 28
77 992 414
77 1093 414
82 83 138
82 84 29
83 84 138
83 132 183
83 136 200
83 606 315
83 820 315
83 1005 361
84 355 96
84 1056 366
89 91 159
89 950 159
89 951 159
89 1034 159
89 1068 159
90 91 9
90 168 162
90 169 109
90 170 109
90 171 109
90 179 11
90 198 258
90 199 258
90 286 162
90 310 109
90 339 333
90 436 154
90 450 9
90 463 270
90 473 258
90 474 287
90 521 340
90 522 291
90 523 291
90 590 496
90 633 9
90 793 456
90 808 11
90 851 357
90 878 11
90 910 9
91 950 159
91 951 159
91 1034 159
91 1068 9
92 93 142
92 213 142
93 213 142
94 622 53
94 921 53
100 171 4
100 248 380
100 310 4
100 430 165
100 611 410
100 1079 4
101 263 167
116 711 36
116 871 21
116 1023 36
116 1024 36
136 266 290
136 411 192
136 858 66
137 138 134
138 212 395
138 687 395
138 688 395
143 213 375
168 169 162
168 170 162
168 171 162
168 286 162
168 310 263
169 170 109
169 171 109
169 286 162
169 310 109
169 463 270
170 171 109
170 286 162
170 436 154
171 179 65
171 198 258
171 199 258
171 239 179
171 240 179
171 241 179
171 248 264
171 286 162
171 310 4
171 339 333
171 436 154
171 463 270
171 473 258
171 474 287
171 521 340
171 522 340
171 523 340
171 590 496
171 793 456
171 876 65
171 877 65
171 1075 361
171 1079 4
174 175 233
174 205 417
174 234 417
174 422 417
174 443 321
174 546 421
175 443 321
179 450 11
179 633 11
179 808 11
179 878 11
183 184 221
184 242 316
184 273 316
184 338 166
184 711 385
184 784 352
184 1076 352
198 199 258
198 590 496
203 204 250
203 205 250
203 206 250
203 358 408
203 365 408
204 205 193
204 206 250
204 243 430
205 206 208
205 234 417
205 276 130
205 358 130
205 409 130
205 422 417
206 370 208
207 208 186
207 242 67
207 358 18
207 409 18
212 472 450
212 687 395
212 688 395
213 608 411
232 233 60
232 611 410
232 875 60
233 236 43
233 381 174
233 382 174
233 875 60
234 422 417
234 546 493
234 639 373
239 240 179
239 241 179
240 241 179
241 645 419
241 655 372
242 271 399
242 273 127
242 337 102
242 397 164
242 409 82
242 930 133
243 244 156
243 335 73
243 805 470
248 1075 361
267 622 171
271 272 266
271 273 399
271 279 131
271 379 131
271 925 84
273 397 164
273 604 495
273 893 399
276 409 130
284 285 214
285 1056 118
305 306 195
305 307 195
305 451 301
305 614 471
305 770 464
306 307 195
306 451 301
306 452 334
307 451 301
307 452 334
310 436 324
310 463 305
310 1079 4
320 434 307
320 726 393
320 786 363
335 336 106
336 741 455
336 748 455
336 935 125
338 711 385
339 473 333
339 474 333
343 344 50
343 889 131
358 365 186
358 370 252
358 409 3
370 422 353
381 382 174
382 563 381
382 689 381
409 422 477
422 546 421
422 929 274
422 1042 274
450 633 9
450 808 11
450 878 11
450 910 9
459 460 323
459 461 323
459 462 323
459 579 447
460 461 323
460 462 323
460 579 447
461 462 323
461 579 447
472 489 330
473 474 333
500 614 448
500 854 448
505 506 310
505 684 393
521 522 340
521 523 340
522 523 291
527 528 439
527 529 432
574 575 422
574 744 462
574 806 288
605 606 407
606 820 315
606 1005 361
614 854 448
622 623 364
622 921 53
631 632 238
631 633 51
632 633 78
633 808 11
633 878 11
656 803 467
656 804 467
687 688 395
711 1023 36
711 1024 36
741 742 376
741 748 455
744 806 462
784 1076 352
803 804 467
808 878 11
808 1044 27
808 1045 27
876 877 65
889 982 111
889 1025 80
909 910 30
909 959 148
910 959 148
911 912 28
929 1042 274
950 951 159
992 1093 414
1023 1024 36
1034 1068 159
1044 1045 27
