1 16 600
1 17 600
2 493 637
2 649 630
2 726 233
2 792 175
2 1198 729
3 4 596
3 5 596
4 5 379
4 394 400
4 559 379
4 591 677
4 592 586
4 597 638
4 678 487
4 933 379
4 1232 379
5 559 260
5 592 586
5 597 638
5 656 192
5 657 705
5 678 487
5 704 186
5 933 273
5 939 297
5 1232 379
6 91 78
6 92 169
6 94 78
6 95 534
6 101 206
6 250 140
6 343 317
6 345 317
6 377 307
6 398 78
6 399 170
6 483 719
6 549 686
6 550 686
6 836 169
6 850 393
6 903 363
6 1110 133
6 1203 393
6 1204 393
7 8 396
7 9 396
8 9 212
8 73 84
8 532 212
9 500 341
9 501 341
9 532 212
10 11 578
10 72 241
10 73 186
10 349 281
10 671 412
10 672 412
11 1133 70
11 1243 111
12 13 540
12 14 573
12 15 573
12 602 717
13 14 427
13 15 573
13 127 428
13 128 428
13 274 428
13 293 713
13 315 427
13 378 427
13 479 713
13 480 713
13 481 439
13 654 431
14 15 388
14 46 30
14 50 17
14 88 246
14 127 428
14 128 428
14 228 117
14 274 428
14 290 583
14 315 427
14 317 370
14 318 370
14 346 165
14 378 328
14 396 270
14 439 31
14 535 12
14 538 310
14 539 285
14 594 206
14 596 206
14 602 717
14 625 241
14 643 270
14 654 431
14 683 165
14 689 400
14 714 133
14 722 24
14 735 183
14 746 370
14 793 197
14 845 114
14 894 348
14 905 348
14 947 191
14 1076 32
14 1086 186
14 1087 150
14 1132 150
15 364 388
15 745 438
16 17 600
17 54 209
18 19 398
18 83 534
19 83 482
19 504 360
19 505 360
20 129 269
20 160 269
20 427 440
20 626 548
20 685 440
21 22 542
22 24 611
22 28 611
22 75 604
22 76 11
22 111 277
22 113 498
22 137 88
22 138 562
22 142 498
22 157 367
22 256 498
22 306 382
22 307 339
22 456 426
22 485 460
22 545 690
22 587 459
22 615 718
22 616 718
22 617 506
22 645 287
22 646 266
22 655 704
22 694 256
22 700 256
22 707 257
22 708 257
22 709 257
22 725 63
22 750 406
22 751 406
22 755 367
22 785 367
22 791 287
22 810 326
22 819 230
22 825 230
22 886 244
22 926 367
22 927 367
22 928 367
22 1129 71
22 1144 506
22 1146 550
23 24 610
24 27 597
24 28 522
24 114 585
25 26 456
25 74 612
25 179 587
25 447 659
25 448 646
25 563 694
25 833 321
25 860 321
25 924 346
26 74 618
29 30 424
29 31 424
29 205 629
29 275 463
29 482 697
30 31 424
30 205 629
30 275 463
30 482 697
31 275 463
31 482 697
32 33 491
32 34 491
32 35 491
32 49 654
32 199 675
32 441 656
33 34 491
33 35 491
33 49 654
34 35 340
34 49 340
34 276 701
34 434 672
34 440 653
34 489 727
34 495 688
34 496 602
34 562 395
34 651 395
34 696 727
34 1013 672
35 49 340
35 199 612
35 208 358
35 367 305
35 428 612
35 429 641
35 441 656
35 604 660
36 104 228
36 246 309
36 357 249
37 115 390
37 117 535
37 665 361
37 666 361
37 907 535
38 39 574
39 195 593
39 394 320
39 462 391
39 631 377
39 633 258
39 859 324
40 41 476
40 54 532
40 279 476
40 281 518
40 283 476
40 284 476
41 54 532
41 186 369
41 254 216
41 279 476
41 281 518
41 283 476
41 284 476
41 336 311
41 773 202
41 786 235
41 787 273
42 477 436
42 478 728
42 945 208
42 946 208
43 61 492
43 238 492
43 239 311
43 289 492
43 969 492
44 117 628
44 129 628
44 130 628
45 46 201
45 438 378
45 439 378
46 437 649
46 438 378
46 439 31
46 554 679
46 561 93
46 562 315
46 814 258
47 48 262
47 713 262
48 164 576
48 165 576
48 166 131
48 167 576
48 713 262
48 804 206
48 852 313
48 853 302
51 52 545
51 53 545
52 53 499
53 180 553
53 974 499
54 55 531
54 72 408
54 177 632
54 178 488
54 182 349
54 194 474
54 224 711
54 231 296
54 284 532
54 395 349
54 402 584
54 444 668
54 498 711
54 580 592
54 586 680
54 593 716
54 747 428
54 1011 670
54 1012 670
54 1157 696
56 58 598
57 122 426
57 172 294
57 432 426
57 624 390
57 1141 426
58 389 187
58 470 187
58 476 127
58 1113 132
59 60 545
60 88 275
60 600 642
61 72 286
61 112 470
61 151 394
61 216 509
61 217 489
61 218 315
61 238 492
61 239 492
61 289 492
61 424 655
61 425 489
61 427 445
61 578 315
61 663 470
61 664 470
61 931 286
61 932 286
61 969 492
62 63 523
62 64 523
62 65 523
62 66 523
62 265 523
63 64 523
63 65 523
63 66 523
63 156 259
63 265 523
63 660 415
63 661 259
63 784 259
63 785 259
64 65 523
64 66 523
64 265 523
65 66 523
65 265 523
66 265 523
67 68 505
67 839 198
67 915 198
67 1158 143
67 1159 187
67 1160 187
67 1195 135
67 1202 146
69 347 248
69 348 248
69 754 248
69 843 248
69 844 248
69 1045 115
70 160 619
71 72 569
71 73 605
72 73 241
72 349 267
72 622 265
72 768 371
72 931 286
72 932 286
73 340 38
73 349 267
73 564 38
73 584 582
73 768 371
73 960 81
73 961 247
73 964 180
73 1054 87
74 268 399
74 563 694
75 76 604
75 297 366
75 528 366
75 529 366
76 111 230
76 204 203
76 206 617
76 207 617
76 545 690
76 841 208
76 1146 550
77 78 329
78 710 321
78 865 308
79 288 595
80 450 247
80 800 247
80 834 230
81 82 606
82 267 394
82 878 394
83 485 390
83 546 661
84 85 590
84 86 427
85 86 500
86 117 60
86 309 60
86 379 331
86 380 172
86 683 70
86 705 256
86 716 257
86 1112 137
87 88 381
89 255 106
89 267 106
89 849 106
90 91 507
90 92 507
90 93 524
90 94 507
91 92 225
91 93 422
91 94 42
91 129 66
91 250 120
91 335 42
91 377 323
91 398 78
91 399 194
91 411 66
91 491 42
91 576 323
91 635 377
91 1051 122
91 1055 68
91 1056 120
91 1083 42
91 1206 413
91 1207 413
92 93 524
92 94 189
92 101 304
92 102 473
92 250 189
92 377 323
92 397 326
92 398 289
92 399 189
92 576 323
92 836 169
93 94 524
94 102 473
94 129 66
94 193 377
94 250 120
94 335 9
94 377 323
94 397 326
94 398 78
94 399 170
94 411 66
94 491 42
94 576 323
94 579 401
94 635 330
94 1055 68
94 1056 120
94 1083 42
94 1084 28
95 903 534
96 327 315
96 369 315
96 906 457
96 989 457
97 98 599
97 99 599
97 212 504
97 214 504
97 243 527
97 244 527
97 309 560
98 99 599
99 454 493
99 1079 45
100 113 636
101 343 317
101 345 317
101 377 307
103 104 97
103 582 197
103 583 383
103 889 294
103 944 204
104 117 162
104 126 97
104 245 448
104 246 309
104 357 249
104 383 426
104 446 375
104 544 685
104 585 448
104 874 426
104 875 426
104 984 554
105 107 444
106 107 609
107 276 566
107 278 375
107 434 649
107 569 700
108 109 364
108 971 491
108 972 358
108 973 364
108 1240 358
109 419 329
109 420 329
109 421 329
109 1138 166
109 1139 166
110 111 562
110 572 684
111 306 382
111 455 515
111 572 684
111 587 459
111 1015 676
112 232 455
112 663 470
112 664 470
112 813 538
113 142 498
113 256 498
113 306 565
113 307 565
115 117 496
115 907 535
116 117 619
117 129 496
117 130 581
117 143 585
117 166 85
117 229 441
117 242 526
117 245 483
117 246 483
117 309 45
117 380 172
117 408 141
117 523 374
117 537 443
117 588 688
117 601 699
117 675 443
117 758 110
117 767 374
117 900 581
117 907 535
117 916 141
117 1005 45
117 1032 84
117 1044 119
117 1049 116
117 1125 144
118 119 613
118 120 613
118 560 690
119 120 591
119 260 544
119 328 544
121 122 622
122 210 287
122 356 164
122 358 307
122 432 424
122 776 177
122 777 278
122 867 343
122 1141 426
122 1163 164
123 182 371
124 125 525
124 126 624
124 169 664
124 252 400
124 449 664
124 1178 640
126 148 673
126 151 356
126 152 618
126 153 618
126 154 618
126 155 618
126 168 556
126 169 556
126 170 89
126 171 309
126 311 116
126 365 309
126 383 426
126 384 626
126 418 89
126 430 626
126 431 626
126 446 356
126 449 664
126 497 673
126 874 426
126 875 426
126 1178 640
127 128 428
127 274 428
128 274 428
129 130 284
129 143 281
129 160 206
129 176 569
129 200 42
129 270 281
129 287 151
129 292 86
129 357 373
129 411 66
129 427 198
129 461 126
129 530 354
129 537 281
129 601 699
129 771 432
129 842 284
129 855 315
129 890 373
129 900 343
129 937 42
129 946 43
129 956 43
129 975 547
130 143 547
130 200 284
130 287 276
130 292 276
130 411 284
130 601 699
130 900 541
130 975 547
131 498 721
132 134 520
132 692 663
133 134 386
133 135 386
133 136 386
133 937 136
133 1148 446
134 135 386
134 136 386
134 211 564
134 266 407
134 764 355
135 136 386
137 138 537
137 139 537
137 433 657
137 465 723
137 489 614
137 1192 88
138 139 513
139 158 376
139 311 376
139 621 168
139 1145 276
139 1165 217
139 1166 217
139 1172 514
139 1217 376
139 1220 376
139 1231 251
140 141 616
140 142 616
141 142 616
142 256 498
142 306 565
142 307 565
143 151 557
143 190 557
143 200 281
143 270 153
143 394 383
143 452 674
143 453 674
143 497 707
143 502 321
143 503 300
143 537 281
143 543 691
143 565 484
143 566 484
143 737 408
143 900 547
143 975 547
143 1124 153
144 145 521
145 146 623
145 313 449
145 405 313
145 571 411
145 698 731
145 958 203
145 959 203
145 1237 466
145 1239 411
145 1246 411
145 1247 458
146 234 387
146 718 387
146 729 387
146 730 387
146 769 387
146 1209 387
146 1210 387
146 1211 387
146 1212 387
147 151 539
148 151 634
148 497 673
149 150 634
150 151 634
151 190 557
151 218 346
151 219 530
151 295 529
151 423 662
151 427 365
151 497 673
151 541 356
152 153 618
152 154 618
152 155 618
153 154 618
153 155 618
153 311 234
154 155 618
155 384 626
155 430 626
155 431 626
156 660 415
156 661 259
156 784 259
156 785 259
157 755 367
157 762 59
157 785 367
157 810 367
157 888 59
157 926 367
157 927 367
157 928 367
157 1039 67
158 159 510
158 670 464
158 1217 376
160 427 440
160 685 440
160 937 90
161 162 56
161 163 302
161 245 364
162 163 613
163 245 364
163 582 373
163 676 373
164 165 576
164 166 576
164 167 576
165 166 576
165 167 576
166 167 133
166 309 85
166 439 133
166 683 133
166 697 113
166 778 276
166 805 113
166 853 302
166 854 315
166 948 293
166 1098 194
166 1125 144
167 387 292
167 439 133
167 683 133
167 948 293
167 1098 194
168 169 556
168 170 556
168 171 556
169 170 556
169 171 410
169 449 664
170 171 556
170 521 366
170 1000 148
171 365 309
171 366 309
171 987 495
172 173 588
172 174 588
172 175 588
172 757 423
173 174 588
173 175 588
174 175 588
178 1157 696
179 448 646
181 182 615
182 236 511
182 395 274
182 580 592
182 856 171
182 1011 670
183 184 547
184 185 381
184 186 381
184 187 635
184 410 381
185 186 381
185 409 336
185 410 336
185 474 501
186 337 343
187 233 443
187 442 651
187 443 651
187 464 138
187 1116 55
187 1117 26
188 189 477
188 1244 477
188 1245 477
189 283 625
189 1179 624
189 1180 625
189 1181 608
189 1235 568
189 1236 477
189 1244 477
189 1245 477
191 192 627
191 193 627
192 193 627
192 402 405
193 337 129
193 706 223
193 732 103
193 1108 129
194 296 575
194 486 714
194 487 726
196 197 571
196 198 571
197 198 571
198 340 159
199 428 612
199 489 702
199 604 660
200 270 281
200 537 281
200 543 691
200 771 416
200 855 315
200 922 169
200 937 31
201 202 516
201 203 516
201 300 715
201 312 503
201 422 652
201 458 475
201 473 417
201 494 715
201 516 303
201 555 451
201 557 451
201 681 475
201 687 471
201 1197 516
202 203 516
202 1197 516
203 1197 516
206 207 617
208 983 552
209 210 589
212 214 299
212 215 631
212 243 527
212 244 527
212 309 299
213 214 607
214 243 527
214 244 527
214 309 178
214 662 452
214 669 481
214 699 375
214 702 50
214 837 27
214 957 205
214 965 178
214 1036 105
214 1037 105
214 1041 104
214 1049 91
214 1082 38
214 1127 29
216 217 519
216 218 509
217 218 519
217 425 489
217 427 489
218 427 375
218 578 315
220 221 318
220 222 434
220 223 318
220 308 318
220 471 318
220 526 318
221 222 434
221 223 318
221 308 318
221 471 318
221 526 318
222 223 434
222 468 314
223 308 318
223 471 318
223 526 318
224 498 711
225 226 330
225 264 195
225 298 190
225 919 190
225 982 190
225 1161 174
227 228 453
228 253 374
228 439 117
229 230 373
230 893 247
231 506 425
231 536 342
231 715 292
231 741 425
231 747 428
231 967 481
232 375 34
232 809 258
233 442 651
233 443 651
233 464 443
234 235 415
234 718 387
234 729 387
234 730 387
234 769 387
234 1209 387
234 1210 387
234 1211 387
234 1212 387
235 729 415
235 730 415
237 238 528
237 239 528
238 239 492
238 289 492
238 969 492
239 289 6
239 630 1
239 969 492
239 1093 139
239 1208 5
240 472 716
240 473 698
240 613 710
241 439 479
241 581 682
241 1001 95
243 244 527
243 309 555
243 699 555
245 246 483
246 585 620
247 248 468
248 332 225
248 333 307
248 334 273
248 362 323
248 368 197
248 647 352
248 648 197
248 667 437
248 722 107
248 828 224
248 829 107
248 877 439
248 929 403
248 996 185
248 997 185
248 998 185
248 999 185
248 1031 44
248 1177 323
248 1216 437
249 250 522
249 251 522
250 251 522
250 398 153
250 399 170
250 1055 120
250 1056 120
251 325 282
251 354 258
251 748 490
251 763 347
251 823 233
251 824 233
251 899 490
252 551 648
252 1001 185
254 259 299
255 267 106
255 298 48
255 338 48
255 374 64
255 457 88
255 774 558
255 779 263
255 780 193
255 792 107
255 849 106
255 901 543
255 902 543
255 1014 558
256 445 377
257 258 518
257 259 385
257 533 396
257 740 396
258 259 518
259 533 350
259 710 256
259 740 396
260 328 544
261 262 480
261 268 253
262 268 438
262 527 358
263 590 667
263 712 112
263 821 239
264 391 272
266 764 407
267 849 106
267 878 394
268 460 438
269 568 549
270 331 225
270 394 19
270 502 321
270 503 300
270 537 281
270 559 260
270 711 19
270 737 408
270 752 415
270 772 225
270 847 225
270 848 225
270 925 400
270 966 508
270 1067 60
270 1124 97
271 722 119
271 800 178
272 273 450
272 461 442
275 684 430
275 765 494
275 897 494
276 277 566
276 434 649
279 281 518
279 282 572
279 283 476
279 284 476
279 426 476
279 1179 567
280 283 572
281 283 518
281 284 518
282 283 572
282 284 572
283 284 476
283 426 476
283 1179 567
283 1180 625
285 564 235
286 287 420
287 292 210
287 407 665
287 411 158
287 412 158
287 577 678
287 589 665
287 673 478
287 674 478
287 719 158
287 1017 603
287 1018 465
287 1118 158
287 1182 465
288 460 486
289 969 492
289 1093 139
291 328 332
291 386 353
291 396 332
292 411 284
292 842 284
293 294 551
293 479 713
293 480 713
296 486 726
296 487 726
297 528 366
297 529 215
298 338 48
298 919 190
299 300 326
299 352 435
299 363 326
299 628 380
299 774 4
299 930 343
299 1058 92
299 1080 31
299 1081 31
300 363 258
300 494 715
301 302 579
301 303 533
301 304 533
301 305 533
303 304 346
303 305 533
303 510 346
303 618 346
303 619 390
304 305 533
304 510 346
304 618 346
304 619 390
306 307 565
307 646 339
308 471 318
308 526 318
308 682 403
309 662 535
309 699 555
309 702 205
309 957 205
309 965 178
309 1005 45
309 1032 84
310 311 361
310 879 361
311 324 305
311 325 102
311 326 83
311 418 116
311 703 83
311 879 361
311 1043 119
311 1052 72
311 1053 72
311 1172 514
311 1220 376
314 315 469
314 316 469
315 316 469
316 347 207
316 348 207
316 754 207
316 843 207
316 844 207
317 318 370
317 378 370
317 689 400
317 746 370
317 894 374
318 378 370
318 689 400
318 746 370
318 894 374
319 320 257
319 463 725
319 1022 708
320 359 14
320 720 30
320 1070 77
320 1084 14
320 1104 109
320 1105 109
321 322 312
321 323 298
322 323 286
323 362 299
323 782 281
323 783 279
323 1233 283
324 325 305
324 326 305
325 326 102
325 354 295
325 703 102
325 1043 119
326 703 83
327 369 315
328 386 353
328 396 254
328 416 333
328 417 333
329 368 197
329 888 221
330 373 315
330 378 448
330 876 448
331 772 225
331 847 225
331 848 225
332 333 307
332 334 273
332 829 225
332 914 181
333 334 307
335 351 313
335 485 313
335 519 364
335 603 389
335 725 148
335 892 325
335 1040 110
335 1052 52
335 1057 52
335 1066 52
335 1083 42
335 1084 28
335 1094 194
335 1111 134
335 1153 229
335 1190 301
335 1191 301
337 517 364
339 340 306
339 341 306
339 342 306
340 341 306
340 342 306
340 680 26
340 695 94
340 1033 94
340 1034 94
340 1035 94
341 342 240
341 353 167
341 1130 148
343 344 311
343 345 307
344 345 311
346 439 165
346 735 183
347 348 15
347 415 287
347 512 15
347 636 380
347 637 96
347 754 207
347 843 207
347 844 207
347 921 27
347 1122 142
347 1123 142
347 1134 18
348 637 41
348 754 207
348 843 207
348 844 207
348 1122 142
348 1123 142
350 351 311
351 352 230
351 485 231
351 508 230
351 519 364
351 603 389
351 743 400
351 744 414
351 891 271
351 892 325
352 628 435
352 868 429
352 869 429
352 870 429
352 871 429
352 981 462
354 763 347
355 356 307
356 756 343
356 776 177
356 1163 164
357 427 373
357 435 647
357 890 373
358 407 336
358 432 424
359 646 218
359 790 137
359 866 313
359 1084 14
359 1225 78
360 361 201
360 369 278
360 370 223
360 371 311
360 372 311
360 454 406
360 794 255
360 795 201
360 1047 61
360 1048 61
361 454 406
361 668 10
361 794 255
361 795 201
362 782 323
362 1177 323
364 745 438
365 366 309
368 667 439
368 877 439
369 620 278
369 717 408
370 406 258
370 701 237
370 770 396
371 372 311
374 414 298
374 620 341
374 712 145
374 761 264
374 1119 145
375 376 200
375 400 290
375 809 233
377 576 323
378 643 299
378 644 362
378 746 370
378 876 448
378 894 348
379 380 331
380 683 180
380 716 281
381 382 336
381 697 200
381 831 397
383 384 41
383 446 426
383 874 426
383 875 426
383 1059 131
384 430 626
384 431 421
384 522 296
384 1060 44
384 1174 327
384 1221 327
384 1222 327
384 1223 327
384 1224 327
385 386 329
386 396 353
388 389 319
389 470 187
389 626 166
389 1002 198
389 1003 192
390 801 129
390 993 82
390 994 82
390 1046 123
392 393 291
392 394 291
393 394 291
393 1183 594
394 711 19
394 898 542
394 1067 58
396 407 722
396 416 336
396 634 681
396 643 270
396 1156 722
397 398 326
398 399 210
398 635 384
398 1206 413
398 1207 413
399 635 330
400 401 326
402 404 252
402 734 405
402 976 563
403 404 322
403 629 322
403 630 322
404 629 322
404 630 322
404 733 408
404 734 408
406 623 119
407 419 580
407 552 561
407 553 294
407 558 671
407 589 665
407 634 722
407 753 357
407 1016 580
407 1156 722
408 916 141
409 410 336
411 412 158
411 461 126
411 719 158
411 842 284
411 1118 158
412 718 254
412 719 128
412 937 124
412 1018 465
412 1061 124
412 1085 158
412 1182 465
413 683 290
414 620 337
414 742 375
414 761 335
414 781 273
415 636 380
415 637 380
416 417 333
418 652 447
419 420 329
419 421 329
419 1016 580
420 421 329
424 425 655
425 427 489
427 685 440
427 885 464
427 890 373
428 429 641
430 431 626
432 1141 426
436 627 112
436 937 101
436 1109 131
438 439 378
438 990 546
438 991 546
438 992 546
439 539 285
439 561 93
439 562 315
439 625 241
439 632 390
439 683 70
439 722 73
439 735 183
439 759 409
439 793 197
439 845 150
439 1086 186
439 1087 70
442 443 651
446 874 426
446 875 426
447 448 659
450 451 354
450 800 204
452 453 650
456 694 428
456 796 281
456 985 645
457 761 237
457 864 274
457 888 218
458 681 475
459 460 683
461 547 687
461 548 687
466 467 693
466 468 693
466 469 693
466 470 693
466 471 693
467 468 639
467 469 639
467 470 639
467 471 639
467 658 639
468 469 639
468 470 639
468 471 152
468 658 639
468 1164 222
469 470 639
469 471 639
469 658 639
470 471 257
470 658 639
471 518 245
471 524 340
471 525 340
471 526 257
471 658 639
471 736 338
471 738 431
471 739 286
471 760 424
471 808 245
471 861 280
471 988 280
473 555 451
473 557 451
475 516 7
475 567 7
475 968 488
476 1009 182
476 1099 163
476 1113 132
479 480 713
484 485 703
485 508 288
485 603 414
485 743 400
485 744 414
485 891 288
486 487 726
488 833 121
489 696 727
490 491 467
491 492 269
491 677 269
491 880 457
491 881 457
491 882 457
491 1023 166
495 496 688
498 499 717
500 501 341
502 503 214
502 688 214
502 940 302
504 505 360
506 741 425
507 508 351
508 891 271
509 510 358
509 511 358
509 512 358
510 511 358
510 512 358
510 618 185
510 797 185
510 1010 185
511 512 358
512 921 27
513 514 316
514 516 149
514 567 149
515 516 364
516 567 7
518 808 245
520 661 162
521 630 28
521 884 23
521 1074 23
523 767 374
524 525 340
524 526 340
525 526 340
528 529 334
531 642 344
531 643 344
533 740 396
534 535 366
535 722 32
535 1076 32
536 715 334
537 675 443
538 539 310
540 674 226
540 1147 226
540 1149 226
540 1150 226
542 603 669
547 548 687
549 550 633
552 553 561
552 558 671
553 558 671
553 753 357
555 557 451
556 557 692
559 678 487
559 704 260
559 933 273
559 939 297
559 1232 379
561 562 315
561 612 512
561 632 390
562 570 643
562 612 512
562 632 390
562 651 395
564 964 180
565 566 484
568 829 294
568 851 261
571 1237 513
571 1239 411
571 1246 411
573 639 238
573 641 272
573 818 236
574 575 601
574 576 601
575 576 601
576 918 202
576 1234 621
582 583 49
582 676 373
582 1071 83
587 1015 676
588 693 712
591 592 695
592 597 638
594 595 380
594 596 206
595 596 380
598 599 368
598 873 340
605 606 706
605 607 706
605 608 706
605 609 706
605 610 706
606 607 706
606 608 706
606 609 706
606 610 706
607 608 706
607 609 706
607 610 706
608 609 706
608 610 706
609 610 706
610 680 148
610 826 148
610 995 148
611 714 173
614 722 188
614 723 188
614 724 188
615 616 718
617 1144 506
618 619 390
618 797 185
618 1010 185
620 904 536
623 1075 86
623 1201 22
626 830 194
626 934 166
626 949 194
627 937 112
628 981 462
629 630 322
630 1074 49
634 1156 722
636 637 380
637 858 28
637 1218 49
638 712 256
640 668 419
641 839 211
641 1038 211
642 643 344
645 646 287
645 791 287
646 790 218
646 791 287
646 866 313
649 650 689
650 1019 666
650 1020 666
653 883 454
653 884 454
656 657 16
659 896 559
659 977 559
659 1184 559
660 661 415
661 784 259
661 785 259
663 664 470
665 666 361
667 877 439
667 1216 437
668 820 225
671 672 412
673 674 478
674 1147 226
674 1149 226
674 1150 226
674 1228 709
674 1229 709
677 880 457
677 881 457
677 882 457
679 680 418
680 826 148
680 995 148
680 1062 34
680 1068 40
680 1131 148
680 1135 34
683 735 186
683 807 192
683 1086 186
683 1087 70
686 722 28
686 947 138
686 1007 13
688 940 302
690 691 730
690 692 577
691 692 730
694 700 256
695 798 249
695 799 249
695 802 74
695 811 252
695 812 184
695 846 54
695 1033 46
695 1034 74
695 1035 21
695 1096 80
695 1103 21
695 1200 21
697 805 113
701 788 205
701 832 158
701 1007 32
702 957 205
702 1037 108
704 933 273
704 939 297
704 1101 154
704 1102 154
707 708 257
707 709 257
708 709 257
710 865 321
712 803 269
712 840 199
712 1119 145
712 1230 485
713 1241 383
713 1242 383
714 845 157
718 729 387
718 730 387
718 769 387
718 1209 387
718 1210 387
718 1211 387
718 1212 387
719 920 75
719 937 75
719 1021 37
719 1030 112
719 1064 262
719 1085 156
719 1118 158
721 723 233
721 724 233
722 723 67
722 724 173
722 829 107
722 1007 29
722 1031 107
722 1076 32
722 1088 129
722 1115 62
722 1121 158
722 1128 67
722 1176 47
723 724 20
723 775 98
723 776 35
723 1073 98
723 1121 158
723 1128 67
724 776 35
724 1073 98
724 1128 100
727 728 406
727 923 218
727 1007 162
729 730 387
729 769 387
729 1209 387
729 1210 387
729 1211 387
729 1212 387
730 769 387
730 1209 387
730 1210 387
730 1211 387
730 1212 387
731 732 400
732 766 169
732 833 169
732 862 319
733 734 408
735 1086 186
738 760 497
748 749 345
748 899 490
750 751 406
754 843 207
754 844 207
755 785 367
755 810 367
755 926 367
755 927 367
755 928 367
758 1044 119
761 762 372
761 888 242
762 888 59
765 766 421
765 897 494
766 833 169
766 1151 227
769 1209 387
769 1210 387
769 1211 387
769 1212 387
772 847 225
772 848 225
774 1014 558
776 777 278
776 1163 177
779 835 220
779 950 220
784 785 259
785 810 367
785 926 367
785 927 367
785 928 367
788 832 205
789 827 228
789 1115 125
794 795 255
797 1010 185
798 799 249
798 811 252
798 812 252
798 908 197
798 909 197
798 910 197
798 911 197
798 912 197
798 913 197
798 963 206
798 1008 126
801 802 269
801 993 129
801 994 129
804 822 247
804 852 313
805 806 233
810 926 367
810 927 367
810 928 367
811 812 252
811 1137 79
812 1096 184
815 816 258
815 817 266
816 817 266
817 863 313
823 824 233
823 938 204
826 995 148
829 1031 107
830 949 194
835 950 220
838 839 219
839 1038 211
839 1089 198
839 1090 198
841 873 208
843 844 207
846 1092 180
847 848 225
850 1077 36
850 1078 36
850 1203 393
850 1204 393
856 857 313
861 915 179
863 892 330
864 935 268
864 936 268
868 869 429
868 870 429
868 871 429
869 870 429
869 871 429
870 871 429
872 873 452
874 875 426
880 881 457
880 882 457
881 882 457
883 884 454
884 1074 23
884 1219 3
887 888 371
888 941 180
892 895 359
895 896 373
896 977 559
896 978 559
896 979 559
896 980 517
896 1184 427
896 1205 404
898 986 644
900 975 547
901 902 543
906 989 457
908 909 197
908 910 197
908 911 197
908 912 197
908 913 197
909 910 197
909 911 197
909 912 197
909 913 197
910 911 197
910 912 197
910 913 197
911 912 197
911 913 197
912 913 197
917 1073 114
921 1134 27
926 927 367
926 928 367
927 928 367
931 932 286
933 1232 379
934 970 502
935 936 268
937 946 43
937 956 43
937 1042 76
937 1061 99
937 1106 174
937 1107 131
937 1109 131
937 1120 155
941 942 243
941 943 243
941 1091 200
942 943 243
945 946 174
946 956 25
946 1106 174
947 1140 392
951 953 119
951 954 119
951 956 119
952 953 53
952 954 53
952 956 53
953 954 53
953 956 53
954 956 53
955 956 237
958 959 203
960 961 247
962 963 213
963 1008 206
973 1227 8
974 981 462
977 978 559
977 979 559
977 1184 559
978 979 559
982 1161 176
982 1162 190
982 1186 658
982 1248 250
990 991 546
990 992 546
991 992 546
993 994 82
996 997 185
996 998 185
996 999 185
997 998 185
997 999 185
998 999 185
1001 1100 118
1001 1126 69
1002 1003 198
1004 1005 203
1006 1007 130
1017 1018 603
1018 1182 465
1019 1020 666
1024 1025 688
1024 1026 688
1024 1027 688
1025 1026 688
1025 1027 688
1025 1028 724
1025 1029 724
1026 1027 688
1028 1029 720
1029 1041 439
1029 1063 439
1029 1069 461
1030 1118 161
1033 1034 94
1033 1035 57
1034 1035 94
1035 1103 21
1035 1200 21
1041 1063 439
1041 1069 461
1046 1050 39
1047 1048 61
1052 1053 65
1052 1065 52
1052 1066 52
1052 1114 136
1054 1143 473
1055 1056 120
1063 1069 461
1065 1066 52
1070 1104 109
1070 1105 109
1072 1073 76
1073 1175 51
1073 1196 123
1077 1078 36
1080 1081 31
1089 1090 198
1095 1097 196
1096 1097 80
1096 1142 147
1096 1154 147
1097 1194 80
1101 1102 154
1103 1200 21
1104 1105 109
1105 1155 18
1105 1168 18
1105 1199 18
1116 1117 55
1120 1152 232
1122 1123 142
1136 1137 160
1138 1139 166
1142 1154 147
1142 1213 433
1142 1214 433
1142 1215 433
1147 1149 226
1147 1150 226
1149 1150 226
1155 1167 30
1155 1168 18
1155 1169 33
1155 1170 33
1155 1171 33
1155 1185 2
1155 1193 2
1155 1199 18
1159 1160 187
1161 1162 190
1165 1166 217
1168 1199 18
1169 1170 33
1169 1171 33
1170 1171 33
1172 1187 570
1172 1188 570
1172 1189 514
1172 1226 570
1173 1174 402
1173 1221 472
1173 1238 472
1174 1221 327
1174 1222 327
1174 1223 327
1174 1224 327
1174 1238 472
1185 1193 2
1187 1188 570
1187 1189 570
1188 1189 570
1188 1226 570
1189 1226 570
1190 1191 301
1203 1204 393
1206 1207 413
1209 1210 387
1209 1211 387
1209 1212 387
1210 1211 387
1210 1212 387
1211 1212 387
1213 1214 433
1213 1215 433
1214 1215 433
1221 1222 327
1221 1223 327
1221 1224 327
1221 1238 472
1222 1223 327
1222 1224 327
1223 1224 327
1228 1229 709
1239 1246 411
1241 1242 383
1244 1245 477
1246 1247 458
