1 630 403
1 631 403
1 632 403
1 633 403
2 3 567
2 4 567
2 5 567
2 873 394
2 886 394
2 888 394
3 4 567
3 5 567
3 34 416
3 319 402
4 5 567
5 750 476
5 751 476
5 846 476
5 858 476
5 904 476
5 980 476
5 988 476
5 989 476
5 990 476
5 1040 476
5 1041 476
5 1042 476
6 7 571
6 8 533
7 8 571
8 33 33
8 102 516
8 104 489
8 161 336
8 320 489
8 412 421
8 413 421
8 477 196
8 510 265
8 650 327
8 836 248
8 872 69
8 964 179
8 974 202
9 10 502
9 11 419
9 30 409
9 54 409
9 293 409
9 408 409
9 409 409
9 410 409
9 635 409
10 11 502
11 30 101
11 53 514
11 54 199
11 55 493
11 84 95
11 140 316
11 177 351
11 187 26
11 191 255
11 387 253
11 389 253
11 393 645
11 408 419
11 409 341
11 427 316
11 474 20
11 549 237
11 558 199
11 575 255
11 576 314
11 579 177
11 582 255
11 680 319
11 681 333
11 683 125
11 744 137
11 761 138
11 821 26
11 893 351
11 938 17
11 939 17
12 80 482
12 295 640
12 296 462
12 302 476
12 444 476
12 445 307
12 491 332
12 958 432
12 1063 620
12 1064 620
13 14 509
13 15 509
13 50 418
13 373 629
13 374 629
13 375 629
14 15 509
14 50 509
14 636 383
14 936 451
14 937 451
15 50 62
15 71 586
15 72 586
15 379 572
15 380 572
15 469 62
15 476 295
15 500 196
15 658 81
15 677 243
15 706 593
15 783 8
15 839 8
15 930 8
15 979 8
16 17 501
16 45 578
16 67 500
16 289 652
16 368 632
16 660 223
18 62 530
19 20 490
19 28 565
19 56 553
19 312 600
19 313 600
20 28 433
20 56 532
20 78 433
20 308 280
20 314 633
20 320 282
20 321 343
20 366 630
20 919 111
21 232 55
21 499 190
21 598 45
21 658 81
21 928 190
22 23 566
22 24 566
23 24 566
24 190 306
24 195 306
24 311 323
24 377 283
24 522 427
25 26 488
25 27 488
25 42 365
26 27 488
27 87 34
27 332 110
28 78 433
28 287 654
28 288 654
28 308 580
29 30 540
29 31 540
29 32 540
30 31 439
30 32 540
30 53 514
30 54 199
30 55 493
30 115 235
30 266 435
30 293 409
30 393 645
30 408 409
30 409 341
30 410 409
30 429 435
30 430 76
30 434 618
30 474 94
30 505 444
30 549 237
30 558 199
30 559 305
30 606 358
30 607 144
30 635 409
30 683 177
30 697 512
30 759 101
30 884 378
30 898 353
30 960 435
30 1097 76
31 32 540
31 600 439
33 36 461
33 414 387
33 415 387
35 98 413
35 228 367
35 248 342
35 648 367
37 171 211
37 315 472
37 501 472
37 506 449
37 507 449
38 39 370
38 77 382
38 96 525
38 111 595
38 124 236
38 126 402
38 340 372
38 637 445
38 825 609
38 1015 422
39 96 525
39 111 595
39 637 445
40 42 574
40 184 556
40 227 393
40 249 417
40 273 590
40 275 564
40 369 597
40 425 421
40 638 537
40 686 556
41 190 328
41 195 328
41 311 328
41 519 450
42 395 641
42 401 499
43 115 261
43 123 84
43 213 143
43 359 153
43 763 143
43 837 143
43 941 116
43 1078 116
44 67 552
45 67 317
45 223 375
45 368 632
46 47 568
47 477 70
47 695 57
48 50 575
49 50 504
49 696 510
49 1031 518
49 1032 301
49 1033 301
49 1036 417
49 1053 373
50 85 430
50 101 317
50 135 11
50 182 507
50 198 236
50 247 37
50 264 539
50 272 447
50 310 649
50 469 62
50 476 295
50 483 191
50 675 264
50 754 53
50 950 30
50 951 7
50 954 23
50 955 23
50 956 23
50 1029 570
50 1030 545
50 1073 136
50 1095 230
50 1105 341
51 52 576
52 116 217
52 117 118
52 189 76
52 206 118
52 271 607
52 543 247
52 544 217
52 545 247
52 546 247
52 563 305
52 598 51
52 942 526
53 54 514
53 55 557
54 55 493
54 293 409
54 408 409
54 409 409
54 410 409
54 558 199
54 635 409
57 60 266
57 313 266
57 804 266
58 59 529
58 60 529
58 106 495
59 60 529
60 106 486
60 107 497
60 108 339
60 214 339
60 215 339
60 313 266
60 382 453
60 383 616
60 639 532
60 804 266
60 1037 523
61 62 573
62 63 436
62 64 326
62 235 326
62 236 326
62 356 436
62 414 561
63 64 436
63 356 436
64 235 326
64 236 326
64 356 436
64 404 418
64 405 418
65 66 584
65 595 492
67 120 612
67 121 110
67 223 375
67 224 314
67 299 395
67 568 292
68 69 544
69 242 311
70 146 377
70 439 377
71 72 586
71 706 593
72 706 593
73 74 547
74 376 176
74 539 319
74 771 176
74 831 319
75 76 441
76 360 478
76 680 319
76 1016 420
76 1017 420
76 1018 420
78 287 654
78 288 654
79 80 551
80 120 650
80 299 594
80 402 594
81 82 563
81 140 555
82 140 563
83 84 401
84 152 549
84 292 637
84 293 549
84 294 639
84 367 637
84 1001 549
86 87 506
87 176 301
87 332 1
87 733 210
87 1099 37
88 89 588
88 471 232
89 139 531
89 416 409
89 417 409
89 500 413
90 91 325
90 188 325
90 392 409
90 414 436
90 521 409
92 93 360
92 94 468
92 95 360
92 307 360
92 458 360
92 516 360
93 94 468
93 95 360
93 307 360
93 458 360
93 516 360
94 95 287
95 307 360
95 390 487
95 458 360
95 494 448
95 516 360
96 97 482
96 824 554
96 905 554
97 824 591
97 905 591
99 100 415
99 103 369
99 145 456
99 146 456
99 218 377
99 240 356
99 467 471
99 700 471
101 200 304
102 320 520
103 641 481
105 658 135
106 107 517
106 108 486
106 639 473
107 108 497
108 214 339
108 215 339
108 382 453
108 383 616
108 639 532
108 1037 523
109 110 524
109 488 473
110 239 592
110 304 592
110 305 592
110 306 592
110 307 592
111 112 513
113 212 103
113 705 164
114 115 446
115 213 261
115 837 261
116 206 217
116 271 607
116 543 247
116 544 217
116 545 247
116 546 247
116 942 526
117 206 118
117 598 569
117 699 569
117 707 569
117 708 569
117 709 569
117 710 569
118 119 364
118 170 464
118 370 598
118 479 221
118 622 293
120 121 498
120 402 650
120 452 636
121 179 350
121 299 395
121 851 48
121 852 48
121 853 48
121 889 97
122 124 521
123 125 261
123 766 218
123 767 218
124 225 320
124 297 648
124 428 205
124 959 407
124 1025 328
125 335 294
126 1068 625
127 477 345
127 510 345
128 129 550
128 130 550
129 130 528
130 175 364
130 247 230
130 396 364
130 577 230
130 599 364
130 909 621
130 910 621
130 911 621
130 985 621
130 1050 354
131 645 536
131 646 536
132 646 225
132 961 423
133 134 548
133 135 548
133 136 548
134 135 542
134 136 542
135 136 542
137 735 396
138 139 562
139 222 20
139 285 515
139 355 382
139 357 276
139 530 185
139 565 249
139 629 382
140 177 298
140 227 373
140 300 627
140 427 316
140 893 351
140 1019 383
141 142 559
141 143 559
141 144 372
141 166 294
142 143 559
142 144 559
143 144 559
144 166 383
145 146 427
145 439 427
145 508 427
146 264 608
146 265 608
146 276 610
146 439 377
146 508 427
147 470 302
147 497 463
148 149 155
148 218 241
149 197 278
149 218 241
149 487 455
150 151 381
150 414 443
151 196 346
152 293 549
152 1001 549
153 154 452
153 460 301
153 520 452
154 285 601
154 286 329
154 520 452
155 156 534
155 157 249
155 158 534
155 159 534
155 254 129
155 281 604
155 282 597
155 283 597
156 157 534
156 158 534
156 159 534
156 282 597
156 283 597
157 158 534
157 159 534
157 282 597
157 283 597
158 159 534
159 322 112
159 525 106
159 588 192
159 647 140
159 655 253
159 656 253
159 659 140
159 741 112
159 745 106
159 746 140
160 187 365
160 237 365
161 964 404
162 226 278
162 584 278
163 164 496
164 165 29
164 418 417
164 419 417
164 420 168
164 423 406
164 424 406
164 788 168
164 789 168
164 798 41
164 799 41
164 953 29
165 191 330
165 420 32
165 423 406
165 424 406
165 788 168
165 789 168
166 167 307
166 168 307
166 169 307
166 301 307
167 168 307
167 169 307
167 301 307
168 169 307
168 301 307
169 249 505
169 301 307
171 210 229
171 255 366
171 330 305
171 462 267
171 464 289
171 472 294
171 519 64
171 589 243
171 661 187
171 877 172
172 173 334
172 174 334
172 175 334
172 463 270
172 611 187
173 174 334
173 175 334
173 698 136
174 175 303
175 238 37
175 239 207
175 339 356
175 342 207
175 391 479
175 396 364
175 400 457
175 462 479
175 490 250
175 499 264
175 553 150
175 599 364
175 668 109
175 724 222
175 786 156
175 803 37
175 916 250
175 934 400
177 227 373
177 256 374
177 257 374
177 395 434
177 893 351
178 201 237
180 190 350
180 195 350
181 182 354
181 498 430
183 184 344
183 185 344
184 185 344
184 369 597
184 492 459
184 624 491
184 686 466
184 861 541
184 862 541
184 949 619
186 187 354
187 191 255
187 233 365
187 284 583
187 575 255
187 582 255
189 206 203
189 309 470
190 195 198
190 311 328
190 550 376
190 551 278
190 552 244
190 597 19
190 642 328
190 767 4
190 780 133
190 792 19
190 816 265
190 863 376
190 963 51
191 192 348
191 216 312
191 575 255
191 582 255
192 517 437
192 925 304
192 926 304
193 194 250
194 267 602
194 268 427
194 269 579
194 270 259
194 316 646
194 354 259
194 864 538
194 866 538
194 867 538
194 868 538
195 311 323
195 529 323
195 550 376
195 551 278
195 552 244
195 597 244
195 642 328
195 748 83
195 749 83
195 780 206
195 816 271
195 863 376
198 483 236
199 202 286
199 208 214
199 560 250
201 338 66
201 687 201
201 688 201
201 717 61
202 203 344
202 291 387
202 448 643
204 205 321
204 242 267
204 407 267
205 723 45
205 760 12
205 1071 126
205 1072 126
205 1079 94
206 309 480
207 208 354
208 560 250
209 285 515
210 211 277
210 519 229
211 437 484
211 1026 277
212 323 345
212 324 345
212 325 345
212 326 174
212 454 242
212 534 325
212 535 325
212 538 315
212 539 315
212 540 315
212 541 315
212 542 315
212 554 307
212 555 256
212 663 383
212 787 174
212 918 164
212 931 167
212 932 164
212 1075 150
213 240 45
213 346 335
213 533 321
213 608 70
213 609 3
213 763 15
213 792 70
213 837 143
213 871 45
213 995 3
213 1076 143
214 215 339
214 382 453
217 735 465
218 219 373
220 221 349
220 222 349
221 222 349
225 234 252
225 435 558
225 493 318
225 561 252
225 849 71
225 959 407
226 227 337
226 584 278
228 229 362
228 230 362
228 248 380
228 648 367
228 685 345
229 230 362
231 232 147
231 946 147
232 664 424
232 809 228
232 946 147
233 378 604
234 561 252
235 236 326
235 570 177
235 571 177
236 431 626
237 1023 430
237 1034 585
238 239 358
238 407 101
238 736 124
238 743 124
238 803 37
238 998 40
238 1102 38
239 303 631
239 304 592
239 305 592
239 306 592
239 307 303
239 342 207
239 400 467
239 499 264
239 553 222
239 557 108
239 724 222
239 756 108
239 873 311
240 871 45
240 968 105
240 970 105
241 242 373
242 407 258
242 556 288
243 595 324
244 468 131
245 246 375
245 247 375
246 247 63
246 438 438
246 513 442
246 514 442
246 729 615
246 730 615
246 781 161
247 438 438
247 440 503
247 577 230
247 729 615
247 730 615
247 781 161
247 844 181
247 1050 354
247 1112 191
248 341 58
248 365 58
248 648 309
249 250 365
250 347 388
250 348 388
250 349 388
250 493 331
250 594 322
251 252 113
251 742 34
251 764 34
253 254 358
254 258 358
254 322 209
254 591 358
254 689 250
254 690 269
254 691 129
254 692 89
254 740 91
254 742 129
254 752 89
254 757 81
254 797 180
254 1080 61
254 1081 110
254 1110 163
256 257 374
257 365 391
259 260 366
259 261 313
259 262 297
259 263 163
259 333 379
259 334 379
259 465 297
259 901 596
260 262 366
261 262 313
261 333 379
261 334 379
261 465 313
262 263 297
262 333 379
262 334 379
262 465 297
262 651 238
262 652 229
262 723 177
262 778 88
262 779 88
264 265 608
264 276 610
265 276 610
266 429 435
266 960 435
267 270 602
268 269 579
268 270 427
269 270 579
270 316 646
270 317 380
270 318 380
270 354 259
270 445 184
270 622 184
270 876 494
270 1011 494
273 274 605
273 275 590
274 275 605
277 278 587
277 279 587
277 280 587
278 279 587
278 280 587
279 280 587
279 457 304
280 801 613
280 802 613
281 283 604
282 283 597
285 286 601
286 632 10
286 673 383
286 676 57
287 288 654
290 296 187
290 814 368
291 341 100
291 385 322
291 548 186
291 648 283
291 790 290
292 293 639
292 294 639
293 294 639
293 408 409
293 409 409
293 410 409
293 635 409
293 1001 549
295 296 640
296 302 476
296 900 45
296 1008 37
296 1063 620
296 1064 620
298 299 623
299 402 594
299 459 272
302 398 647
303 304 631
303 305 631
303 306 631
303 307 631
304 305 425
304 306 592
304 307 291
304 499 291
305 306 592
305 307 434
306 307 592
307 458 303
307 495 377
307 516 360
308 518 409
311 529 323
312 313 600
313 804 117
313 944 142
313 1012 298
315 501 472
317 318 380
320 321 343
321 364 589
321 433 644
322 741 112
322 745 112
323 324 345
323 325 345
323 326 345
324 325 345
324 326 345
325 326 345
326 453 254
326 454 242
326 787 174
327 328 402
328 428 535
328 613 482
328 614 482
329 341 234
331 332 122
331 407 59
331 906 418
331 907 577
331 1074 76
332 712 146
332 822 227
332 1099 37
333 334 379
334 768 216
334 769 216
336 338 398
337 338 312
337 569 312
338 474 56
338 569 165
338 612 56
338 715 223
338 716 223
338 717 66
338 718 223
339 557 272
339 666 386
339 667 343
339 668 343
340 562 183
340 665 260
341 365 58
341 384 426
341 397 19
341 428 46
341 441 68
341 496 474
341 548 130
341 583 175
341 621 454
341 657 37
341 1025 246
342 343 333
344 345 402
345 371 341
345 372 341
345 461 341
345 480 239
346 582 279
346 821 279
347 348 372
347 349 372
347 457 323
348 349 372
349 564 445
349 585 257
349 619 445
349 620 388
349 684 306
349 796 182
349 812 273
350 351 361
350 352 325
350 562 220
350 735 96
351 352 361
353 426 384
353 427 384
355 629 382
358 654 347
358 669 347
358 670 347
358 671 347
358 672 347
360 449 560
360 731 560
361 362 624
361 363 624
362 363 508
363 392 54
365 859 373
365 860 373
365 1054 375
369 686 597
371 372 294
371 461 294
372 461 294
372 567 511
373 374 629
373 375 629
373 1027 327
373 1028 327
374 375 629
376 726 176
376 771 123
376 772 123
376 831 171
377 386 54
377 547 250
377 578 189
377 587 139
377 721 47
379 380 572
380 381 411
382 383 616
384 519 405
385 509 458
387 388 417
387 389 253
388 389 417
391 462 479
391 934 479
392 446 72
392 521 409
392 674 379
392 807 72
394 646 75
396 599 364
399 400 603
403 484 78
404 405 418
404 1077 91
406 407 418
407 454 293
407 599 233
407 694 107
407 714 107
407 947 151
408 409 409
408 410 409
408 635 409
409 410 409
409 635 409
410 635 409
411 445 49
411 899 346
411 958 79
412 413 421
414 415 387
414 566 281
416 417 409
416 500 431
417 703 519
418 419 417
418 420 417
419 420 417
421 422 383
422 512 115
423 424 406
426 427 384
427 602 343
428 441 68
429 960 435
430 600 364
430 606 358
430 607 144
430 759 101
430 884 378
430 898 353
432 528 289
432 721 194
432 722 194
436 531 32
436 654 103
436 738 67
436 739 116
436 840 32
436 952 32
439 508 427
441 583 231
441 662 429
441 747 104
442 608 175
443 602 483
443 615 483
444 445 476
445 491 304
445 622 184
445 678 152
445 943 143
445 957 355
445 958 79
445 1091 440
446 447 333
446 457 204
446 617 507
446 643 507
446 644 507
446 737 69
446 807 72
446 912 546
449 450 614
449 451 614
449 731 560
449 732 399
450 451 614
451 605 219
451 878 219
451 1104 258
453 454 254
455 478 212
455 512 157
455 727 180
455 733 133
455 734 86
455 856 44
456 690 233
456 765 233
457 693 9
457 818 45
458 516 360
461 814 158
462 934 479
466 467 298
467 700 471
468 469 94
468 628 164
468 682 284
469 628 28
470 500 154
471 523 390
473 474 278
473 475 278
474 475 226
474 481 304
474 482 226
474 612 47
474 646 42
474 721 43
475 481 304
475 482 121
475 601 226
477 510 345
478 512 212
481 482 304
482 601 226
483 484 145
485 486 278
486 548 215
489 490 475
490 916 250
491 957 355
493 594 331
499 567 166
499 885 389
499 924 359
499 928 60
502 503 477
502 504 477
503 504 173
503 832 188
503 833 173
503 834 188
503 835 188
504 832 188
504 833 173
504 834 188
504 835 188
506 507 449
511 512 430
512 586 249
512 753 80
513 514 442
515 516 388
519 817 274
519 877 172
519 940 64
524 1055 278
525 526 238
525 527 224
525 745 106
525 829 224
526 527 238
527 829 224
530 565 249
531 532 275
531 654 103
531 738 82
531 739 116
531 840 32
531 952 32
534 535 325
536 537 330
536 557 42
538 539 315
538 540 315
538 541 315
538 542 315
539 540 315
539 541 315
539 542 315
539 771 319
539 831 319
540 541 315
540 542 315
541 542 315
543 544 247
543 545 247
543 546 247
543 971 150
543 991 7
543 999 9
544 545 247
544 546 247
545 546 247
547 578 250
548 777 262
550 863 376
551 552 278
553 632 73
553 668 195
553 724 221
553 786 156
554 555 307
557 756 108
557 762 170
557 966 170
564 619 445
564 620 445
566 770 132
566 782 42
567 928 190
570 571 177
570 572 199
571 572 199
571 758 21
571 806 582
571 1044 606
571 1056 606
571 1057 651
571 1058 651
571 1059 622
571 1060 651
571 1061 653
573 574 248
574 726 169
574 771 169
575 582 255
580 581 254
581 719 197
581 725 229
581 726 229
582 821 279
585 684 306
585 812 273
588 655 253
588 656 253
588 659 192
588 746 192
590 594 52
590 649 253
592 593 363
592 634 412
593 634 412
593 909 527
593 911 527
594 649 240
594 929 160
595 900 325
596 881 567
598 699 569
598 707 569
598 708 569
598 709 569
598 710 569
598 1111 51
602 615 483
603 604 343
603 605 343
604 605 310
605 625 410
605 626 410
605 627 219
605 878 219
605 1104 258
606 607 358
608 763 70
608 792 70
609 774 177
609 775 223
609 995 3
610 891 16
610 920 16
610 1002 16
611 842 255
611 913 254
613 614 482
616 958 348
616 1047 329
617 643 507
617 644 507
617 912 546
618 807 581
618 808 581
619 620 445
620 623 428
620 653 428
623 653 428
625 626 410
625 627 410
626 627 410
627 701 543
627 702 543
627 878 219
630 631 403
630 632 403
630 633 403
631 632 403
631 633 403
632 633 403
632 850 37
633 711 577
634 909 527
634 911 527
640 780 162
640 883 222
640 1106 222
643 644 507
645 646 536
646 721 27
646 875 308
647 659 140
647 746 140
647 794 25
647 795 174
648 790 290
651 652 238
653 654 193
653 713 74
653 728 213
654 669 347
654 670 347
654 671 347
654 672 347
654 738 103
654 739 116
655 656 253
659 746 140
666 667 386
666 668 386
667 668 343
669 670 347
669 671 347
669 672 347
670 671 347
670 672 347
671 672 347
678 679 391
678 1055 230
684 812 306
687 688 201
689 690 269
689 691 250
689 692 250
690 692 269
690 765 233
691 692 250
691 742 129
692 752 89
692 791 13
692 793 22
692 870 22
692 873 35
692 888 18
692 891 5
692 992 5
692 994 35
692 1096 57
694 714 107
699 707 569
699 708 569
699 709 569
699 710 569
701 702 543
704 837 333
704 843 65
704 879 392
704 923 121
707 708 569
707 709 569
707 710 569
708 709 569
708 710 569
709 710 569
713 869 74
714 947 151
715 716 223
715 717 223
715 718 223
716 717 223
716 718 223
717 718 223
720 721 87
721 722 194
723 760 45
725 726 229
726 771 169
726 772 176
729 730 615
736 743 124
738 739 116
741 745 112
742 764 34
746 770 132
748 749 83
750 751 148
750 846 414
750 858 414
750 904 414
750 980 414
750 988 414
750 989 414
750 990 414
750 1040 467
750 1041 467
750 1042 467
751 846 414
751 858 414
751 904 414
751 980 414
751 988 414
751 989 414
751 990 414
751 1040 476
751 1041 476
751 1042 476
754 755 98
762 854 24
762 855 24
762 966 170
763 792 70
763 837 143
766 767 218
768 769 216
770 782 132
771 772 123
771 830 171
771 831 171
772 830 171
772 831 171
773 776 179
773 777 179
774 775 223
778 779 88
778 965 173
782 815 385
782 903 599
783 784 145
783 839 8
783 930 8
783 979 8
785 933 102
785 971 102
788 789 168
791 888 31
791 891 31
792 837 222
792 848 50
793 888 119
794 800 47
798 799 41
801 802 613
805 874 227
805 908 161
805 933 126
805 945 145
805 1013 300
805 1014 267
805 1062 379
805 1085 203
806 1043 504
806 1044 504
806 1045 504
806 1056 606
806 1061 653
807 808 581
809 975 134
810 811 268
811 834 206
811 972 150
811 976 469
811 978 469
811 1065 638
811 1082 296
811 1089 357
811 1090 357
813 814 274
814 823 282
814 917 350
814 927 149
815 1066 634
818 819 245
820 928 364
824 905 554
826 827 200
826 828 200
826 1087 285
827 828 139
827 996 159
828 874 278
828 935 397
828 967 141
828 996 77
828 1108 199
828 1109 199
830 831 171
832 833 188
832 834 188
832 835 188
833 834 188
833 835 188
834 835 188
834 1004 92
837 1098 84
838 839 102
838 840 157
838 841 157
838 930 102
839 840 157
839 841 157
839 930 6
839 979 6
840 841 157
840 930 157
840 952 32
841 930 157
845 846 208
846 847 263
846 857 467
846 858 414
846 904 414
846 980 414
846 988 414
846 989 414
846 990 414
846 1040 467
846 1041 467
846 1042 467
850 1092 164
851 852 48
851 853 48
852 853 48
854 855 24
857 858 467
858 904 414
858 980 414
858 988 414
858 989 414
858 990 414
858 1040 467
858 1041 467
858 1042 467
859 860 373
861 862 522
862 1038 485
862 1039 485
864 866 538
864 868 538
865 867 338
866 868 538
871 962 14
873 886 394
873 887 299
873 888 51
873 891 35
873 894 127
873 895 127
873 896 127
873 897 127
873 994 35
873 1096 57
874 908 204
874 933 204
874 1048 204
874 1088 460
876 1011 494
880 881 85
880 882 85
880 982 85
881 882 85
881 948 291
881 982 85
881 1094 291
882 982 85
883 1106 222
886 888 394
887 888 299
887 892 120
888 891 31
890 891 93
891 920 16
891 994 35
891 1002 16
892 894 120
892 895 120
892 896 120
894 895 120
894 896 120
894 897 127
895 896 120
895 897 127
896 897 127
899 914 340
899 915 340
900 902 298
904 980 414
904 988 414
904 989 414
904 990 414
904 1040 467
904 1041 467
904 1042 467
906 907 577
908 933 161
908 1048 204
909 910 611
909 911 386
909 985 621
910 911 611
910 985 621
911 985 621
911 1101 101
914 915 340
919 997 80
920 921 114
920 922 114
920 1002 16
921 922 114
925 926 304
926 1070 304
928 1049 352
930 979 6
933 945 145
933 971 99
933 972 90
933 973 90
933 1048 128
933 1085 203
933 1107 162
936 937 358
937 1003 371
937 1051 371
937 1052 371
938 939 17
940 1000 39
940 1100 103
941 1078 116
948 972 408
948 982 291
948 986 408
948 987 251
948 1005 251
948 1006 251
948 1007 251
948 1046 216
948 1093 264
948 1094 291
954 955 23
954 956 23
955 956 23
958 1047 348
965 1083 303
965 1084 303
967 983 628
967 984 628
967 996 141
968 970 105
969 970 105
971 1048 128
972 973 90
972 986 408
976 977 232
976 978 232
977 978 232
980 988 414
980 989 414
980 990 414
980 1040 467
980 1041 467
980 1042 467
981 982 417
982 1094 291
983 984 628
987 1005 251
988 989 414
988 990 414
988 1040 467
988 1041 467
988 1042 467
989 990 414
989 1040 476
989 1041 476
989 1042 476
990 1040 467
990 1041 467
990 1042 467
991 999 9
993 994 2
993 1103 36
999 1009 642
999 1010 642
1003 1051 371
1003 1052 371
1006 1007 251
1009 1010 642
1013 1014 300
1016 1017 420
1016 1018 420
1017 1018 420
1020 1021 635
1020 1022 635
1020 1023 635
1020 1024 635
1021 1022 635
1021 1023 635
1021 1024 635
1022 1023 635
1022 1024 635
1023 1024 617
1023 1034 585
1023 1067 617
1024 1067 617
1027 1028 327
1028 1069 178
1028 1113 178
1031 1032 518
1032 1033 278
1032 1035 325
1032 1036 417
1032 1086 278
1033 1086 278
1038 1039 485
1040 1041 467
1040 1042 467
1041 1042 467
1043 1044 504
1043 1045 504
1044 1045 504
1044 1056 606
1051 1052 371
1057 1058 651
1057 1059 651
1057 1060 651
1058 1059 651
1058 1060 651
1059 1060 651
1063 1064 620
1069 1113 178
1071 1072 126
1080 1081 110
1081 1110 163
1083 1084 303
1089 1090 357
1108 1109 199
