0 367 2
1 161 1
2 95 2
2 186 3
2 205 2
2 260 2
2 322 2
2 361 2
2 464 2
2 475 1
3 158 2
3 172 1
4 157 1
5 452 4
6 75 2
7 26 3
8 148 1
8 304 2
9 383 1
9 455 2
10 300 1
11 472 1
12 106 1
13 65 1
13 459 2
14 300 1
15 128 2
16 121 2
16 210 2
16 274 2
16 300 1
17 464 1
18 364 1
19 399 1
20 300 2
21 210 1
22 57 1
23 35 2
23 101 2
23 410 2
24 325 2
25 282 1
26 61 3
26 92 3
26 96 3
26 179 3
26 262 3
26 429 3
26 454 3
27 300 1
28 268 1
29 317 1
30 96 1
31 359 3
32 147 1
32 443 1
33 67 1
33 353 1
34 130 1
34 280 2
34 340 1
35 36 1
35 294 1
36 294 1
36 300 1
37 327 4
38 364 1
39 146 2
39 173 2
40 172 2
40 302 1
41 302 2
41 409 2
42 295 2
43 55 2
44 62 1
45 275 3
46 62 1
47 420 1
48 196 1
49 343 2
50 370 1
51 409 1
51 464 1
52 374 1
53 340 1
54 361 2
54 467 2
56 164 2
56 311 3
57 100 4
57 141 1
57 142 1
57 204 1
57 222 1
57 231 4
57 244 3
57 396 1
57 424 4
58 354 4
59 431 1
60 83 3
62 89 1
62 229 1
62 326 1
63 169 4
63 295 2
63 325 2
64 469 1
66 389 2
67 484 1
68 147 2
69 344 1
70 82 4
71 165 1
71 212 1
72 330 1
73 300 1
74 407 1
75 233 3
75 254 2
75 274 3
75 286 2
75 422 1
75 458 2
76 300 1
77 458 2
78 482 1
79 92 2
80 160 2
81 293 1
81 409 1
81 428 1
84 391 2
85 180 2
85 361 2
85 441 2
86 300 1
87 386 4
88 443 1
88 463 1
90 300 1
91 437 1
93 240 2
94 248 1
94 404 1
97 296 1
97 300 1
98 350 2
99 317 1
101 220 1
101 350 2
102 275 3
103 403 2
103 411 3
103 457 2
104 300 1
105 163 2
107 222 1
108 275 3
109 243 3
109 305 2
109 336 3
109 394 2
110 220 3
111 189 3
111 199 3
112 298 2
113 369 4
114 358 4
115 226 3
115 247 1
116 300 1
116 480 1
117 475 1
118 199 2
118 335 2
118 439 3
119 299 3
120 451 1
122 173 1
122 219 1
123 156 2
123 359 3
124 239 1
125 202 1
126 317 1
127 380 3
129 230 2
130 137 1
131 449 1
132 427 2
133 207 1
134 300 1
135 400 1
136 273 1
136 278 1
137 471 1
138 341 4
139 416 1
139 426 1
139 440 4
140 377 1
143 272 2
144 202 3
145 220 1
146 365 2
147 150 1
147 165 1
147 246 2
147 339 1
147 368 2
149 300 2
150 165 1
150 188 1
150 463 1
151 164 2
151 251 1
151 300 1
151 352 1
151 388 1
151 461 1
152 300 3
153 375 2
154 362 1
155 300 1
156 291 1
156 359 3
157 261 1
157 266 3
158 220 1
159 332 3
161 285 1
162 232 4
163 483 3
164 199 2
165 377 1
165 443 1
166 374 1
167 377 1
168 374 1
169 295 2
169 325 2
170 300 1
171 432 1
172 426 1
173 371 4
174 300 1
174 350 2
174 373 2
175 350 2
176 370 1
177 454 2
178 374 1
179 463 2
180 317 1
180 393 1
181 184 2
182 340 1
183 250 1
185 252 1
187 225 1
188 384 1
189 199 2
189 328 2
190 300 1
191 303 1
192 417 4
193 294 1
194 212 2
195 379 1
195 383 2
195 443 2
196 234 1
197 350 2
198 466 2
199 329 2
200 323 3
201 235 1
202 243 3
202 308 3
202 355 1
202 445 1
203 340 1
206 401 1
208 210 1
209 300 1
210 240 1
210 369 4
210 441 2
211 249 1
212 267 1
212 377 1
213 474 2
214 223 2
215 408 1
216 306 1
217 470 2
218 228 2
220 290 3
221 346 3
222 255 3
222 293 1
222 343 2
224 300 1
225 402 1
227 296 1
228 403 4
229 331 1
232 375 4
232 381 1
232 444 1
234 300 1
236 467 1
237 458 2
238 401 1
239 307 1
241 300 1
242 419 1
245 314 1
245 315 1
245 344 1
246 289 1
246 405 1
246 415 2
253 294 3
256 447 1
257 475 1
258 372 3
259 361 1
263 370 2
264 310 3
264 364 3
264 468 3
265 435 1
269 339 2
270 300 1
271 374 1
275 330 1
276 303 1
277 303 2
277 436 2
279 347 1
281 300 1
283 423 1
284 300 1
287 295 2
288 340 1
292 297 1
293 302 1
294 465 1
296 300 1
300 309 1
300 318 1
300 328 1
300 333 1
300 334 1
300 349 1
300 351 1
300 356 1
300 391 3
300 408 1
300 413 1
300 414 1
300 433 1
300 448 3
300 453 1
300 476 4
300 481 1
301 406 2
302 409 1
307 463 1
307 473 2
312 469 1
313 458 2
314 315 1
316 463 1
316 478 2
317 366 1
317 463 1
319 373 2
319 431 2
320 378 1
321 322 1
322 374 1
324 357 4
325 392 2
332 339 1
332 340 1
332 390 1
335 360 2
337 348 1
338 361 1
339 383 1
339 390 1
339 443 1
340 405 1
341 385 4
342 473 1
344 359 3
345 353 3
345 403 2
345 411 3
345 457 2
353 484 1
361 366 1
361 373 1
361 383 1
362 425 1
363 366 2
364 430 1
368 412 3
372 409 2
372 421 2
374 434 3
376 377 1
379 390 1
382 462 1
383 443 1
387 421 2
390 443 1
395 458 2
397 418 1
398 406 1
403 411 2
403 457 2
411 457 2
420 458 2
425 436 1
431 450 1
431 463 2
438 452 3
442 475 2
446 477 2
452 465 1
456 469 1
458 460 2
458 479 2
