1 2 1997
1 3 1997
1 4 1997
1 5 1997
1 6 1997
1 7 1997
1 8 1997
1 9 1997
1 10 1997
1 11 1997
1 12 1997
1 13 1997
1 14 1997
1 15 1997
1 16 1997
1 17 1997
1 18 1997
1 19 1997
1 20 1997
1 21 1997
1 22 1997
1 23 1997
1 24 1997
1 25 1997
1 26 1997
1 27 1997
1 28 1997
1 29 1997
1 30 1997
1 31 1997
1 32 1997
1 33 1997
1 34 1997
1 35 1997
1 36 1997
1 37 1997
1 38 1997
1 39 1997
1 40 1997
1 41 1997
1 42 1997
1 43 1997
1 44 1997
1 45 1997
1 46 1997
1 47 1997
1 48 1997
1 49 1997
1 50 1997
1 51 1997
1 52 1997
1 53 1997
1 55 1997
1 56 1997
1 57 1997
1 58 1997
1 60 1997
1 61 1997
1 62 1997
1 63 1997
1 64 1997
1 65 1997
1 66 1997
1 67 1997
1 68 1997
1 69 1997
1 70 1997
1 71 1997
1 72 1997
1 73 1997
1 74 1997
1 75 1997
1 76 1997
1 77 1997
1 78 1997
1 79 1997
1 80 1997
1 81 1997
1 82 1997
1 83 1997
1 84 1997
1 85 1997
1 86 1997
1 87 1997
1 88 1997
1 89 1997
1 90 1997
1 91 1997
1 92 1997
1 93 1997
1 94 1997
1 95 1997
1 96 1997
1 97 1997
1 98 1997
1 99 1997
1 100 1997
1 101 1997
1 102 1997
1 103 1997
1 104 1997
1 105 1997
1 106 1997
1 107 1997
1 108 1997
1 109 1997
1 110 1997
1 111 1997
1 112 1997
1 113 1997
1 114 1997
1 115 1997
1 116 1997
1 117 1997
1 118 1997
1 119 1997
1 120 1997
1 121 1997
1 122 1997
1 123 1997
1 124 1997
1 125 1997
1 126 1997
1 127 1997
1 128 1997
1 129 1997
1 131 1997
1 134 1997
1 135 1997
1 136 1997
1 137 1997
1 138 1997
1 139 1997
1 140 1997
1 141 1997
1 142 1997
1 143 1997
1 144 1997
1 145 1997
1 146 1997
1 147 1997
1 149 1997
1 150 1997
1 151 1997
1 152 1997
1 153 1997
1 154 1997
1 155 1997
1 157 1997
1 158 1997
1 159 1997
1 160 1997
1 161 1997
1 162 1997
1 163 1997
1 164 1997
1 165 1997
1 166 1997
1 167 1997
1 168 1997
1 169 1997
1 170 1997
1 171 1997
1 172 1997
1 173 1997
1 174 1997
1 175 1997
1 177 1997
1 178 1997
1 179 1997
1 180 1997
1 181 1997
1 183 1997
1 187 1997
2 3 1997
2 4 1997
2 5 1997
2 6 1997
2 7 1997
2 8 1997
2 9 1997
2 10 1997
2 11 1997
2 12 1997
2 13 1997
2 14 1997
2 15 1997
2 16 1997
2 17 1997
2 18 1997
2 19 1997
2 20 1997
2 21 1997
2 22 1997
2 23 1997
2 24 1997
2 25 1997
2 26 1997
2 27 1997
2 28 1997
2 29 1997
2 30 1997
2 31 1997
2 32 1997
2 33 1997
2 34 1997
2 35 1997
2 36 1997
2 37 1997
2 38 1997
2 39 1997
2 40 1997
2 41 1997
2 42 1997
2 43 1997
2 44 1997
2 45 1997
2 46 1997
2 47 1997
2 48 1997
2 49 1997
2 50 1997
2 51 1997
2 52 1997
2 53 1997
2 55 1997
2 56 1997
2 57 1997
2 58 1997
2 60 1997
2 61 1997
2 62 1997
2 63 1997
2 64 1997
2 65 1997
2 66 1997
2 67 1997
2 68 1997
2 69 1997
2 70 1997
2 71 1997
2 72 1997
2 73 1997
2 74 1997
2 75 1997
2 76 1997
2 77 1997
2 78 1997
2 79 1997
2 80 1997
2 81 1997
2 82 1997
2 83 1997
2 84 1997
2 85 1997
2 86 1997
2 87 1997
2 88 1997
2 89 1997
2 90 1997
2 91 1997
2 92 1997
2 93 1997
2 94 1997
2 95 1997
2 96 1997
2 97 1997
2 98 1997
2 99 1997
2 100 1997
2 101 1997
2 102 1997
2 103 1997
2 104 1997
2 105 1997
2 106 1997
2 107 1997
2 108 1997
2 109 1997
2 110 1997
2 111 1997
2 113 1997
2 114 1997
2 115 1997
2 116 1997
2 117 1997
2 118 1997
2 119 1997
2 120 1997
2 121 1997
2 122 1997
2 123 1997
2 124 1997
2 125 1997
2 126 1997
2 127 1997
2 128 1997
2 129 1997
2 130 1997
2 131 1997
2 133 1997
2 134 1997
2 135 1997
2 136 1997
2 137 1997
2 138 1997
2 139 1997
2 140 1997
2 141 1997
2 142 1997
2 143 1997
2 144 1997
2 145 1997
2 146 1997
2 147 1997
2 148 1997
2 149 1997
2 150 1997
2 151 1997
2 152 1997
2 153 1997
2 154 1997
2 155 1997
2 156 1997
2 157 1997
2 158 1997
2 159 1997
2 160 1997
2 161 1997
2 162 1997
2 163 1997
2 164 1997
2 165 1997
2 166 1997
2 167 1997
2 168 1997
2 169 1997
2 170 1997
2 171 1997
2 172 1997
2 173 1997
2 174 1997
2 175 1997
2 177 1997
2 178 1997
2 179 1997
2 180 1997
2 181 1997
2 183 1997
2 187 1997
3 4 1997
3 5 1997
3 6 1997
3 7 1997
3 8 1997
3 9 1997
3 11 1997
3 12 1997
3 13 1997
3 14 1997
3 15 1997
3 16 1997
3 18 1997
3 20 1997
3 22 1997
3 23 1997
3 24 1997
3 26 1997
3 28 1997
3 29 1997
3 30 1997
3 31 1997
3 33 1997
3 35 1997
3 36 1997
3 37 1997
3 38 1997
3 39 1997
3 40 1997
3 41 1997
3 42 1997
3 43 1997
3 44 1997
3 45 1997
3 46 1997
3 47 1997
3 48 1997
3 49 1997
3 51 1997
3 56 1997
3 57 1997
3 60 1997
3 61 1997
3 62 1997
3 63 1997
3 65 1997
3 66 1997
3 67 1997
3 68 1997
3 69 1997
3 70 1997
3 71 1997
3 75 1997
3 76 1997
3 77 1997
3 78 1997
3 79 1997
3 87 1997
3 93 1997
3 99 1997
3 118 1997
3 129 1997
3 133 1997
3 134 1997
3 138 1997
3 140 1997
3 154 1997
3 156 1997
3 157 1997
3 158 1997
3 159 1997
3 161 1997
3 167 1997
3 170 1997
3 171 1997
3 172 1997
3 174 1997
3 175 1997
3 177 1997
3 179 1997
3 187 1997
4 5 1997
4 6 1997
4 7 1997
4 8 1997
4 9 1997
4 11 1997
4 12 1997
4 20 1997
4 21 1997
4 22 1997
4 23 1997
4 24 1997
4 26 1997
4 27 1997
4 28 1997
4 29 1997
4 30 1997
4 31 1997
4 32 1997
4 33 1997
4 34 1997
4 35 1997
4 36 1997
4 37 1997
4 38 1997
4 39 1997
4 40 1997
4 41 1997
4 42 1997
4 43 1997
4 44 1997
4 45 1997
4 46 1997
4 47 1997
4 48 1997
4 49 1997
4 50 1997
4 51 1997
4 52 1997
4 55 1997
4 56 1997
4 60 1997
4 61 1997
4 62 1997
4 63 1997
4 65 1997
4 66 1997
4 68 1997
4 69 1997
4 70 1997
4 71 1997
4 75 1997
4 76 1997
4 77 1997
4 78 1997
4 79 1997
4 80 1997
4 82 1997
4 86 1997
4 88 1997
4 95 1997
4 99 1997
4 118 1997
4 128 1997
4 129 1997
4 130 1997
4 134 1997
4 136 1997
4 137 1997
4 138 1997
4 139 1997
4 143 1997
4 144 1997
4 146 1997
4 153 1997
4 154 1997
4 158 1997
4 159 1997
4 167 1997
4 170 1997
4 171 1997
4 172 1997
4 174 1997
4 175 1997
4 177 1997
4 179 1997
5 6 1997
5 7 1997
5 8 1997
5 9 1997
5 11 1997
5 12 1997
5 13 1997
5 15 1997
5 16 1997
5 18 1997
5 20 1997
5 22 1997
5 23 1997
5 24 1997
5 27 1997
5 28 1997
5 29 1997
5 30 1997
5 33 1997
5 35 1997
5 36 1997
5 37 1997
5 38 1997
5 39 1997
5 40 1997
5 41 1997
5 42 1997
5 43 1997
5 44 1997
5 45 1997
5 46 1997
5 47 1997
5 48 1997
5 49 1997
5 51 1997
5 61 1997
5 63 1997
5 65 1997
5 75 1997
5 76 1997
5 77 1997
5 78 1997
5 128 1997
5 134 1997
5 138 1997
5 140 1997
5 143 1997
5 154 1997
5 157 1997
5 158 1997
5 159 1997
5 161 1997
5 167 1997
5 170 1997
5 171 1997
5 174 1997
5 175 1997
5 177 1997
5 179 1997
6 7 1997
6 8 1997
6 9 1997
6 10 1997
6 11 1997
6 12 1997
6 13 1997
6 14 1997
6 15 1997
6 16 1997
6 17 1997
6 18 1997
6 19 1997
6 20 1997
6 21 1997
6 22 1997
6 23 1997
6 24 1997
6 25 1997
6 26 1997
6 27 1997
6 28 1997
6 29 1997
6 30 1997
6 31 1997
6 32 1997
6 33 1997
6 34 1997
6 35 1997
6 36 1997
6 37 1997
6 38 1997
6 39 1997
6 40 1997
6 41 1997
6 42 1997
6 43 1997
6 44 1997
6 45 1997
6 46 1997
6 47 1997
6 48 1997
6 49 1997
6 50 1997
6 51 1997
6 52 1997
6 57 1997
6 60 1997
6 61 1997
6 62 1997
6 63 1997
6 65 1997
6 66 1997
6 68 1997
6 69 1997
6 70 1997
6 71 1997
6 75 1997
6 76 1997
6 77 1997
6 78 1997
6 79 1997
6 81 1997
6 87 1997
6 90 1997
6 95 1997
6 97 1997
6 98 1997
6 106 1997
6 118 1997
6 122 1997
6 125 1997
6 127 1997
6 128 1997
6 129 1997
6 134 1997
6 135 1997
6 136 1997
6 137 1997
6 138 1997
6 139 1997
6 140 1997
6 141 1997
6 146 1997
6 154 1997
6 157 1997
6 158 1997
6 159 1997
6 161 1997
6 162 1997
6 164 1997
6 167 1997
6 170 1997
6 171 1997
6 172 1997
6 174 1997
6 175 1997
6 177 1997
6 179 1997
7 8 1997
7 9 1997
7 10 1997
7 11 1997
7 12 1997
7 13 1997
7 14 1997
7 15 1997
7 16 1997
7 17 1997
7 18 1997
7 20 1997
7 22 1997
7 23 1997
7 24 1997
7 25 1997
7 26 1997
7 27 1997
7 28 1997
7 29 1997
7 30 1997
7 31 1997
7 33 1997
7 35 1997
7 36 1997
7 37 1997
7 38 1997
7 39 1997
7 40 1997
7 41 1997
7 42 1997
7 43 1997
7 44 1997
7 45 1997
7 46 1997
7 47 1997
7 48 1997
7 49 1997
7 50 1997
7 51 1997
7 52 1997
7 60 1997
7 61 1997
7 62 1997
7 63 1997
7 66 1997
7 67 1997
7 69 1997
7 71 1997
7 75 1997
7 76 1997
7 77 1997
7 78 1997
7 79 1997
7 95 1997
7 98 1997
7 101 1997
7 115 1997
7 116 1997
7 118 1997
7 122 1997
7 134 1997
7 136 1997
7 138 1997
7 139 1997
7 140 1997
7 154 1997
7 157 1997
7 158 1997
7 159 1997
7 161 1997
7 162 1997
7 167 1997
7 170 1997
7 171 1997
7 172 1997
7 174 1997
7 175 1997
7 177 1997
7 179 1997
8 9 1997
8 10 1997
8 11 1997
8 12 1997
8 13 1997
8 14 1997
8 15 1997
8 16 1997
8 17 1997
8 18 1997
8 19 1997
8 20 1997
8 21 1997
8 22 1997
8 23 1997
8 24 1997
8 25 1997
8 26 1997
8 27 1997
8 28 1997
8 29 1997
8 30 1997
8 31 1997
8 32 1997
8 33 1997
8 34 1997
8 35 1997
8 36 1997
8 37 1997
8 38 1997
8 39 1997
8 40 1997
8 41 1997
8 42 1997
8 43 1997
8 44 1997
8 45 1997
8 46 1997
8 47 1997
8 48 1997
8 49 1997
8 50 1997
8 51 1997
8 52 1997
8 57 1997
8 61 1997
8 62 1997
8 63 1997
8 65 1997
8 66 1997
8 75 1997
8 76 1997
8 77 1997
8 78 1997
8 79 1997
8 84 1997
8 90 1997
8 91 1997
8 93 1997
8 94 1997
8 95 1997
8 98 1997
8 99 1997
8 101 1997
8 105 1997
8 117 1997
8 118 1997
8 119 1997
8 122 1997
8 127 1997
8 131 1997
8 133 1997
8 134 1997
8 137 1997
8 138 1997
8 139 1997
8 140 1997
8 141 1997
8 143 1997
8 144 1997
8 146 1997
8 154 1997
8 156 1997
8 157 1997
8 158 1997
8 159 1997
8 161 1997
8 164 1997
8 167 1997
8 170 1997
8 171 1997
8 172 1997
8 174 1997
8 175 1997
8 177 1997
8 179 1997
8 180 1997
8 181 1997
9 10 1997
9 11 1997
9 12 1997
9 13 1997
9 14 1997
9 15 1997
9 16 1997
9 17 1997
9 18 1997
9 19 1997
9 20 1997
9 21 1997
9 22 1997
9 23 1997
9 24 1997
9 25 1997
9 26 1997
9 27 1997
9 28 1997
9 29 1997
9 30 1997
9 31 1997
9 33 1997
9 34 1997
9 35 1997
9 36 1997
9 37 1997
9 38 1997
9 39 1997
9 40 1997
9 41 1997
9 42 1997
9 43 1997
9 44 1997
9 45 1997
9 46 1997
9 47 1997
9 48 1997
9 49 1997
9 50 1997
9 51 1997
9 57 1997
9 61 1997
9 62 1997
9 63 1997
9 66 1997
9 75 1997
9 76 1997
9 77 1997
9 78 1997
9 84 1997
9 85 1997
9 86 1997
9 91 1997
9 94 1997
9 95 1997
9 97 1997
9 98 1997
9 108 1997
9 116 1997
9 117 1997
9 118 1997
9 119 1997
9 122 1997
9 123 1997
9 125 1997
9 127 1997
9 129 1997
9 131 1997
9 133 1997
9 134 1997
9 136 1997
9 139 1997
9 140 1997
9 141 1997
9 144 1997
9 148 1997
9 151 1997
9 152 1997
9 154 1997
9 156 1997
9 157 1997
9 158 1997
9 159 1997
9 161 1997
9 164 1997
9 167 1997
9 170 1997
9 171 1997
9 174 1997
9 175 1997
9 177 1997
9 179 1997
10 11 1997
10 12 1997
10 13 1997
10 14 1997
10 15 1997
10 16 1997
10 17 1997
10 22 1997
10 24 1997
10 25 1997
10 26 1997
10 27 1997
10 29 1997
10 36 1997
10 37 1997
10 38 1997
10 39 1997
10 41 1997
10 42 1997
10 43 1997
10 45 1997
10 46 1997
10 47 1997
10 48 1997
10 49 1997
10 51 1997
10 61 1997
10 70 1997
10 76 1997
10 77 1997
10 78 1997
10 106 1997
10 134 1997
10 136 1997
10 138 1997
10 143 1997
10 144 1997
10 154 1997
10 157 1997
10 158 1997
10 159 1997
10 162 1997
10 167 1997
10 170 1997
10 171 1997
10 175 1997
10 177 1997
10 179 1997
10 183 1997
11 12 1997
11 13 1997
11 14 1997
11 15 1997
11 16 1997
11 17 1997
11 22 1997
11 24 1997
11 26 1997
11 27 1997
11 35 1997
11 36 1997
11 37 1997
11 38 1997
11 39 1997
11 41 1997
11 43 1997
11 44 1997
11 45 1997
11 46 1997
11 47 1997
11 51 1997
11 75 1997
11 76 1997
11 77 1997
11 78 1997
11 85 1997
11 86 1997
11 89 1997
11 94 1997
11 100 1997
11 101 1997
11 106 1997
11 119 1997
11 122 1997
11 131 1997
11 133 1997
11 134 1997
11 137 1997
11 140 1997
11 143 1997
11 144 1997
11 154 1997
11 156 1997
11 157 1997
11 158 1997
11 159 1997
11 162 1997
11 167 1997
11 170 1997
11 171 1997
11 175 1997
11 177 1997
11 179 1997
11 181 1997
11 187 1997
12 13 1997
12 14 1997
12 15 1997
12 16 1997
12 17 1997
12 22 1997
12 23 1997
12 24 1997
12 25 1997
12 26 1997
12 27 1997
12 29 1997
12 30 1997
12 31 1997
12 33 1997
12 34 1997
12 36 1997
12 37 1997
12 38 1997
12 39 1997
12 41 1997
12 42 1997
12 43 1997
12 45 1997
12 46 1997
12 47 1997
12 51 1997
12 66 1997
12 75 1997
12 76 1997
12 77 1997
12 78 1997
12 86 1997
12 87 1997
12 88 1997
12 93 1997
12 97 1997
12 117 1997
12 122 1997
12 133 1997
12 134 1997
12 139 1997
12 140 1997
12 147 1997
12 148 1997
12 154 1997
12 156 1997
12 157 1997
12 158 1997
12 159 1997
12 161 1997
12 162 1997
12 167 1997
12 170 1997
12 171 1997
12 175 1997
12 177 1997
12 179 1997
13 14 1997
13 15 1997
13 16 1997
13 17 1997
13 18 1997
13 19 1997
13 22 1997
13 23 1997
13 24 1997
13 25 1997
13 26 1997
13 27 1997
13 29 1997
13 33 1997
13 34 1997
13 36 1997
13 37 1997
13 38 1997
13 39 1997
13 41 1997
13 42 1997
13 43 1997
13 44 1997
13 45 1997
13 46 1997
13 47 1997
13 51 1997
13 61 1997
13 63 1997
13 65 1997
13 66 1997
13 68 1997
13 69 1997
13 75 1997
13 76 1997
13 77 1997
13 78 1997
13 91 1997
13 117 1997
13 134 1997
13 148 1997
13 154 1997
13 157 1997
13 158 1997
13 159 1997
13 161 1997
13 164 1997
13 167 1997
13 171 1997
13 172 1997
13 175 1997
13 177 1997
13 179 1997
14 17 1997
14 22 1997
14 24 1997
14 26 1997
14 27 1997
14 33 1997
14 36 1997
14 37 1997
14 38 1997
14 39 1997
14 41 1997
14 42 1997
14 43 1997
14 45 1997
14 46 1997
14 47 1997
14 48 1997
14 51 1997
14 61 1997
14 63 1997
14 67 1997
14 68 1997
14 75 1997
14 76 1997
14 78 1997
14 95 1997
14 98 1997
14 106 1997
14 116 1997
14 129 1997
14 134 1997
14 138 1997
14 144 1997
14 154 1997
14 157 1997
14 159 1997
14 171 1997
14 172 1997
14 174 1997
14 175 1997
14 177 1997
14 179 1997
15 22 1997
15 24 1997
15 26 1997
15 36 1997
15 37 1997
15 38 1997
15 39 1997
15 41 1997
15 42 1997
15 43 1997
15 45 1997
15 46 1997
15 47 1997
15 51 1997
15 61 1997
15 74 1997
15 75 1997
15 76 1997
15 78 1997
15 106 1997
15 128 1997
15 138 1997
15 154 1997
15 157 1997
15 158 1997
15 159 1997
15 168 1997
15 175 1997
15 177 1997
15 179 1997
16 17 1997
16 18 1997
16 19 1997
16 20 1997
16 21 1997
16 22 1997
16 23 1997
16 24 1997
16 25 1997
16 28 1997
16 29 1997
16 30 1997
16 31 1997
16 32 1997
16 33 1997
16 34 1997
16 35 1997
16 36 1997
16 37 1997
16 38 1997
16 39 1997
16 40 1997
16 41 1997
16 42 1997
16 43 1997
16 44 1997
16 45 1997
16 46 1997
16 47 1997
16 48 1997
16 49 1997
16 50 1997
16 51 1997
16 55 1997
16 56 1997
16 61 1997
16 62 1997
16 63 1997
16 64 1997
16 65 1997
16 66 1997
16 67 1997
16 68 1997
16 69 1997
16 70 1997
16 71 1997
16 73 1997
16 75 1997
16 76 1997
16 77 1997
16 78 1997
16 79 1997
16 80 1997
16 86 1997
16 89 1997
16 90 1997
16 93 1997
16 94 1997
16 96 1997
16 97 1997
16 98 1997
16 100 1997
16 102 1997
16 103 1997
16 105 1997
16 106 1997
16 107 1997
16 114 1997
16 115 1997
16 116 1997
16 123 1997
16 126 1997
16 127 1997
16 128 1997
16 129 1997
16 130 1997
16 133 1997
16 134 1997
16 135 1997
16 136 1997
16 138 1997
16 139 1997
16 140 1997
16 141 1997
16 143 1997
16 147 1997
16 153 1997
16 154 1997
16 157 1997
16 158 1997
16 159 1997
16 161 1997
16 162 1997
16 164 1997
16 167 1997
16 168 1997
16 170 1997
16 171 1997
16 172 1997
16 174 1997
16 175 1997
16 177 1997
16 179 1997
16 183 1997
17 18 1997
17 19 1997
17 20 1997
17 22 1997
17 23 1997
17 24 1997
17 25 1997
17 26 1997
17 28 1997
17 34 1997
17 35 1997
17 36 1997
17 37 1997
17 38 1997
17 39 1997
17 41 1997
17 42 1997
17 43 1997
17 44 1997
17 45 1997
17 46 1997
17 47 1997
17 48 1997
17 49 1997
17 51 1997
17 60 1997
17 61 1997
17 63 1997
17 65 1997
17 68 1997
17 69 1997
17 70 1997
17 75 1997
17 76 1997
17 77 1997
17 78 1997
17 134 1997
17 140 1997
17 154 1997
17 157 1997
17 158 1997
17 159 1997
17 161 1997
17 167 1997
17 170 1997
17 171 1997
17 175 1997
17 177 1997
17 179 1997
18 19 1997
18 20 1997
18 21 1997
18 22 1997
18 23 1997
18 24 1997
18 25 1997
18 27 1997
18 28 1997
18 29 1997
18 30 1997
18 31 1997
18 32 1997
18 33 1997
18 35 1997
18 36 1997
18 37 1997
18 38 1997
18 39 1997
18 40 1997
18 41 1997
18 42 1997
18 43 1997
18 44 1997
18 45 1997
18 46 1997
18 47 1997
18 48 1997
18 49 1997
18 50 1997
18 51 1997
18 52 1997
18 55 1997
18 60 1997
18 61 1997
18 62 1997
18 63 1997
18 65 1997
18 66 1997
18 67 1997
18 68 1997
18 69 1997
18 70 1997
18 71 1997
18 75 1997
18 76 1997
18 77 1997
18 78 1997
18 79 1997
18 90 1997
18 98 1997
18 118 1997
18 134 1997
18 136 1997
18 138 1997
18 139 1997
18 140 1997
18 141 1997
18 143 1997
18 144 1997
18 146 1997
18 147 1997
18 154 1997
18 157 1997
18 158 1997
18 159 1997
18 161 1997
18 162 1997
18 164 1997
18 167 1997
18 171 1997
18 172 1997
18 174 1997
18 175 1997
18 177 1997
18 179 1997
19 20 1997
19 21 1997
19 22 1997
19 23 1997
19 24 1997
19 25 1997
19 28 1997
19 29 1997
19 30 1997
19 31 1997
19 33 1997
19 34 1997
19 35 1997
19 36 1997
19 37 1997
19 38 1997
19 39 1997
19 40 1997
19 41 1997
19 42 1997
19 43 1997
19 44 1997
19 45 1997
19 46 1997
19 47 1997
19 48 1997
19 49 1997
19 50 1997
19 51 1997
19 56 1997
19 60 1997
19 61 1997
19 63 1997
19 65 1997
19 66 1997
19 67 1997
19 68 1997
19 69 1997
19 71 1997
19 75 1997
19 76 1997
19 77 1997
19 78 1997
19 79 1997
19 128 1997
19 129 1997
19 134 1997
19 138 1997
19 139 1997
19 140 1997
19 141 1997
19 154 1997
19 157 1997
19 158 1997
19 159 1997
19 161 1997
19 162 1997
19 167 1997
19 170 1997
19 171 1997
19 172 1997
19 174 1997
19 175 1997
19 177 1997
19 179 1997
20 21 1997
20 22 1997
20 23 1997
20 24 1997
20 25 1997
20 26 1997
20 28 1997
20 29 1997
20 30 1997
20 31 1997
20 32 1997
20 33 1997
20 34 1997
20 35 1997
20 36 1997
20 37 1997
20 38 1997
20 39 1997
20 40 1997
20 41 1997
20 42 1997
20 43 1997
20 44 1997
20 45 1997
20 46 1997
20 47 1997
20 48 1997
20 49 1997
20 51 1997
20 60 1997
20 61 1997
20 62 1997
20 63 1997
20 65 1997
20 66 1997
20 67 1997
20 71 1997
20 75 1997
20 76 1997
20 77 1997
20 78 1997
20 79 1997
20 118 1997
20 127 1997
20 134 1997
20 138 1997
20 140 1997
20 141 1997
20 151 1997
20 154 1997
20 157 1997
20 158 1997
20 159 1997
20 161 1997
20 162 1997
20 164 1997
20 167 1997
20 170 1997
20 171 1997
20 172 1997
20 174 1997
20 175 1997
20 177 1997
20 179 1997
21 22 1997
21 23 1997
21 24 1997
21 25 1997
21 28 1997
21 29 1997
21 30 1997
21 31 1997
21 33 1997
21 34 1997
21 36 1997
21 37 1997
21 38 1997
21 39 1997
21 40 1997
21 41 1997
21 42 1997
21 43 1997
21 44 1997
21 45 1997
21 46 1997
21 47 1997
21 48 1997
21 49 1997
21 51 1997
21 60 1997
21 61 1997
21 63 1997
21 66 1997
21 69 1997
21 70 1997
21 71 1997
21 75 1997
21 76 1997
21 77 1997
21 78 1997
21 79 1997
21 134 1997
21 138 1997
21 140 1997
21 147 1997
21 154 1997
21 157 1997
21 158 1997
21 159 1997
21 161 1997
21 167 1997
21 171 1997
21 174 1997
21 175 1997
21 177 1997
21 179 1997
22 23 1997
22 24 1997
22 25 1997
22 26 1997
22 27 1997
22 28 1997
22 29 1997
22 30 1997
22 31 1997
22 32 1997
22 33 1997
22 34 1997
22 35 1997
22 36 1997
22 37 1997
22 38 1997
22 39 1997
22 40 1997
22 41 1997
22 42 1997
22 43 1997
22 44 1997
22 45 1997
22 46 1997
22 47 1997
22 48 1997
22 49 1997
22 50 1997
22 51 1997
22 52 1997
22 53 1997
22 55 1997
22 56 1997
22 60 1997
22 61 1997
22 62 1997
22 63 1997
22 65 1997
22 66 1997
22 67 1997
22 68 1997
22 69 1997
22 70 1997
22 71 1997
22 74 1997
22 75 1997
22 76 1997
22 77 1997
22 78 1997
22 79 1997
22 90 1997
22 97 1997
22 105 1997
22 106 1997
22 115 1997
22 118 1997
22 123 1997
22 125 1997
22 127 1997
22 129 1997
22 133 1997
22 134 1997
22 136 1997
22 137 1997
22 138 1997
22 139 1997
22 140 1997
22 141 1997
22 143 1997
22 144 1997
22 146 1997
22 147 1997
22 148 1997
22 153 1997
22 154 1997
22 156 1997
22 157 1997
22 158 1997
22 159 1997
22 161 1997
22 162 1997
22 164 1997
22 166 1997
22 167 1997
22 170 1997
22 171 1997
22 172 1997
22 174 1997
22 175 1997
22 177 1997
22 179 1997
23 24 1997
23 25 1997
23 26 1997
23 27 1997
23 28 1997
23 29 1997
23 30 1997
23 31 1997
23 32 1997
23 33 1997
23 34 1997
23 35 1997
23 36 1997
23 37 1997
23 38 1997
23 39 1997
23 40 1997
23 41 1997
23 42 1997
23 43 1997
23 44 1997
23 45 1997
23 46 1997
23 47 1997
23 48 1997
23 49 1997
23 50 1997
23 51 1997
23 55 1997
23 56 1997
23 60 1997
23 61 1997
23 62 1997
23 63 1997
23 65 1997
23 66 1997
23 67 1997
23 68 1997
23 69 1997
23 70 1997
23 71 1997
23 72 1997
23 75 1997
23 76 1997
23 77 1997
23 78 1997
23 79 1997
23 87 1997
23 90 1997
23 95 1997
23 97 1997
23 111 1997
23 118 1997
23 123 1997
23 129 1997
23 134 1997
23 138 1997
23 140 1997
23 153 1997
23 154 1997
23 157 1997
23 158 1997
23 159 1997
23 161 1997
23 162 1997
23 164 1997
23 167 1997
23 170 1997
23 171 1997
23 172 1997
23 174 1997
23 175 1997
23 177 1997
23 179 1997
24 25 1997
24 26 1997
24 27 1997
24 28 1997
24 29 1997
24 30 1997
24 31 1997
24 32 1997
24 33 1997
24 34 1997
24 35 1997
24 36 1997
24 37 1997
24 38 1997
24 39 1997
24 40 1997
24 41 1997
24 42 1997
24 43 1997
24 44 1997
24 45 1997
24 46 1997
24 47 1997
24 48 1997
24 49 1997
24 50 1997
24 51 1997
24 52 1997
24 53 1997
24 55 1997
24 56 1997
24 57 1997
24 58 1997
24 60 1997
24 61 1997
24 62 1997
24 63 1997
24 64 1997
24 65 1997
24 66 1997
24 67 1997
24 68 1997
24 69 1997
24 70 1997
24 71 1997
24 72 1997
24 73 1997
24 75 1997
24 76 1997
24 77 1997
24 78 1997
24 79 1997
24 80 1997
24 84 1997
24 86 1997
24 87 1997
24 88 1997
24 89 1997
24 90 1997
24 91 1997
24 93 1997
24 95 1997
24 96 1997
24 97 1997
24 98 1997
24 99 1997
24 102 1997
24 105 1997
24 106 1997
24 112 1997
24 116 1997
24 118 1997
24 123 1997
24 125 1997
24 127 1997
24 128 1997
24 129 1997
24 131 1997
24 133 1997
24 134 1997
24 135 1997
24 136 1997
24 137 1997
24 138 1997
24 139 1997
24 140 1997
24 141 1997
24 143 1997
24 144 1997
24 145 1997
24 146 1997
24 148 1997
24 153 1997
24 154 1997
24 156 1997
24 157 1997
24 158 1997
24 159 1997
24 160 1997
24 161 1997
24 162 1997
24 163 1997
24 164 1997
24 167 1997
24 169 1997
24 170 1997
24 171 1997
24 172 1997
24 173 1997
24 174 1997
24 175 1997
24 177 1997
24 179 1997
24 183 1997
25 28 1997
25 29 1997
25 30 1997
25 31 1997
25 32 1997
25 33 1997
25 34 1997
25 35 1997
25 36 1997
25 37 1997
25 38 1997
25 39 1997
25 40 1997
25 41 1997
25 42 1997
25 43 1997
25 44 1997
25 45 1997
25 46 1997
25 47 1997
25 48 1997
25 49 1997
25 50 1997
25 51 1997
25 52 1997
25 53 1997
25 56 1997
25 60 1997
25 61 1997
25 62 1997
25 63 1997
25 65 1997
25 66 1997
25 67 1997
25 68 1997
25 69 1997
25 70 1997
25 71 1997
25 74 1997
25 75 1997
25 76 1997
25 77 1997
25 78 1997
25 79 1997
25 84 1997
25 86 1997
25 90 1997
25 92 1997
25 106 1997
25 118 1997
25 123 1997
25 128 1997
25 129 1997
25 134 1997
25 136 1997
25 138 1997
25 139 1997
25 140 1997
25 141 1997
25 143 1997
25 147 1997
25 153 1997
25 154 1997
25 157 1997
25 158 1997
25 159 1997
25 161 1997
25 162 1997
25 164 1997
25 167 1997
25 170 1997
25 171 1997
25 172 1997
25 174 1997
25 175 1997
25 177 1997
25 179 1997
26 27 1997
26 28 1997
26 29 1997
26 33 1997
26 36 1997
26 37 1997
26 38 1997
26 39 1997
26 40 1997
26 41 1997
26 42 1997
26 43 1997
26 45 1997
26 46 1997
26 47 1997
26 48 1997
26 49 1997
26 50 1997
26 51 1997
26 61 1997
26 63 1997
26 65 1997
26 75 1997
26 76 1997
26 78 1997
26 95 1997
26 98 1997
26 106 1997
26 118 1997
26 119 1997
26 131 1997
26 134 1997
26 138 1997
26 154 1997
26 156 1997
26 157 1997
26 158 1997
26 159 1997
26 161 1997
26 167 1997
26 171 1997
26 172 1997
26 175 1997
26 177 1997
26 178 1997
26 179 1997
27 29 1997
27 30 1997
27 33 1997
27 34 1997
27 35 1997
27 36 1997
27 37 1997
27 38 1997
27 39 1997
27 40 1997
27 41 1997
27 42 1997
27 43 1997
27 44 1997
27 45 1997
27 46 1997
27 47 1997
27 49 1997
27 51 1997
27 60 1997
27 61 1997
27 75 1997
27 76 1997
27 77 1997
27 78 1997
27 93 1997
27 134 1997
27 138 1997
27 140 1997
27 146 1997
27 154 1997
27 156 1997
27 157 1997
27 158 1997
27 159 1997
27 161 1997
27 167 1997
27 171 1997
27 175 1997
27 177 1997
27 179 1997
28 29 1997
28 30 1997
28 31 1997
28 32 1997
28 33 1997
28 34 1997
28 35 1997
28 36 1997
28 37 1997
28 38 1997
28 39 1997
28 40 1997
28 41 1997
28 42 1997
28 43 1997
28 44 1997
28 45 1997
28 46 1997
28 47 1997
28 48 1997
28 49 1997
28 50 1997
28 51 1997
28 52 1997
28 53 1997
28 55 1997
28 56 1997
28 60 1997
28 61 1997
28 63 1997
28 64 1997
28 65 1997
28 66 1997
28 67 1997
28 68 1997
28 69 1997
28 70 1997
28 71 1997
28 72 1997
28 73 1997
28 74 1997
28 75 1997
28 76 1997
28 77 1997
28 78 1997
28 79 1997
28 90 1997
28 95 1997
28 98 1997
28 105 1997
28 118 1997
28 125 1997
28 127 1997
28 128 1997
28 129 1997
28 134 1997
28 136 1997
28 138 1997
28 139 1997
28 140 1997
28 141 1997
28 143 1997
28 146 1997
28 148 1997
28 153 1997
28 154 1997
28 156 1997
28 157 1997
28 158 1997
28 159 1997
28 161 1997
28 164 1997
28 167 1997
28 170 1997
28 171 1997
28 172 1997
28 174 1997
28 175 1997
28 177 1997
28 179 1997
29 30 1997
29 31 1997
29 32 1997
29 33 1997
29 34 1997
29 35 1997
29 36 1997
29 37 1997
29 38 1997
29 39 1997
29 40 1997
29 41 1997
29 42 1997
29 43 1997
29 44 1997
29 45 1997
29 46 1997
29 47 1997
29 48 1997
29 49 1997
29 50 1997
29 51 1997
29 52 1997
29 53 1997
29 55 1997
29 56 1997
29 57 1997
29 60 1997
29 61 1997
29 62 1997
29 63 1997
29 64 1997
29 65 1997
29 66 1997
29 67 1997
29 68 1997
29 69 1997
29 70 1997
29 71 1997
29 72 1997
29 75 1997
29 76 1997
29 77 1997
29 78 1997
29 79 1997
29 84 1997
29 85 1997
29 86 1997
29 90 1997
29 91 1997
29 93 1997
29 95 1997
29 97 1997
29 98 1997
29 99 1997
29 102 1997
29 106 1997
29 113 1997
29 115 1997
29 118 1997
29 123 1997
29 125 1997
29 127 1997
29 128 1997
29 129 1997
29 133 1997
29 134 1997
29 136 1997
29 137 1997
29 138 1997
29 139 1997
29 140 1997
29 141 1997
29 142 1997
29 143 1997
29 145 1997
29 146 1997
29 147 1997
29 148 1997
29 153 1997
29 154 1997
29 156 1997
29 157 1997
29 158 1997
29 159 1997
29 161 1997
29 162 1997
29 164 1997
29 166 1997
29 167 1997
29 170 1997
29 171 1997
29 172 1997
29 173 1997
29 174 1997
29 175 1997
29 177 1997
29 178 1997
29 179 1997
30 31 1997
30 32 1997
30 33 1997
30 34 1997
30 35 1997
30 36 1997
30 37 1997
30 38 1997
30 39 1997
30 40 1997
30 41 1997
30 42 1997
30 43 1997
30 44 1997
30 45 1997
30 46 1997
30 47 1997
30 48 1997
30 49 1997
30 50 1997
30 51 1997
30 52 1997
30 53 1997
30 55 1997
30 56 1997
30 57 1997
30 60 1997
30 61 1997
30 62 1997
30 63 1997
30 64 1997
30 65 1997
30 66 1997
30 67 1997
30 68 1997
30 69 1997
30 70 1997
30 71 1997
30 72 1997
30 73 1997
30 74 1997
30 75 1997
30 76 1997
30 77 1997
30 78 1997
30 79 1997
30 80 1997
30 82 1997
30 83 1997
30 84 1997
30 85 1997
30 86 1997
30 87 1997
30 88 1997
30 90 1997
30 91 1997
30 92 1997
30 95 1997
30 96 1997
30 97 1997
30 98 1997
30 99 1997
30 102 1997
30 103 1997
30 104 1997
30 105 1997
30 111 1997
30 113 1997
30 114 1997
30 115 1997
30 116 1997
30 117 1997
30 118 1997
30 123 1997
30 125 1997
30 127 1997
30 128 1997
30 129 1997
30 130 1997
30 131 1997
30 133 1997
30 134 1997
30 135 1997
30 136 1997
30 137 1997
30 138 1997
30 139 1997
30 140 1997
30 141 1997
30 142 1997
30 143 1997
30 144 1997
30 145 1997
30 146 1997
30 147 1997
30 151 1997
30 153 1997
30 154 1997
30 155 1997
30 156 1997
30 157 1997
30 158 1997
30 159 1997
30 161 1997
30 162 1997
30 164 1997
30 166 1997
30 167 1997
30 168 1997
30 170 1997
30 171 1997
30 172 1997
30 174 1997
30 175 1997
30 177 1997
30 179 1997
31 32 1997
31 33 1997
31 34 1997
31 35 1997
31 36 1997
31 37 1997
31 38 1997
31 39 1997
31 40 1997
31 41 1997
31 42 1997
31 43 1997
31 44 1997
31 45 1997
31 46 1997
31 47 1997
31 48 1997
31 49 1997
31 50 1997
31 51 1997
31 52 1997
31 53 1997
31 55 1997
31 60 1997
31 61 1997
31 62 1997
31 65 1997
31 66 1997
31 67 1997
31 69 1997
31 75 1997
31 76 1997
31 77 1997
31 78 1997
31 79 1997
31 118 1997
31 127 1997
31 129 1997
31 133 1997
31 134 1997
31 136 1997
31 137 1997
31 138 1997
31 140 1997
31 141 1997
31 154 1997
31 156 1997
31 157 1997
31 158 1997
31 159 1997
31 161 1997
31 162 1997
31 164 1997
31 167 1997
31 170 1997
31 171 1997
31 172 1997
31 174 1997
31 175 1997
31 177 1997
31 179 1997
32 33 1997
32 34 1997
32 35 1997
32 36 1997
32 37 1997
32 38 1997
32 39 1997
32 41 1997
32 42 1997
32 43 1997
32 44 1997
32 45 1997
32 46 1997
32 47 1997
32 48 1997
32 49 1997
32 50 1997
32 51 1997
32 60 1997
32 61 1997
32 63 1997
32 65 1997
32 75 1997
32 76 1997
32 77 1997
32 78 1997
32 79 1997
32 86 1997
32 90 1997
32 118 1997
32 129 1997
32 134 1997
32 136 1997
32 138 1997
32 140 1997
32 154 1997
32 157 1997
32 158 1997
32 159 1997
32 161 1997
32 167 1997
32 170 1997
32 171 1997
32 172 1997
32 174 1997
32 175 1997
32 177 1997
32 179 1997
33 34 1997
33 35 1997
33 36 1997
33 37 1997
33 38 1997
33 39 1997
33 40 1997
33 41 1997
33 42 1997
33 43 1997
33 44 1997
33 45 1997
33 46 1997
33 47 1997
33 48 1997
33 49 1997
33 50 1997
33 51 1997
33 52 1997
33 55 1997
33 56 1997
33 57 1997
33 60 1997
33 61 1997
33 62 1997
33 63 1997
33 65 1997
33 66 1997
33 67 1997
33 68 1997
33 69 1997
33 70 1997
33 71 1997
33 74 1997
33 75 1997
33 76 1997
33 77 1997
33 78 1997
33 79 1997
33 86 1997
33 87 1997
33 90 1997
33 95 1997
33 97 1997
33 98 1997
33 105 1997
33 106 1997
33 116 1997
33 118 1997
33 119 1997
33 123 1997
33 125 1997
33 127 1997
33 129 1997
33 133 1997
33 134 1997
33 136 1997
33 137 1997
33 138 1997
33 139 1997
33 140 1997
33 141 1997
33 142 1997
33 144 1997
33 145 1997
33 146 1997
33 147 1997
33 153 1997
33 154 1997
33 156 1997
33 157 1997
33 158 1997
33 159 1997
33 161 1997
33 162 1997
33 164 1997
33 167 1997
33 170 1997
33 171 1997
33 172 1997
33 174 1997
33 175 1997
33 177 1997
33 179 1997
34 35 1997
34 36 1997
34 37 1997
34 38 1997
34 39 1997
34 40 1997
34 41 1997
34 42 1997
34 43 1997
34 44 1997
34 45 1997
34 46 1997
34 47 1997
34 48 1997
34 49 1997
34 50 1997
34 51 1997
34 55 1997
34 56 1997
34 60 1997
34 61 1997
34 62 1997
34 63 1997
34 64 1997
34 65 1997
34 66 1997
34 67 1997
34 68 1997
34 69 1997
34 70 1997
34 71 1997
34 75 1997
34 76 1997
34 77 1997
34 78 1997
34 79 1997
34 80 1997
34 86 1997
34 87 1997
34 90 1997
34 97 1997
34 98 1997
34 105 1997
34 106 1997
34 110 1997
34 113 1997
34 114 1997
34 115 1997
34 116 1997
34 118 1997
34 123 1997
34 125 1997
34 127 1997
34 128 1997
3 10 1998
3 90 1998
3 125 1998
3 126 1998
3 141 1998
3 144 1998
4 67 1998
4 90 1998
4 125 1998
4 141 1998
5 10 1998
5 50 1998
5 79 1998
5 125 1998
5 130 1998
5 144 1998
6 67 1998
6 173 1998
7 19 1998
7 21 1998
7 34 1998
7 65 1998
7 90 1998
7 113 1998
7 125 1998
7 130 1998
7 146 1998
7 149 1998
7 152 1998
7 156 1998
7 164 1998
7 173 1998
8 70 1998
8 85 1998
8 135 1998
8 148 1998
8 153 1998
8 173 1998
9 163 1998
9 169 1998
10 18 1998
10 19 1998
10 23 1998
10 34 1998
10 63 1998
10 65 1998
10 67 1998
10 107 1998
10 140 1998
10 156 1998
10 164 1998
12 21 1998
12 53 1998
12 116 1998
12 141 1998
12 146 1998
13 90 1998
14 44 1998
14 118 1998
15 48 1998
16 125 1998
16 144 1998
17 29 1998
17 66 1998
17 90 1998
17 118 1998
18 125 1998
18 170 1998
19 70 1998
19 87 1998
19 90 1998
19 118 1998
19 125 1998
19 164 1998
20 70 1998
20 109 1998
20 125 1998
21 65 1998
21 115 1998
21 118 1998
21 139 1998
21 150 1998
22 102 1998
22 145 1998
22 163 1998
23 53 1998
23 125 1998
23 136 1998
23 139 1998
23 144 1998
24 104 1998
24 147 1998
24 166 1998
24 168 1998
25 81 1998
25 125 1998
25 166 1998
25 183 1998
26 141 1998
26 144 1998
27 174 1998
28 84 1998
28 144 1998
29 105 1998
29 131 1998
31 56 1998
31 63 1998
31 90 1998
31 97 1998
31 124 1998
31 146 1998
33 128 1998
33 168 1998
34 74 1998
34 96 1998
34 126 1998
1 182 1999
1 184 1999
1 185 1999
2 184 1999
2 185 1999
3 123 1999
4 15 1999
4 16 1999
4 17 1999
4 84 1999
5 31 1999
5 34 1999
5 66 1999
5 118 1999
5 162 1999
6 56 1999
6 145 1999
6 185 1999
7 56 1999
7 127 1999
8 103 1999
8 107 1999
8 108 1999
8 124 1999
8 151 1999
9 53 1999
9 68 1999
9 109 1999
9 182 1999
10 35 1999
10 66 1999
10 94 1999
10 99 1999
10 117 1999
10 122 1999
10 126 1999
10 131 1999
10 133 1999
10 168 1999
10 178 1999
10 187 1999
12 91 1999
12 99 1999
12 124 1999
12 143 1999
12 184 1999
13 35 1999
13 87 1999
13 108 1999
13 122 1999
14 15 1999
14 34 1999
14 74 1999
14 128 1999
14 147 1999
15 16 1999
15 17 1999
15 19 1999
15 23 1999
15 29 1999
15 34 1999
15 66 1999
15 95 1999
15 97 1999
15 99 1999
15 100 1999
15 101 1999
15 107 1999
15 119 1999
15 122 1999
15 129 1999
15 133 1999
15 141 1999
15 146 1999
15 148 1999
15 156 1999
15 167 1999
15 170 1999
15 172 1999
15 183 1999
15 186 1999
16 84 1999
16 145 1999
16 155 1999
16 165 1999
17 141 1999
17 156 1999
17 166 1999
17 173 1999
20 52 1999
22 84 1999
22 168 1999
23 106 1999
23 145 1999
24 107 1999
24 114 1999
24 122 1999
25 55 1999
26 34 1999
26 66 1999
26 80 1999
27 70 1999
29 88 1999
31 125 1999
32 69 1999
34 53 1999
34 58 1999
34 72 1999
34 73 1999
34 85 1999
34 88 1999
34 93 1999
34 94 1999
34 95 1999
34 99 1999
34 102 1999
34 103 1999
34 104 1999
34 111 1999
34 117 1999
34 119 1999
34 122 1999
34 124 1999
2 182 2000
3 98 2000
3 127 2000
3 149 2000
3 165 2000
4 18 2000
4 19 2000
4 145 2000
5 14 2000
5 19 2000
5 21 2000
5 26 2000
5 73 2000
5 80 2000
5 94 2000
5 114 2000
5 141 2000
7 163 2000
8 56 2000
8 74 2000
8 110 2000
8 113 2000
8 152 2000
8 160 2000
8 169 2000
9 145 2000
9 149 2000
9 180 2000
9 184 2000
10 56 2000
10 141 2000
12 81 2000
12 186 2000
13 56 2000
13 98 2000
13 101 2000
13 123 2000
13 124 2000
13 139 2000
13 142 2000
13 180 2000
14 18 2000
14 56 2000
14 141 2000
14 170 2000
15 86 2000
15 102 2000
15 110 2000
15 139 2000
15 145 2000
15 169 2000
15 180 2000
16 53 2000
16 104 2000
17 56 2000
17 98 2000
18 26 2000
18 53 2000
18 56 2000
18 64 2000
18 104 2000
18 122 2000
18 131 2000
18 145 2000
18 148 2000
18 156 2000
19 53 2000
19 102 2000
19 133 2000
19 146 2000
19 156 2000
20 139 2000
21 56 2000
21 141 2000
23 58 2000
24 83 2000
27 56 2000
28 168 2000
29 58 2000
29 122 2000
29 126 2000
29 149 2000
29 169 2000
32 56 2000
32 113 2000
32 127 2000
32 156 2000
34 83 2000
2 112 2001
3 72 2001
3 89 2001
3 91 2001
3 105 2001
5 97 2001
6 72 2001
7 80 2001
7 137 2001
8 109 2001
8 165 2001
10 95 2001
13 185 2001
14 19 2001
15 72 2001
15 151 2001
16 72 2001
16 151 2001
17 72 2001
17 105 2001
18 105 2001
18 155 2001
18 187 2001
19 57 2001
19 86 2001
19 95 2001
19 98 2001
19 137 2001
23 88 2001
23 102 2001
24 94 2001
27 94 2001
27 119 2001
27 136 2001
29 119 2001
31 89 2001
32 53 2001
32 70 2001
32 110 2001
32 146 2001
1 176 2002
4 89 2002
4 97 2002
4 102 2002
4 161 2002
5 151 2002
8 88 2002
8 130 2002
8 187 2002
9 110 2002
9 130 2002
9 181 2002
11 80 2002
13 160 2002
13 168 2002
14 97 2002
14 149 2002
17 73 2002
17 97 2002
17 102 2002
18 185 2002
19 72 2002
19 85 2002
19 105 2002
19 145 2002
19 149 2002
20 146 2002
21 125 2002
22 107 2002
24 110 2002
25 89 2002
26 133 2002
32 100 2002
2 176 2003
3 97 2003
3 102 2003
3 146 2003
4 53 2003
7 165 2003
10 149 2003
13 32 2003
13 93 2003
13 103 2003
13 109 2003
14 87 2003
15 98 2003
16 131 2003
17 87 2003
17 104 2003
18 180 2003
18 186 2003
19 173 2003
20 88 2003
21 57 2003
21 88 2003
21 108 2003
21 133 2003
21 146 2003
21 156 2003
21 164 2003
21 172 2003
23 130 2003
26 164 2003
27 103 2003
28 119 2003
28 121 2003
28 122 2003
32 83 2003
32 121 2003
32 144 2003
33 58 2003
33 111 2003
34 82 2003
3 142 2004
5 142 2004
5 181 2004
5 187 2004
6 103 2004
10 123 2004
10 139 2004
10 142 2004
11 142 2004
13 95 2004
13 102 2004
13 178 2004
16 137 2004
16 150 2004
17 142 2004
18 101 2004
18 109 2004
18 110 2004
21 53 2004
21 155 2004
21 169 2004
25 108 2004
31 155 2004
32 72 2004
32 163 2004
5 71 2005
7 145 2005
8 64 2005
9 82 2005
10 86 2005
12 165 2005
13 121 2005
14 92 2005
15 104 2005
16 187 2005
17 74 2005
20 99 2005
21 142 2005
21 165 2005
32 107 2005
33 94 2005
4 57 2006
5 57 2006
9 83 2006
9 87 2006
10 105 2006
15 57 2006
17 57 2006
17 150 2006
18 72 2006
18 92 2006
21 73 2006
22 122 2006
22 184 2006
27 57 2006
32 126 2006
1 54 2007
2 54 2007
3 54 2007
3 164 2007
4 54 2007
4 164 2007
5 54 2007
5 164 2007
6 151 2007
6 156 2007
7 54 2007
7 151 2007
10 54 2007
10 151 2007
13 55 2007
14 54 2007
14 164 2007
16 54 2007
17 151 2007
18 54 2007
19 54 2007
19 151 2007
20 169 2007
21 54 2007
21 93 2007
22 54 2007
23 54 2007
24 54 2007
25 54 2007
25 99 2007
25 109 2007
27 55 2007
28 54 2007
29 54 2007
30 54 2007
31 54 2007
33 54 2007
34 54 2007
4 108 2008
5 74 2008
7 178 2008
10 150 2008
14 73 2008
15 108 2008
17 53 2008
18 112 2008
19 99 2008
19 110 2008
19 122 2008
19 126 2008
19 168 2008
19 181 2008
19 182 2008
19 185 2008
20 54 2008
20 155 2008
21 26 2008
25 151 2008
28 160 2008
30 176 2008
1 59 2009
7 85 2009
7 121 2009
12 153 2009
19 112 2009
19 119 2009
19 150 2009
19 165 2009
22 149 2009
23 114 2009
23 160 2009
24 176 2009
27 168 2009
30 185 2009
32 59 2009
32 148 2009
7 109 2010
7 114 2010
10 127 2010
14 20 2010
14 86 2010
20 83 2010
20 85 2010
20 101 2010
20 119 2010
20 149 2010
20 152 2010
21 113 2010
21 145 2010
27 111 2010
32 85 2010
7 107 2011
14 72 2011
18 165 2011
23 100 2011
23 166 2011
25 58 2011
33 110 2011
1 132 2012
3 145 2012
7 166 2012
15 32 2012
20 107 2012
23 81 2012
27 109 2012
32 183 2012
23 103 2013
26 84 2013
26 93 2013
26 97 2013
26 99 2013
26 102 2013
26 114 2013
26 122 2013
26 135 2013
26 137 2013
26 139 2013
26 142 2013
26 145 2013
26 146 2013
26 163 2013
26 184 2013
31 180 2013
32 178 2013
