(0, 3)
(0, 55)
(0, 100)
(0, 119)
(0, 210)
(0, 239)
(0, 263)
(0, 339)
(0, 347)
(0, 392)
(1, 4)
(1, 5)
(1, 7)
(1, 16)
(1, 24)
(1, 28)
(1, 35)
(1, 43)
(1, 48)
(1, 50)
(1, 53)
(1, 56)
(1, 95)
(1, 96)
(1, 102)
(1, 106)
(1, 114)
(1, 128)
(1, 129)
(1, 132)
(1, 133)
(1, 139)
(1, 140)
(1, 142)
(1, 146)
(1, 160)
(1, 161)
(1, 173)
(1, 175)
(1, 196)
(1, 200)
(1, 213)
(1, 214)
(1, 223)
(1, 227)
(1, 228)
(1, 233)
(1, 238)
(1, 248)
(1, 249)
(1, 253)
(1, 262)
(1, 274)
(1, 279)
(1, 288)
(1, 291)
(1, 301)
(1, 308)
(1, 333)
(1, 335)
(1, 338)
(1, 345)
(1, 350)
(1, 351)
(1, 359)
(1, 393)
(1, 401)
(1, 408)
(1, 412)
(1, 416)
(1, 419)
(1, 429)
(1, 430)
(1, 441)
(1, 445)
(1, 452)
(1, 453)
(1, 455)
(1, 458)
(1, 459)
(2, 277)
(3, 55)
(3, 75)
(3, 79)
(3, 89)
(3, 98)
(3, 100)
(3, 113)
(3, 118)
(3, 119)
(3, 125)
(3, 166)
(3, 168)
(3, 169)
(3, 174)
(3, 175)
(3, 177)
(3, 222)
(3, 239)
(3, 257)
(3, 304)
(3, 311)
(3, 317)
(3, 339)
(3, 347)
(3, 385)
(3, 392)
(3, 397)
(3, 410)
(3, 421)
(3, 447)
(3, 454)
(3, 457)
(4, 8)
(4, 15)
(4, 23)
(4, 26)
(4, 29)
(4, 30)
(4, 31)
(4, 36)
(4, 37)
(4, 40)
(4, 41)
(4, 50)
(4, 54)
(4, 56)
(4, 58)
(4, 63)
(4, 71)
(4, 72)
(4, 78)
(4, 80)
(4, 81)
(4, 83)
(4, 85)
(4, 86)
(4, 87)
(4, 88)
(4, 95)
(4, 97)
(4, 105)
(4, 107)
(4, 108)
(4, 114)
(4, 116)
(4, 137)
(4, 140)
(4, 143)
(4, 144)
(4, 150)
(4, 152)
(4, 158)
(4, 159)
(4, 161)
(4, 171)
(4, 172)
(4, 183)
(4, 188)
(4, 197)
(4, 209)
(4, 215)
(4, 225)
(4, 226)
(4, 227)
(4, 228)
(4, 230)
(4, 236)
(4, 238)
(4, 245)
(4, 248)
(4, 249)
(4, 254)
(4, 255)
(4, 264)
(4, 269)
(4, 274)
(4, 276)
(4, 279)
(4, 291)
(4, 295)
(4, 299)
(4, 307)
(4, 312)
(4, 315)
(4, 318)
(4, 333)
(4, 348)
(4, 357)
(4, 375)
(4, 377)
(4, 379)
(4, 383)
(4, 386)
(4, 388)
(4, 393)
(4, 395)
(4, 402)
(4, 406)
(4, 412)
(4, 414)
(4, 428)
(4, 430)
(4, 432)
(4, 433)
(4, 435)
(4, 437)
(4, 438)
(4, 443)
(4, 445)
(4, 452)
(4, 455)
(5, 8)
(5, 15)
(5, 23)
(5, 26)
(5, 29)
(5, 30)
(5, 31)
(5, 36)
(5, 37)
(5, 40)
(5, 41)
(5, 50)
(5, 54)
(5, 56)
(5, 58)
(5, 63)
(5, 71)
(5, 72)
(5, 78)
(5, 80)
(5, 81)
(5, 83)
(5, 85)
(5, 86)
(5, 87)
(5, 88)
(5, 95)
(5, 97)
(5, 105)
(5, 107)
(5, 108)
(5, 114)
(5, 116)
(5, 137)
(5, 140)
(5, 143)
(5, 144)
(5, 150)
(5, 152)
(5, 158)
(5, 159)
(5, 161)
(5, 171)
(5, 172)
(5, 183)
(5, 188)
(5, 197)
(5, 209)
(5, 215)
(5, 225)
(5, 226)
(5, 227)
(5, 228)
(5, 230)
(5, 236)
(5, 238)
(5, 245)
(5, 248)
(5, 249)
(5, 254)
(5, 255)
(5, 264)
(5, 269)
(5, 274)
(5, 276)
(5, 279)
(5, 291)
(5, 295)
(5, 299)
(5, 307)
(5, 312)
(5, 315)
(5, 318)
(5, 333)
(5, 348)
(5, 357)
(5, 375)
(5, 377)
(5, 379)
(5, 383)
(5, 386)
(5, 388)
(5, 393)
(5, 395)
(5, 402)
(5, 406)
(5, 412)
(5, 414)
(5, 428)
(5, 430)
(5, 432)
(5, 433)
(5, 435)
(5, 437)
(5, 438)
(5, 443)
(5, 445)
(5, 452)
(5, 455)
(7, 8)
(7, 15)
(7, 26)
(7, 29)
(7, 30)
(7, 31)
(7, 35)
(7, 37)
(7, 40)
(7, 41)
(7, 54)
(7, 58)
(7, 63)
(7, 71)
(7, 72)
(7, 80)
(7, 81)
(7, 83)
(7, 85)
(7, 86)
(7, 87)
(7, 88)
(7, 97)
(7, 105)
(7, 107)
(7, 116)
(7, 132)
(7, 137)
(7, 143)
(7, 152)
(7, 158)
(7, 159)
(7, 171)
(7, 172)
(7, 183)
(7, 188)
(7, 197)
(7, 215)
(7, 225)
(7, 226)
(7, 230)
(7, 236)
(7, 245)
(7, 254)
(7, 264)
(7, 269)
(7, 276)
(7, 295)
(7, 307)
(7, 312)
(7, 315)
(7, 318)
(7, 348)
(7, 357)
(7, 359)
(7, 375)
(7, 377)
(7, 379)
(7, 383)
(7, 386)
(7, 388)
(7, 402)
(7, 406)
(7, 414)
(7, 432)
(7, 433)
(7, 435)
(7, 437)
(7, 438)
(8, 16)
(8, 24)
(8, 28)
(8, 35)
(8, 43)
(8, 48)
(8, 50)
(8, 53)
(8, 56)
(8, 95)
(8, 96)
(8, 102)
(8, 106)
(8, 114)
(8, 128)
(8, 129)
(8, 132)
(8, 133)
(8, 139)
(8, 140)
(8, 142)
(8, 146)
(8, 160)
(8, 161)
(8, 173)
(8, 175)
(8, 196)
(8, 200)
(8, 213)
(8, 214)
(8, 223)
(8, 227)
(8, 228)
(8, 233)
(8, 238)
(8, 248)
(8, 249)
(8, 253)
(8, 262)
(8, 274)
(8, 279)
(8, 288)
(8, 291)
(8, 301)
(8, 308)
(8, 333)
(8, 335)
(8, 338)
(8, 345)
(8, 350)
(8, 351)
(8, 359)
(8, 393)
(8, 401)
(8, 408)
(8, 412)
(8, 416)
(8, 419)
(8, 429)
(8, 430)
(8, 441)
(8, 445)
(8, 452)
(8, 453)
(8, 455)
(8, 458)
(8, 459)
(9, 252)
(10, 121)
(10, 211)
(11, 17)
(11, 93)
(11, 131)
(11, 167)
(11, 227)
(11, 228)
(11, 365)
(11, 420)
(11, 422)
(11, 442)
(11, 444)
(12, 20)
(12, 39)
(12, 59)
(12, 68)
(12, 90)
(12, 101)
(12, 109)
(12, 112)
(12, 131)
(12, 153)
(12, 163)
(12, 182)
(12, 243)
(12, 266)
(12, 281)
(12, 297)
(12, 306)
(12, 310)
(12, 324)
(12, 337)
(12, 405)
(12, 422)
(12, 424)
(12, 426)
(12, 434)
(12, 440)
(12, 442)
(12, 446)
(13, 99)
(13, 131)
(13, 149)
(13, 166)
(13, 222)
(13, 243)
(13, 257)
(13, 273)
(13, 278)
(13, 304)
(13, 317)
(13, 374)
(13, 403)
(13, 422)
(13, 442)
(14, 154)
(14, 235)
(15, 16)
(15, 24)
(15, 28)
(15, 35)
(15, 43)
(15, 48)
(15, 50)
(15, 53)
(15, 56)
(15, 95)
(15, 96)
(15, 102)
(15, 106)
(15, 114)
(15, 128)
(15, 129)
(15, 132)
(15, 133)
(15, 139)
(15, 140)
(15, 142)
(15, 146)
(15, 160)
(15, 161)
(15, 173)
(15, 175)
(15, 196)
(15, 200)
(15, 213)
(15, 214)
(15, 223)
(15, 227)
(15, 228)
(15, 233)
(15, 238)
(15, 248)
(15, 249)
(15, 253)
(15, 262)
(15, 274)
(15, 279)
(15, 288)
(15, 291)
(15, 301)
(15, 308)
(15, 333)
(15, 335)
(15, 338)
(15, 345)
(15, 350)
(15, 351)
(15, 359)
(15, 393)
(15, 401)
(15, 408)
(15, 412)
(15, 416)
(15, 419)
(15, 429)
(15, 430)
(15, 441)
(15, 445)
(15, 452)
(15, 453)
(15, 455)
(15, 458)
(15, 459)
(16, 17)
(16, 26)
(16, 29)
(16, 30)
(16, 31)
(16, 37)
(16, 40)
(16, 41)
(16, 54)
(16, 58)
(16, 63)
(16, 71)
(16, 72)
(16, 80)
(16, 81)
(16, 83)
(16, 85)
(16, 86)
(16, 87)
(16, 88)
(16, 97)
(16, 105)
(16, 106)
(16, 107)
(16, 116)
(16, 137)
(16, 143)
(16, 152)
(16, 158)
(16, 159)
(16, 167)
(16, 171)
(16, 172)
(16, 183)
(16, 188)
(16, 197)
(16, 206)
(16, 215)
(16, 225)
(16, 226)
(16, 230)
(16, 236)
(16, 245)
(16, 254)
(16, 264)
(16, 269)
(16, 276)
(16, 295)
(16, 307)
(16, 312)
(16, 315)
(16, 318)
(16, 348)
(16, 357)
(16, 375)
(16, 377)
(16, 379)
(16, 383)
(16, 386)
(16, 388)
(16, 402)
(16, 406)
(16, 414)
(16, 429)
(16, 432)
(16, 433)
(16, 435)
(16, 437)
(16, 438)
(16, 453)
(17, 259)
(17, 376)
(17, 429)
(18, 23)
(18, 64)
(18, 78)
(18, 108)
(18, 131)
(18, 144)
(18, 150)
(18, 166)
(18, 208)
(18, 216)
(18, 222)
(18, 257)
(18, 267)
(18, 284)
(18, 290)
(18, 299)
(18, 304)
(18, 309)
(18, 317)
(18, 327)
(18, 381)
(18, 417)
(18, 422)
(18, 442)
(18, 449)
(19, 106)
(19, 201)
(19, 261)
(19, 363)
(19, 423)
(19, 453)
(20, 39)
(20, 59)
(20, 68)
(20, 90)
(20, 101)
(20, 109)
(20, 112)
(20, 131)
(20, 153)
(20, 163)
(20, 182)
(20, 243)
(20, 266)
(20, 281)
(20, 297)
(20, 306)
(20, 310)
(20, 324)
(20, 337)
(20, 405)
(20, 422)
(20, 424)
(20, 426)
(20, 434)
(20, 440)
(20, 442)
(20, 446)
(21, 38)
(21, 115)
(21, 242)
(21, 415)
(22, 36)
(22, 136)
(22, 156)
(22, 184)
(22, 185)
(22, 202)
(22, 204)
(22, 289)
(22, 336)
(22, 341)
(22, 346)
(22, 349)
(22, 378)
(22, 428)
(22, 443)
(22, 456)
(23, 64)
(23, 96)
(23, 113)
(23, 126)
(23, 138)
(23, 146)
(23, 170)
(23, 173)
(23, 180)
(23, 181)
(23, 194)
(23, 196)
(23, 200)
(23, 208)
(23, 214)
(23, 216)
(23, 237)
(23, 250)
(23, 267)
(23, 274)
(23, 284)
(23, 290)
(23, 301)
(23, 309)
(23, 313)
(23, 314)
(23, 327)
(23, 338)
(23, 345)
(23, 351)
(23, 381)
(23, 399)
(23, 417)
(23, 445)
(23, 449)
(23, 450)
(23, 454)
(23, 459)
(24, 26)
(24, 29)
(24, 30)
(24, 31)
(24, 37)
(24, 40)
(24, 41)
(24, 50)
(24, 54)
(24, 58)
(24, 63)
(24, 71)
(24, 72)
(24, 80)
(24, 81)
(24, 83)
(24, 85)
(24, 86)
(24, 87)
(24, 88)
(24, 97)
(24, 105)
(24, 107)
(24, 116)
(24, 137)
(24, 140)
(24, 143)
(24, 152)
(24, 158)
(24, 159)
(24, 171)
(24, 172)
(24, 183)
(24, 188)
(24, 197)
(24, 215)
(24, 225)
(24, 226)
(24, 230)
(24, 236)
(24, 245)
(24, 249)
(24, 254)
(24, 264)
(24, 269)
(24, 276)
(24, 279)
(24, 295)
(24, 307)
(24, 312)
(24, 315)
(24, 318)
(24, 348)
(24, 357)
(24, 375)
(24, 377)
(24, 379)
(24, 383)
(24, 386)
(24, 388)
(24, 402)
(24, 406)
(24, 414)
(24, 430)
(24, 432)
(24, 433)
(24, 435)
(24, 437)
(24, 438)
(24, 455)
(25, 46)
(25, 187)
(26, 28)
(26, 35)
(26, 43)
(26, 48)
(26, 50)
(26, 53)
(26, 56)
(26, 95)
(26, 96)
(26, 102)
(26, 106)
(26, 114)
(26, 128)
(26, 129)
(26, 132)
(26, 133)
(26, 139)
(26, 140)
(26, 142)
(26, 146)
(26, 160)
(26, 161)
(26, 173)
(26, 175)
(26, 196)
(26, 200)
(26, 213)
(26, 214)
(26, 223)
(26, 227)
(26, 228)
(26, 233)
(26, 238)
(26, 248)
(26, 249)
(26, 253)
(26, 262)
(26, 274)
(26, 279)
(26, 288)
(26, 291)
(26, 301)
(26, 308)
(26, 333)
(26, 335)
(26, 338)
(26, 345)
(26, 350)
(26, 351)
(26, 359)
(26, 393)
(26, 401)
(26, 408)
(26, 412)
(26, 416)
(26, 419)
(26, 429)
(26, 430)
(26, 441)
(26, 445)
(26, 452)
(26, 453)
(26, 455)
(26, 458)
(26, 459)
(27, 186)
(28, 29)
(28, 30)
(28, 31)
(28, 37)
(28, 40)
(28, 41)
(28, 54)
(28, 58)
(28, 63)
(28, 71)
(28, 72)
(28, 80)
(28, 81)
(28, 83)
(28, 85)
(28, 86)
(28, 87)
(28, 88)
(28, 97)
(28, 105)
(28, 107)
(28, 116)
(28, 137)
(28, 143)
(28, 152)
(28, 158)
(28, 159)
(28, 171)
(28, 172)
(28, 183)
(28, 188)
(28, 197)
(28, 215)
(28, 225)
(28, 226)
(28, 230)
(28, 236)
(28, 245)
(28, 254)
(28, 264)
(28, 269)
(28, 276)
(28, 295)
(28, 307)
(28, 312)
(28, 315)
(28, 318)
(28, 348)
(28, 357)
(28, 375)
(28, 377)
(28, 379)
(28, 383)
(28, 386)
(28, 388)
(28, 402)
(28, 406)
(28, 414)
(28, 432)
(28, 433)
(28, 435)
(28, 437)
(28, 438)
(29, 35)
(29, 43)
(29, 48)
(29, 50)
(29, 53)
(29, 56)
(29, 95)
(29, 96)
(29, 102)
(29, 106)
(29, 114)
(29, 128)
(29, 129)
(29, 132)
(29, 133)
(29, 139)
(29, 140)
(29, 142)
(29, 146)
(29, 160)
(29, 161)
(29, 173)
(29, 175)
(29, 196)
(29, 200)
(29, 213)
(29, 214)
(29, 223)
(29, 227)
(29, 228)
(29, 233)
(29, 238)
(29, 248)
(29, 249)
(29, 253)
(29, 262)
(29, 274)
(29, 279)
(29, 288)
(29, 291)
(29, 301)
(29, 308)
(29, 333)
(29, 335)
(29, 338)
(29, 345)
(29, 350)
(29, 351)
(29, 359)
(29, 393)
(29, 401)
(29, 408)
(29, 412)
(29, 416)
(29, 419)
(29, 429)
(29, 430)
(29, 441)
(29, 445)
(29, 452)
(29, 453)
(29, 455)
(29, 458)
(29, 459)
(30, 35)
(30, 43)
(30, 48)
(30, 50)
(30, 53)
(30, 56)
(30, 95)
(30, 96)
(30, 102)
(30, 106)
(30, 114)
(30, 128)
(30, 129)
(30, 132)
(30, 133)
(30, 139)
(30, 140)
(30, 142)
(30, 146)
(30, 160)
(30, 161)
(30, 173)
(30, 175)
(30, 196)
(30, 200)
(30, 213)
(30, 214)
(30, 223)
(30, 227)
(30, 228)
(30, 233)
(30, 238)
(30, 248)
(30, 249)
(30, 253)
(30, 262)
(30, 274)
(30, 279)
(30, 288)
(30, 291)
(30, 301)
(30, 308)
(30, 333)
(30, 335)
(30, 338)
(30, 345)
(30, 350)
(30, 351)
(30, 359)
(30, 393)
(30, 401)
(30, 408)
(30, 412)
(30, 416)
(30, 419)
(30, 429)
(30, 430)
(30, 441)
(30, 445)
(30, 452)
(30, 453)
(30, 455)
(30, 458)
(30, 459)
(31, 35)
(31, 43)
(31, 48)
(31, 50)
(31, 53)
(31, 56)
(31, 95)
(31, 96)
(31, 102)
(31, 106)
(31, 114)
(31, 128)
(31, 129)
(31, 132)
(31, 133)
(31, 139)
(31, 140)
(31, 142)
(31, 146)
(31, 160)
(31, 161)
(31, 173)
(31, 175)
(31, 196)
(31, 200)
(31, 213)
(31, 214)
(31, 223)
(31, 227)
(31, 228)
(31, 233)
(31, 238)
(31, 248)
(31, 249)
(31, 253)
(31, 262)
(31, 274)
(31, 279)
(31, 288)
(31, 291)
(31, 301)
(31, 308)
(31, 333)
(31, 335)
(31, 338)
(31, 345)
(31, 350)
(31, 351)
(31, 359)
(31, 393)
(31, 401)
(31, 408)
(31, 412)
(31, 416)
(31, 419)
(31, 429)
(31, 430)
(31, 441)
(31, 445)
(31, 452)
(31, 453)
(31, 455)
(31, 458)
(31, 459)
(32, 126)
(32, 364)
(33, 47)
(33, 59)
(33, 70)
(33, 98)
(33, 122)
(33, 125)
(33, 174)
(33, 179)
(33, 191)
(33, 212)
(33, 217)
(33, 247)
(33, 302)
(33, 310)
(33, 316)
(33, 326)
(33, 330)
(33, 332)
(33, 355)
(33, 356)
(33, 385)
(33, 392)
(33, 405)
(33, 410)
(33, 451)
(33, 457)
(34, 358)
(35, 37)
(35, 40)
(35, 41)
(35, 54)
(35, 58)
(35, 63)
(35, 71)
(35, 72)
(35, 80)
(35, 81)
(35, 83)
(35, 85)
(35, 86)
(35, 87)
(35, 88)
(35, 97)
(35, 105)
(35, 106)
(35, 107)
(35, 116)
(35, 137)
(35, 143)
(35, 152)
(35, 158)
(35, 159)
(35, 171)
(35, 172)
(35, 183)
(35, 188)
(35, 197)
(35, 215)
(35, 225)
(35, 226)
(35, 230)
(35, 236)
(35, 245)
(35, 254)
(35, 264)
(35, 269)
(35, 276)
(35, 295)
(35, 307)
(35, 312)
(35, 315)
(35, 318)
(35, 348)
(35, 350)
(35, 357)
(35, 375)
(35, 377)
(35, 379)
(35, 383)
(35, 386)
(35, 388)
(35, 393)
(35, 402)
(35, 406)
(35, 414)
(35, 419)
(35, 432)
(35, 433)
(35, 435)
(35, 437)
(35, 438)
(35, 453)
(36, 47)
(36, 96)
(36, 122)
(36, 146)
(36, 156)
(36, 173)
(36, 191)
(36, 192)
(36, 196)
(36, 200)
(36, 202)
(36, 204)
(36, 212)
(36, 214)
(36, 217)
(36, 247)
(36, 289)
(36, 301)
(36, 302)
(36, 316)
(36, 326)
(36, 330)
(36, 332)
(36, 338)
(36, 349)
(36, 351)
(36, 355)
(36, 356)
(36, 428)
(36, 443)
(36, 451)
(37, 43)
(37, 48)
(37, 50)
(37, 53)
(37, 56)
(37, 95)
(37, 96)
(37, 102)
(37, 106)
(37, 114)
(37, 128)
(37, 129)
(37, 132)
(37, 133)
(37, 139)
(37, 140)
(37, 142)
(37, 146)
(37, 160)
(37, 161)
(37, 173)
(37, 175)
(37, 196)
(37, 200)
(37, 213)
(37, 214)
(37, 223)
(37, 227)
(37, 228)
(37, 233)
(37, 238)
(37, 248)
(37, 249)
(37, 253)
(37, 262)
(37, 274)
(37, 279)
(37, 288)
(37, 291)
(37, 301)
(37, 308)
(37, 333)
(37, 335)
(37, 338)
(37, 345)
(37, 350)
(37, 351)
(37, 359)
(37, 393)
(37, 401)
(37, 408)
(37, 412)
(37, 416)
(37, 419)
(37, 429)
(37, 430)
(37, 441)
(37, 445)
(37, 452)
(37, 453)
(37, 455)
(37, 458)
(37, 459)
(38, 115)
(38, 242)
(38, 415)
(39, 53)
(39, 56)
(39, 68)
(39, 90)
(39, 109)
(39, 112)
(39, 123)
(39, 133)
(39, 153)
(39, 160)
(39, 163)
(39, 182)
(39, 190)
(39, 233)
(39, 244)
(39, 266)
(39, 271)
(39, 281)
(39, 287)
(39, 297)
(39, 306)
(39, 308)
(39, 324)
(39, 337)
(39, 401)
(39, 424)
(39, 426)
(39, 434)
(39, 440)
(39, 446)
(40, 43)
(40, 48)
(40, 50)
(40, 53)
(40, 56)
(40, 95)
(40, 96)
(40, 102)
(40, 106)
(40, 114)
(40, 128)
(40, 129)
(40, 132)
(40, 133)
(40, 139)
(40, 140)
(40, 142)
(40, 146)
(40, 160)
(40, 161)
(40, 173)
(40, 175)
(40, 196)
(40, 200)
(40, 213)
(40, 214)
(40, 223)
(40, 227)
(40, 228)
(40, 233)
(40, 238)
(40, 248)
(40, 249)
(40, 253)
(40, 262)
(40, 274)
(40, 279)
(40, 288)
(40, 291)
(40, 301)
(40, 308)
(40, 333)
(40, 335)
(40, 338)
(40, 345)
(40, 350)
(40, 351)
(40, 359)
(40, 393)
(40, 401)
(40, 408)
(40, 412)
(40, 416)
(40, 419)
(40, 429)
(40, 430)
(40, 441)
(40, 445)
(40, 452)
(40, 453)
(40, 455)
(40, 458)
(40, 459)
(41, 43)
(41, 48)
(41, 50)
(41, 53)
(41, 56)
(41, 95)
(41, 96)
(41, 102)
(41, 106)
(41, 114)
(41, 128)
(41, 129)
(41, 132)
(41, 133)
(41, 139)
(41, 140)
(41, 142)
(41, 146)
(41, 160)
(41, 161)
(41, 173)
(41, 175)
(41, 196)
(41, 200)
(41, 213)
(41, 214)
(41, 223)
(41, 227)
(41, 228)
(41, 233)
(41, 238)
(41, 248)
(41, 249)
(41, 253)
(41, 262)
(41, 274)
(41, 279)
(41, 288)
(41, 291)
(41, 301)
(41, 308)
(41, 333)
(41, 335)
(41, 338)
(41, 345)
(41, 350)
(41, 351)
(41, 359)
(41, 393)
(41, 401)
(41, 408)
(41, 412)
(41, 416)
(41, 419)
(41, 429)
(41, 430)
(41, 441)
(41, 445)
(41, 452)
(41, 453)
(41, 455)
(41, 458)
(41, 459)
(42, 398)
(43, 54)
(43, 58)
(43, 63)
(43, 71)
(43, 72)
(43, 80)
(43, 81)
(43, 83)
(43, 85)
(43, 86)
(43, 87)
(43, 88)
(43, 97)
(43, 105)
(43, 107)
(43, 116)
(43, 137)
(43, 143)
(43, 152)
(43, 158)
(43, 159)
(43, 171)
(43, 172)
(43, 183)
(43, 188)
(43, 197)
(43, 215)
(43, 225)
(43, 226)
(43, 230)
(43, 236)
(43, 245)
(43, 254)
(43, 264)
(43, 265)
(43, 269)
(43, 276)
(43, 295)
(43, 307)
(43, 312)
(43, 315)
(43, 318)
(43, 348)
(43, 357)
(43, 373)
(43, 375)
(43, 377)
(43, 379)
(43, 383)
(43, 386)
(43, 388)
(43, 402)
(43, 406)
(43, 414)
(43, 432)
(43, 433)
(43, 435)
(43, 437)
(43, 438)
(44, 223)
(44, 270)
(44, 285)
(44, 335)
(44, 345)
(44, 420)
(44, 444)
(45, 61)
(45, 91)
(45, 198)
(45, 232)
(45, 280)
(45, 319)
(45, 321)
(45, 329)
(45, 367)
(45, 391)
(45, 411)
(46, 187)
(47, 134)
(47, 164)
(47, 179)
(47, 181)
(47, 192)
(47, 213)
(47, 287)
(47, 294)
(47, 387)
(47, 427)
(47, 428)
(47, 443)
(48, 54)
(48, 58)
(48, 63)
(48, 71)
(48, 72)
(48, 80)
(48, 81)
(48, 83)
(48, 85)
(48, 86)
(48, 87)
(48, 88)
(48, 97)
(48, 105)
(48, 107)
(48, 116)
(48, 128)
(48, 136)
(48, 137)
(48, 143)
(48, 152)
(48, 158)
(48, 159)
(48, 171)
(48, 172)
(48, 183)
(48, 185)
(48, 188)
(48, 197)
(48, 215)
(48, 225)
(48, 226)
(48, 230)
(48, 236)
(48, 245)
(48, 254)
(48, 264)
(48, 269)
(48, 276)
(48, 295)
(48, 307)
(48, 312)
(48, 315)
(48, 318)
(48, 336)
(48, 348)
(48, 357)
(48, 375)
(48, 377)
(48, 379)
(48, 383)
(48, 386)
(48, 388)
(48, 402)
(48, 406)
(48, 414)
(48, 432)
(48, 433)
(48, 435)
(48, 437)
(48, 438)
(49, 413)
(50, 54)
(50, 58)
(50, 63)
(50, 71)
(50, 72)
(50, 80)
(50, 81)
(50, 83)
(50, 85)
(50, 86)
(50, 87)
(50, 88)
(50, 96)
(50, 97)
(50, 105)
(50, 107)
(50, 116)
(50, 137)
(50, 139)
(50, 140)
(50, 143)
(50, 146)
(50, 152)
(50, 158)
(50, 159)
(50, 171)
(50, 172)
(50, 173)
(50, 183)
(50, 188)
(50, 196)
(50, 197)
(50, 200)
(50, 214)
(50, 215)
(50, 225)
(50, 226)
(50, 230)
(50, 236)
(50, 245)
(50, 249)
(50, 254)
(50, 264)
(50, 269)
(50, 276)
(50, 279)
(50, 295)
(50, 301)
(50, 307)
(50, 312)
(50, 315)
(50, 318)
(50, 338)
(50, 348)
(50, 351)
(50, 357)
(50, 375)
(50, 377)
(50, 379)
(50, 383)
(50, 386)
(50, 388)
(50, 402)
(50, 406)
(50, 414)
(50, 430)
(50, 432)
(50, 433)
(50, 435)
(50, 437)
(50, 438)
(50, 455)
(51, 231)
(52, 189)
(52, 203)
(52, 244)
(53, 54)
(53, 58)
(53, 59)
(53, 63)
(53, 68)
(53, 71)
(53, 72)
(53, 80)
(53, 81)
(53, 83)
(53, 85)
(53, 86)
(53, 87)
(53, 88)
(53, 90)
(53, 97)
(53, 105)
(53, 107)
(53, 109)
(53, 112)
(53, 116)
(53, 133)
(53, 137)
(53, 143)
(53, 152)
(53, 153)
(53, 158)
(53, 159)
(53, 160)
(53, 171)
(53, 172)
(53, 175)
(53, 182)
(53, 183)
(53, 188)
(53, 197)
(53, 215)
(53, 225)
(53, 226)
(53, 230)
(53, 233)
(53, 236)
(53, 245)
(53, 254)
(53, 264)
(53, 266)
(53, 269)
(53, 276)
(53, 281)
(53, 295)
(53, 297)
(53, 306)
(53, 307)
(53, 308)
(53, 310)
(53, 312)
(53, 315)
(53, 318)
(53, 337)
(53, 348)
(53, 357)
(53, 375)
(53, 377)
(53, 379)
(53, 383)
(53, 386)
(53, 388)
(53, 401)
(53, 402)
(53, 405)
(53, 406)
(53, 414)
(53, 424)
(53, 426)
(53, 432)
(53, 433)
(53, 434)
(53, 435)
(53, 437)
(53, 438)
(54, 56)
(54, 95)
(54, 96)
(54, 102)
(54, 106)
(54, 114)
(54, 128)
(54, 129)
(54, 132)
(54, 133)
(54, 139)
(54, 140)
(54, 142)
(54, 146)
(54, 160)
(54, 161)
(54, 173)
(54, 175)
(54, 196)
(54, 200)
(54, 213)
(54, 214)
(54, 223)
(54, 227)
(54, 228)
(54, 233)
(54, 238)
(54, 248)
(54, 249)
(54, 253)
(54, 262)
(54, 274)
(54, 279)
(54, 288)
(54, 291)
(54, 301)
(54, 308)
(54, 333)
(54, 335)
(54, 338)
(54, 345)
(54, 350)
(54, 351)
(54, 359)
(54, 393)
(54, 401)
(54, 408)
(54, 412)
(54, 416)
(54, 419)
(54, 429)
(54, 430)
(54, 441)
(54, 445)
(54, 452)
(54, 453)
(54, 455)
(54, 458)
(54, 459)
(55, 75)
(55, 79)
(55, 89)
(55, 98)
(55, 100)
(55, 113)
(55, 118)
(55, 119)
(55, 125)
(55, 166)
(55, 168)
(55, 169)
(55, 174)
(55, 175)
(55, 177)
(55, 222)
(55, 239)
(55, 257)
(55, 304)
(55, 311)
(55, 317)
(55, 339)
(55, 347)
(55, 385)
(55, 392)
(55, 397)
(55, 410)
(55, 421)
(55, 447)
(55, 454)
(55, 457)
(56, 58)
(56, 63)
(56, 68)
(56, 71)
(56, 72)
(56, 79)
(56, 80)
(56, 81)
(56, 83)
(56, 85)
(56, 86)
(56, 87)
(56, 88)
(56, 90)
(56, 96)
(56, 97)
(56, 105)
(56, 107)
(56, 109)
(56, 112)
(56, 116)
(56, 119)
(56, 137)
(56, 143)
(56, 146)
(56, 152)
(56, 153)
(56, 158)
(56, 159)
(56, 169)
(56, 171)
(56, 172)
(56, 173)
(56, 182)
(56, 183)
(56, 188)
(56, 192)
(56, 196)
(56, 197)
(56, 200)
(56, 214)
(56, 215)
(56, 225)
(56, 226)
(56, 230)
(56, 236)
(56, 238)
(56, 245)
(56, 254)
(56, 264)
(56, 266)
(56, 269)
(56, 276)
(56, 281)
(56, 291)
(56, 295)
(56, 297)
(56, 301)
(56, 306)
(56, 307)
(56, 312)
(56, 315)
(56, 318)
(56, 337)
(56, 338)
(56, 348)
(56, 351)
(56, 357)
(56, 375)
(56, 377)
(56, 379)
(56, 383)
(56, 386)
(56, 388)
(56, 397)
(56, 402)
(56, 406)
(56, 414)
(56, 421)
(56, 424)
(56, 426)
(56, 432)
(56, 433)
(56, 434)
(56, 435)
(56, 437)
(56, 438)
(56, 452)
(57, 106)
(57, 441)
(57, 453)
(58, 95)
(58, 96)
(58, 102)
(58, 106)
(58, 114)
(58, 128)
(58, 129)
(58, 132)
(58, 133)
(58, 139)
(58, 140)
(58, 142)
(58, 146)
(58, 160)
(58, 161)
(58, 173)
(58, 175)
(58, 196)
(58, 200)
(58, 213)
(58, 214)
(58, 223)
(58, 227)
(58, 228)
(58, 233)
(58, 238)
(58, 248)
(58, 249)
(58, 253)
(58, 262)
(58, 274)
(58, 279)
(58, 288)
(58, 291)
(58, 301)
(58, 308)
(58, 333)
(58, 335)
(58, 338)
(58, 345)
(58, 350)
(58, 351)
(58, 359)
(58, 393)
(58, 401)
(58, 408)
(58, 412)
(58, 416)
(58, 419)
(58, 429)
(58, 430)
(58, 441)
(58, 445)
(58, 452)
(58, 453)
(58, 455)
(58, 458)
(58, 459)
(59, 101)
(59, 133)
(59, 138)
(59, 144)
(59, 148)
(59, 160)
(59, 163)
(59, 170)
(59, 179)
(59, 233)
(59, 299)
(59, 308)
(59, 314)
(59, 324)
(59, 401)
(59, 427)
(59, 440)
(59, 446)
(59, 450)
(60, 441)
(61, 92)
(61, 118)
(61, 175)
(61, 192)
(61, 272)
(61, 311)
(61, 399)
(62, 147)
(63, 95)
(63, 96)
(63, 102)
(63, 106)
(63, 114)
(63, 128)
(63, 129)
(63, 132)
(63, 133)
(63, 139)
(63, 140)
(63, 142)
(63, 146)
(63, 160)
(63, 161)
(63, 173)
(63, 175)
(63, 196)
(63, 200)
(63, 213)
(63, 214)
(63, 223)
(63, 227)
(63, 228)
(63, 233)
(63, 238)
(63, 248)
(63, 249)
(63, 253)
(63, 262)
(63, 274)
(63, 279)
(63, 288)
(63, 291)
(63, 301)
(63, 308)
(63, 333)
(63, 335)
(63, 338)
(63, 345)
(63, 350)
(63, 351)
(63, 359)
(63, 393)
(63, 401)
(63, 408)
(63, 412)
(63, 416)
(63, 419)
(63, 429)
(63, 430)
(63, 441)
(63, 445)
(63, 452)
(63, 453)
(63, 455)
(63, 458)
(63, 459)
(64, 78)
(64, 108)
(64, 131)
(64, 144)
(64, 150)
(64, 166)
(64, 208)
(64, 216)
(64, 222)
(64, 257)
(64, 267)
(64, 284)
(64, 290)
(64, 299)
(64, 304)
(64, 309)
(64, 317)
(64, 327)
(64, 381)
(64, 417)
(64, 422)
(64, 442)
(64, 449)
(65, 273)
(65, 278)
(66, 110)
(66, 145)
(66, 322)
(67, 241)
(68, 90)
(68, 109)
(68, 112)
(68, 123)
(68, 133)
(68, 153)
(68, 160)
(68, 163)
(68, 182)
(68, 190)
(68, 233)
(68, 244)
(68, 266)
(68, 271)
(68, 281)
(68, 287)
(68, 297)
(68, 306)
(68, 308)
(68, 324)
(68, 337)
(68, 401)
(68, 424)
(68, 426)
(68, 434)
(68, 440)
(68, 446)
(69, 260)
(70, 179)
(70, 396)
(71, 95)
(71, 96)
(71, 102)
(71, 106)
(71, 114)
(71, 128)
(71, 129)
(71, 132)
(71, 133)
(71, 139)
(71, 140)
(71, 142)
(71, 146)
(71, 160)
(71, 161)
(71, 173)
(71, 175)
(71, 196)
(71, 200)
(71, 213)
(71, 214)
(71, 223)
(71, 227)
(71, 228)
(71, 233)
(71, 238)
(71, 248)
(71, 249)
(71, 253)
(71, 262)
(71, 274)
(71, 279)
(71, 288)
(71, 291)
(71, 301)
(71, 308)
(71, 333)
(71, 335)
(71, 338)
(71, 345)
(71, 350)
(71, 351)
(71, 359)
(71, 393)
(71, 401)
(71, 408)
(71, 412)
(71, 416)
(71, 419)
(71, 429)
(71, 430)
(71, 441)
(71, 445)
(71, 452)
(71, 453)
(71, 455)
(71, 458)
(71, 459)
(72, 95)
(72, 96)
(72, 102)
(72, 106)
(72, 114)
(72, 128)
(72, 129)
(72, 132)
(72, 133)
(72, 139)
(72, 140)
(72, 142)
(72, 146)
(72, 160)
(72, 161)
(72, 173)
(72, 175)
(72, 196)
(72, 200)
(72, 213)
(72, 214)
(72, 223)
(72, 227)
(72, 228)
(72, 233)
(72, 238)
(72, 248)
(72, 249)
(72, 253)
(72, 262)
(72, 274)
(72, 279)
(72, 288)
(72, 291)
(72, 301)
(72, 308)
(72, 333)
(72, 335)
(72, 338)
(72, 345)
(72, 350)
(72, 351)
(72, 359)
(72, 393)
(72, 401)
(72, 408)
(72, 412)
(72, 416)
(72, 419)
(72, 429)
(72, 430)
(72, 441)
(72, 445)
(72, 452)
(72, 453)
(72, 455)
(72, 458)
(72, 459)
(73, 300)
(73, 352)
(74, 151)
(74, 343)
(74, 360)
(74, 369)
(75, 79)
(75, 100)
(75, 119)
(75, 169)
(75, 239)
(75, 339)
(75, 347)
(75, 392)
(75, 397)
(75, 421)
(75, 457)
(76, 268)
(77, 103)
(77, 120)
(78, 96)
(78, 113)
(78, 126)
(78, 138)
(78, 146)
(78, 170)
(78, 173)
(78, 180)
(78, 181)
(78, 194)
(78, 196)
(78, 200)
(78, 208)
(78, 214)
(78, 216)
(78, 237)
(78, 250)
(78, 267)
(78, 274)
(78, 284)
(78, 290)
(78, 301)
(78, 309)
(78, 313)
(78, 314)
(78, 327)
(78, 338)
(78, 345)
(78, 351)
(78, 381)
(78, 399)
(78, 417)
(78, 445)
(78, 449)
(78, 450)
(78, 454)
(78, 459)
(79, 89)
(79, 92)
(79, 98)
(79, 100)
(79, 118)
(79, 119)
(79, 125)
(79, 162)
(79, 166)
(79, 174)
(79, 222)
(79, 239)
(79, 257)
(79, 304)
(79, 311)
(79, 317)
(79, 339)
(79, 347)
(79, 358)
(79, 385)
(79, 392)
(79, 410)
(80, 95)
(80, 96)
(80, 102)
(80, 106)
(80, 114)
(80, 128)
(80, 129)
(80, 132)
(80, 133)
(80, 139)
(80, 140)
(80, 142)
(80, 146)
(80, 160)
(80, 161)
(80, 173)
(80, 175)
(80, 196)
(80, 200)
(80, 213)
(80, 214)
(80, 223)
(80, 227)
(80, 228)
(80, 233)
(80, 238)
(80, 248)
(80, 249)
(80, 253)
(80, 262)
(80, 274)
(80, 279)
(80, 288)
(80, 291)
(80, 301)
(80, 308)
(80, 333)
(80, 335)
(80, 338)
(80, 345)
(80, 350)
(80, 351)
(80, 359)
(80, 393)
(80, 401)
(80, 408)
(80, 412)
(80, 416)
(80, 419)
(80, 429)
(80, 430)
(80, 441)
(80, 445)
(80, 452)
(80, 453)
(80, 455)
(80, 458)
(80, 459)
(81, 95)
(81, 96)
(81, 102)
(81, 106)
(81, 114)
(81, 128)
(81, 129)
(81, 132)
(81, 133)
(81, 139)
(81, 140)
(81, 142)
(81, 146)
(81, 160)
(81, 161)
(81, 173)
(81, 175)
(81, 196)
(81, 200)
(81, 213)
(81, 214)
(81, 223)
(81, 227)
(81, 228)
(81, 233)
(81, 238)
(81, 248)
(81, 249)
(81, 253)
(81, 262)
(81, 274)
(81, 279)
(81, 288)
(81, 291)
(81, 301)
(81, 308)
(81, 333)
(81, 335)
(81, 338)
(81, 345)
(81, 350)
(81, 351)
(81, 359)
(81, 393)
(81, 401)
(81, 408)
(81, 412)
(81, 416)
(81, 419)
(81, 429)
(81, 430)
(81, 441)
(81, 445)
(81, 452)
(81, 453)
(81, 455)
(81, 458)
(81, 459)
(82, 441)
(83, 95)
(83, 96)
(83, 102)
(83, 106)
(83, 114)
(83, 128)
(83, 129)
(83, 132)
(83, 133)
(83, 139)
(83, 140)
(83, 142)
(83, 146)
(83, 160)
(83, 161)
(83, 173)
(83, 175)
(83, 196)
(83, 200)
(83, 213)
(83, 214)
(83, 223)
(83, 227)
(83, 228)
(83, 233)
(83, 238)
(83, 248)
(83, 249)
(83, 253)
(83, 262)
(83, 274)
(83, 279)
(83, 288)
(83, 291)
(83, 301)
(83, 308)
(83, 333)
(83, 335)
(83, 338)
(83, 345)
(83, 350)
(83, 351)
(83, 359)
(83, 393)
(83, 401)
(83, 408)
(83, 412)
(83, 416)
(83, 419)
(83, 429)
(83, 430)
(83, 441)
(83, 445)
(83, 452)
(83, 453)
(83, 455)
(83, 458)
(83, 459)
(85, 95)
(85, 96)
(85, 102)
(85, 106)
(85, 114)
(85, 128)
(85, 129)
(85, 132)
(85, 133)
(85, 139)
(85, 140)
(85, 142)
(85, 146)
(85, 160)
(85, 161)
(85, 173)
(85, 175)
(85, 196)
(85, 200)
(85, 213)
(85, 214)
(85, 223)
(85, 227)
(85, 228)
(85, 233)
(85, 238)
(85, 248)
(85, 249)
(85, 253)
(85, 262)
(85, 274)
(85, 279)
(85, 288)
(85, 291)
(85, 301)
(85, 308)
(85, 333)
(85, 335)
(85, 338)
(85, 345)
(85, 350)
(85, 351)
(85, 359)
(85, 393)
(85, 401)
(85, 408)
(85, 412)
(85, 416)
(85, 419)
(85, 429)
(85, 430)
(85, 441)
(85, 445)
(85, 452)
(85, 453)
(85, 455)
(85, 458)
(85, 459)
(86, 95)
(86, 96)
(86, 102)
(86, 106)
(86, 114)
(86, 128)
(86, 129)
(86, 132)
(86, 133)
(86, 139)
(86, 140)
(86, 142)
(86, 146)
(86, 160)
(86, 161)
(86, 173)
(86, 175)
(86, 196)
(86, 200)
(86, 213)
(86, 214)
(86, 223)
(86, 227)
(86, 228)
(86, 233)
(86, 238)
(86, 248)
(86, 249)
(86, 253)
(86, 262)
(86, 274)
(86, 279)
(86, 288)
(86, 291)
(86, 301)
(86, 308)
(86, 333)
(86, 335)
(86, 338)
(86, 345)
(86, 350)
(86, 351)
(86, 359)
(86, 393)
(86, 401)
(86, 408)
(86, 412)
(86, 416)
(86, 419)
(86, 429)
(86, 430)
(86, 441)
(86, 445)
(86, 452)
(86, 453)
(86, 455)
(86, 458)
(86, 459)
(87, 95)
(87, 96)
(87, 102)
(87, 106)
(87, 114)
(87, 128)
(87, 129)
(87, 132)
(87, 133)
(87, 139)
(87, 140)
(87, 142)
(87, 146)
(87, 160)
(87, 161)
(87, 173)
(87, 175)
(87, 196)
(87, 200)
(87, 213)
(87, 214)
(87, 223)
(87, 227)
(87, 228)
(87, 233)
(87, 238)
(87, 248)
(87, 249)
(87, 253)
(87, 262)
(87, 274)
(87, 279)
(87, 288)
(87, 291)
(87, 301)
(87, 308)
(87, 333)
(87, 335)
(87, 338)
(87, 345)
(87, 350)
(87, 351)
(87, 359)
(87, 393)
(87, 401)
(87, 408)
(87, 412)
(87, 416)
(87, 419)
(87, 429)
(87, 430)
(87, 441)
(87, 445)
(87, 452)
(87, 453)
(87, 455)
(87, 458)
(87, 459)
(88, 95)
(88, 96)
(88, 102)
(88, 106)
(88, 114)
(88, 128)
(88, 129)
(88, 132)
(88, 133)
(88, 139)
(88, 140)
(88, 142)
(88, 146)
(88, 160)
(88, 161)
(88, 173)
(88, 175)
(88, 196)
(88, 200)
(88, 213)
(88, 214)
(88, 223)
(88, 227)
(88, 228)
(88, 233)
(88, 238)
(88, 248)
(88, 249)
(88, 253)
(88, 262)
(88, 274)
(88, 279)
(88, 288)
(88, 291)
(88, 301)
(88, 308)
(88, 333)
(88, 335)
(88, 338)
(88, 345)
(88, 350)
(88, 351)
(88, 359)
(88, 393)
(88, 401)
(88, 408)
(88, 412)
(88, 416)
(88, 419)
(88, 429)
(88, 430)
(88, 441)
(88, 445)
(88, 452)
(88, 453)
(88, 455)
(88, 458)
(88, 459)
(89, 100)
(89, 119)
(89, 169)
(89, 239)
(89, 339)
(89, 347)
(89, 392)
(89, 397)
(89, 421)
(90, 109)
(90, 112)
(90, 123)
(90, 133)
(90, 153)
(90, 160)
(90, 163)
(90, 182)
(90, 190)
(90, 233)
(90, 244)
(90, 266)
(90, 271)
(90, 281)
(90, 287)
(90, 297)
(90, 306)
(90, 308)
(90, 324)
(90, 337)
(90, 401)
(90, 424)
(90, 426)
(90, 434)
(90, 440)
(90, 446)
(91, 92)
(91, 118)
(91, 175)
(91, 192)
(91, 272)
(91, 311)
(91, 399)
(92, 98)
(92, 119)
(92, 125)
(92, 169)
(92, 174)
(92, 198)
(92, 232)
(92, 280)
(92, 319)
(92, 321)
(92, 329)
(92, 367)
(92, 385)
(92, 391)
(92, 392)
(92, 397)
(92, 410)
(92, 411)
(92, 421)
(93, 259)
(93, 365)
(93, 376)
(94, 221)
(95, 96)
(95, 97)
(95, 105)
(95, 107)
(95, 116)
(95, 137)
(95, 143)
(95, 146)
(95, 152)
(95, 158)
(95, 159)
(95, 171)
(95, 172)
(95, 173)
(95, 183)
(95, 188)
(95, 196)
(95, 197)
(95, 200)
(95, 214)
(95, 215)
(95, 225)
(95, 226)
(95, 230)
(95, 236)
(95, 245)
(95, 254)
(95, 264)
(95, 269)
(95, 276)
(95, 295)
(95, 301)
(95, 307)
(95, 312)
(95, 315)
(95, 318)
(95, 334)
(95, 338)
(95, 348)
(95, 351)
(95, 357)
(95, 375)
(95, 377)
(95, 379)
(95, 383)
(95, 386)
(95, 388)
(95, 402)
(95, 406)
(95, 414)
(95, 432)
(95, 433)
(95, 435)
(95, 437)
(95, 438)
(96, 97)
(96, 105)
(96, 107)
(96, 108)
(96, 114)
(96, 116)
(96, 137)
(96, 140)
(96, 143)
(96, 144)
(96, 150)
(96, 152)
(96, 158)
(96, 159)
(96, 161)
(96, 171)
(96, 172)
(96, 183)
(96, 188)
(96, 197)
(96, 209)
(96, 215)
(96, 225)
(96, 226)
(96, 227)
(96, 228)
(96, 230)
(96, 236)
(96, 238)
(96, 245)
(96, 248)
(96, 249)
(96, 254)
(96, 255)
(96, 264)
(96, 269)
(96, 274)
(96, 276)
(96, 279)
(96, 291)
(96, 295)
(96, 299)
(96, 307)
(96, 312)
(96, 315)
(96, 318)
(96, 333)
(96, 348)
(96, 357)
(96, 375)
(96, 377)
(96, 379)
(96, 383)
(96, 386)
(96, 388)
(96, 393)
(96, 395)
(96, 402)
(96, 406)
(96, 412)
(96, 414)
(96, 428)
(96, 430)
(96, 432)
(96, 433)
(96, 435)
(96, 437)
(96, 438)
(96, 443)
(96, 445)
(96, 452)
(96, 455)
(97, 102)
(97, 106)
(97, 114)
(97, 128)
(97, 129)
(97, 132)
(97, 133)
(97, 139)
(97, 140)
(97, 142)
(97, 146)
(97, 160)
(97, 161)
(97, 173)
(97, 175)
(97, 196)
(97, 200)
(97, 213)
(97, 214)
(97, 223)
(97, 227)
(97, 228)
(97, 233)
(97, 238)
(97, 248)
(97, 249)
(97, 253)
(97, 262)
(97, 274)
(97, 279)
(97, 288)
(97, 291)
(97, 301)
(97, 308)
(97, 333)
(97, 335)
(97, 338)
(97, 345)
(97, 350)
(97, 351)
(97, 359)
(97, 393)
(97, 401)
(97, 408)
(97, 412)
(97, 416)
(97, 419)
(97, 429)
(97, 430)
(97, 441)
(97, 445)
(97, 452)
(97, 453)
(97, 455)
(97, 458)
(97, 459)
(98, 100)
(98, 119)
(98, 125)
(98, 153)
(98, 169)
(98, 174)
(98, 179)
(98, 239)
(98, 311)
(98, 339)
(98, 347)
(98, 371)
(98, 385)
(98, 392)
(98, 397)
(98, 410)
(98, 421)
(98, 425)
(98, 427)
(98, 457)
(99, 131)
(99, 149)
(99, 166)
(99, 222)
(99, 243)
(99, 257)
(99, 273)
(99, 278)
(99, 304)
(99, 317)
(99, 374)
(99, 403)
(99, 422)
(99, 442)
(100, 113)
(100, 118)
(100, 119)
(100, 125)
(100, 151)
(100, 166)
(100, 168)
(100, 169)
(100, 174)
(100, 175)
(100, 177)
(100, 222)
(100, 239)
(100, 257)
(100, 304)
(100, 311)
(100, 317)
(100, 339)
(100, 343)
(100, 347)
(100, 360)
(100, 369)
(100, 385)
(100, 392)
(100, 397)
(100, 410)
(100, 421)
(100, 447)
(100, 454)
(100, 457)
(101, 163)
(101, 310)
(101, 324)
(101, 405)
(101, 440)
(101, 446)
(102, 105)
(102, 107)
(102, 116)
(102, 137)
(102, 143)
(102, 152)
(102, 158)
(102, 159)
(102, 171)
(102, 172)
(102, 183)
(102, 188)
(102, 197)
(102, 215)
(102, 225)
(102, 226)
(102, 230)
(102, 236)
(102, 245)
(102, 254)
(102, 264)
(102, 269)
(102, 276)
(102, 295)
(102, 307)
(102, 312)
(102, 315)
(102, 318)
(102, 348)
(102, 357)
(102, 375)
(102, 377)
(102, 379)
(102, 383)
(102, 386)
(102, 388)
(102, 402)
(102, 406)
(102, 414)
(102, 432)
(102, 433)
(102, 435)
(102, 437)
(102, 438)
(104, 205)
(105, 106)
(105, 114)
(105, 128)
(105, 129)
(105, 132)
(105, 133)
(105, 139)
(105, 140)
(105, 142)
(105, 146)
(105, 160)
(105, 161)
(105, 173)
(105, 175)
(105, 196)
(105, 200)
(105, 213)
(105, 214)
(105, 223)
(105, 227)
(105, 228)
(105, 233)
(105, 238)
(105, 248)
(105, 249)
(105, 253)
(105, 262)
(105, 274)
(105, 279)
(105, 288)
(105, 291)
(105, 301)
(105, 308)
(105, 333)
(105, 335)
(105, 338)
(105, 345)
(105, 350)
(105, 351)
(105, 359)
(105, 393)
(105, 401)
(105, 408)
(105, 412)
(105, 416)
(105, 419)
(105, 429)
(105, 430)
(105, 441)
(105, 445)
(105, 452)
(105, 453)
(105, 455)
(105, 458)
(105, 459)
(106, 107)
(106, 116)
(106, 132)
(106, 137)
(106, 143)
(106, 152)
(106, 158)
(106, 159)
(106, 171)
(106, 172)
(106, 183)
(106, 188)
(106, 197)
(106, 215)
(106, 225)
(106, 226)
(106, 230)
(106, 236)
(106, 245)
(106, 254)
(106, 261)
(106, 264)
(106, 269)
(106, 276)
(106, 295)
(106, 307)
(106, 312)
(106, 315)
(106, 318)
(106, 331)
(106, 348)
(106, 357)
(106, 359)
(106, 375)
(106, 377)
(106, 379)
(106, 383)
(106, 386)
(106, 388)
(106, 402)
(106, 406)
(106, 414)
(106, 419)
(106, 423)
(106, 429)
(106, 432)
(106, 433)
(106, 435)
(106, 437)
(106, 438)
(107, 114)
(107, 128)
(107, 129)
(107, 132)
(107, 133)
(107, 139)
(107, 140)
(107, 142)
(107, 146)
(107, 160)
(107, 161)
(107, 173)
(107, 175)
(107, 196)
(107, 200)
(107, 213)
(107, 214)
(107, 223)
(107, 227)
(107, 228)
(107, 233)
(107, 238)
(107, 248)
(107, 249)
(107, 253)
(107, 262)
(107, 274)
(107, 279)
(107, 288)
(107, 291)
(107, 301)
(107, 308)
(107, 333)
(107, 335)
(107, 338)
(107, 345)
(107, 350)
(107, 351)
(107, 359)
(107, 393)
(107, 401)
(107, 408)
(107, 412)
(107, 416)
(107, 419)
(107, 429)
(107, 430)
(107, 441)
(107, 445)
(107, 452)
(107, 453)
(107, 455)
(107, 458)
(107, 459)
(108, 113)
(108, 126)
(108, 138)
(108, 146)
(108, 170)
(108, 173)
(108, 180)
(108, 181)
(108, 194)
(108, 196)
(108, 200)
(108, 208)
(108, 214)
(108, 216)
(108, 237)
(108, 250)
(108, 267)
(108, 274)
(108, 284)
(108, 290)
(108, 301)
(108, 309)
(108, 313)
(108, 314)
(108, 327)
(108, 338)
(108, 345)
(108, 351)
(108, 381)
(108, 399)
(108, 417)
(108, 445)
(108, 449)
(108, 450)
(108, 454)
(108, 459)
(109, 112)
(109, 123)
(109, 133)
(109, 153)
(109, 160)
(109, 163)
(109, 182)
(109, 190)
(109, 233)
(109, 244)
(109, 266)
(109, 271)
(109, 281)
(109, 287)
(109, 297)
(109, 306)
(109, 308)
(109, 324)
(109, 337)
(109, 401)
(109, 424)
(109, 426)
(109, 434)
(109, 440)
(109, 446)
(110, 145)
(110, 322)
(111, 293)
(111, 323)
(112, 123)
(112, 133)
(112, 153)
(112, 160)
(112, 163)
(112, 182)
(112, 190)
(112, 233)
(112, 244)
(112, 266)
(112, 271)
(112, 281)
(112, 287)
(112, 297)
(112, 306)
(112, 308)
(112, 324)
(112, 337)
(112, 401)
(112, 424)
(112, 426)
(112, 434)
(112, 440)
(112, 446)
(113, 119)
(113, 150)
(113, 239)
(113, 250)
(113, 339)
(113, 347)
(113, 392)
(113, 454)
(114, 116)
(114, 137)
(114, 143)
(114, 146)
(114, 152)
(114, 158)
(114, 159)
(114, 171)
(114, 172)
(114, 173)
(114, 183)
(114, 188)
(114, 196)
(114, 197)
(114, 200)
(114, 214)
(114, 215)
(114, 225)
(114, 226)
(114, 230)
(114, 236)
(114, 245)
(114, 254)
(114, 264)
(114, 269)
(114, 276)
(114, 295)
(114, 301)
(114, 307)
(114, 312)
(114, 315)
(114, 318)
(114, 338)
(114, 348)
(114, 351)
(114, 357)
(114, 375)
(114, 377)
(114, 379)
(114, 383)
(114, 386)
(114, 388)
(114, 402)
(114, 406)
(114, 414)
(114, 432)
(114, 433)
(114, 435)
(114, 437)
(114, 438)
(115, 242)
(115, 415)
(116, 128)
(116, 129)
(116, 132)
(116, 133)
(116, 139)
(116, 140)
(116, 142)
(116, 146)
(116, 160)
(116, 161)
(116, 173)
(116, 175)
(116, 196)
(116, 200)
(116, 213)
(116, 214)
(116, 223)
(116, 227)
(116, 228)
(116, 233)
(116, 238)
(116, 248)
(116, 249)
(116, 253)
(116, 262)
(116, 274)
(116, 279)
(116, 288)
(116, 291)
(116, 301)
(116, 308)
(116, 333)
(116, 335)
(116, 338)
(116, 345)
(116, 350)
(116, 351)
(116, 359)
(116, 393)
(116, 401)
(116, 408)
(116, 412)
(116, 416)
(116, 419)
(116, 429)
(116, 430)
(116, 441)
(116, 445)
(116, 452)
(116, 453)
(116, 455)
(116, 458)
(116, 459)
(118, 119)
(118, 169)
(118, 198)
(118, 232)
(118, 239)
(118, 280)
(118, 319)
(118, 321)
(118, 329)
(118, 339)
(118, 347)
(118, 367)
(118, 391)
(118, 392)
(118, 397)
(118, 411)
(118, 421)
(119, 125)
(119, 162)
(119, 166)
(119, 168)
(119, 169)
(119, 174)
(119, 175)
(119, 177)
(119, 222)
(119, 239)
(119, 257)
(119, 304)
(119, 311)
(119, 317)
(119, 339)
(119, 347)
(119, 358)
(119, 385)
(119, 392)
(119, 397)
(119, 410)
(119, 421)
(119, 447)
(119, 454)
(119, 457)
(121, 211)
(122, 134)
(122, 164)
(122, 179)
(122, 181)
(122, 192)
(122, 213)
(122, 287)
(122, 294)
(122, 387)
(122, 427)
(122, 428)
(122, 443)
(123, 153)
(123, 182)
(123, 266)
(123, 281)
(123, 297)
(123, 306)
(123, 337)
(123, 424)
(123, 426)
(123, 434)
(124, 184)
(124, 341)
(124, 378)
(124, 456)
(125, 153)
(125, 169)
(125, 174)
(125, 179)
(125, 239)
(125, 311)
(125, 339)
(125, 347)
(125, 371)
(125, 385)
(125, 392)
(125, 397)
(125, 410)
(125, 421)
(125, 425)
(125, 427)
(125, 457)
(126, 147)
(126, 150)
(126, 399)
(128, 137)
(128, 143)
(128, 152)
(128, 158)
(128, 159)
(128, 171)
(128, 172)
(128, 183)
(128, 188)
(128, 197)
(128, 215)
(128, 225)
(128, 226)
(128, 230)
(128, 236)
(128, 245)
(128, 254)
(128, 264)
(128, 269)
(128, 276)
(128, 295)
(128, 307)
(128, 312)
(128, 315)
(128, 318)
(128, 348)
(128, 357)
(128, 375)
(128, 377)
(128, 379)
(128, 383)
(128, 386)
(128, 388)
(128, 402)
(128, 406)
(128, 414)
(128, 432)
(128, 433)
(128, 435)
(128, 437)
(128, 438)
(129, 137)
(129, 143)
(129, 152)
(129, 158)
(129, 159)
(129, 171)
(129, 172)
(129, 183)
(129, 188)
(129, 197)
(129, 215)
(129, 225)
(129, 226)
(129, 230)
(129, 236)
(129, 245)
(129, 254)
(129, 264)
(129, 269)
(129, 276)
(129, 295)
(129, 307)
(129, 312)
(129, 315)
(129, 318)
(129, 348)
(129, 357)
(129, 375)
(129, 377)
(129, 379)
(129, 383)
(129, 386)
(129, 388)
(129, 402)
(129, 406)
(129, 414)
(129, 432)
(129, 433)
(129, 435)
(129, 437)
(129, 438)
(130, 147)
(131, 147)
(131, 149)
(131, 163)
(131, 208)
(131, 216)
(131, 243)
(131, 259)
(131, 267)
(131, 284)
(131, 290)
(131, 309)
(131, 324)
(131, 327)
(131, 374)
(131, 376)
(131, 381)
(131, 403)
(131, 417)
(131, 422)
(131, 440)
(131, 442)
(131, 446)
(131, 449)
(132, 137)
(132, 143)
(132, 152)
(132, 158)
(132, 159)
(132, 171)
(132, 172)
(132, 183)
(132, 188)
(132, 197)
(132, 215)
(132, 225)
(132, 226)
(132, 230)
(132, 236)
(132, 245)
(132, 254)
(132, 264)
(132, 269)
(132, 276)
(132, 295)
(132, 307)
(132, 312)
(132, 315)
(132, 318)
(132, 348)
(132, 350)
(132, 357)
(132, 375)
(132, 377)
(132, 379)
(132, 383)
(132, 386)
(132, 388)
(132, 393)
(132, 402)
(132, 406)
(132, 414)
(132, 419)
(132, 432)
(132, 433)
(132, 435)
(132, 437)
(132, 438)
(132, 453)
(133, 137)
(133, 143)
(133, 152)
(133, 153)
(133, 158)
(133, 159)
(133, 160)
(133, 171)
(133, 172)
(133, 175)
(133, 182)
(133, 183)
(133, 188)
(133, 197)
(133, 215)
(133, 225)
(133, 226)
(133, 230)
(133, 233)
(133, 236)
(133, 245)
(133, 254)
(133, 264)
(133, 266)
(133, 269)
(133, 276)
(133, 281)
(133, 295)
(133, 297)
(133, 306)
(133, 307)
(133, 308)
(133, 310)
(133, 312)
(133, 315)
(133, 318)
(133, 337)
(133, 348)
(133, 357)
(133, 375)
(133, 377)
(133, 379)
(133, 383)
(133, 386)
(133, 388)
(133, 401)
(133, 402)
(133, 405)
(133, 406)
(133, 414)
(133, 424)
(133, 426)
(133, 432)
(133, 433)
(133, 434)
(133, 435)
(133, 437)
(133, 438)
(134, 191)
(134, 212)
(134, 217)
(134, 247)
(134, 302)
(134, 316)
(134, 326)
(134, 330)
(134, 332)
(134, 355)
(134, 356)
(134, 451)
(134, 460)
(135, 224)
(135, 246)
(135, 305)
(135, 370)
(135, 436)
(136, 156)
(136, 185)
(136, 202)
(136, 204)
(136, 289)
(136, 336)
(136, 349)
(137, 139)
(137, 140)
(137, 142)
(137, 146)
(137, 160)
(137, 161)
(137, 173)
(137, 175)
(137, 196)
(137, 200)
(137, 213)
(137, 214)
(137, 223)
(137, 227)
(137, 228)
(137, 233)
(137, 238)
(137, 248)
(137, 249)
(137, 253)
(137, 262)
(137, 274)
(137, 279)
(137, 288)
(137, 291)
(137, 301)
(137, 308)
(137, 333)
(137, 335)
(137, 338)
(137, 345)
(137, 350)
(137, 351)
(137, 359)
(137, 393)
(137, 401)
(137, 408)
(137, 412)
(137, 416)
(137, 419)
(137, 429)
(137, 430)
(137, 441)
(137, 445)
(137, 452)
(137, 453)
(137, 455)
(137, 458)
(137, 459)
(138, 150)
(138, 250)
(138, 310)
(138, 399)
(138, 405)
(139, 140)
(139, 143)
(139, 152)
(139, 158)
(139, 159)
(139, 171)
(139, 172)
(139, 183)
(139, 188)
(139, 197)
(139, 215)
(139, 225)
(139, 226)
(139, 230)
(139, 236)
(139, 245)
(139, 249)
(139, 254)
(139, 264)
(139, 269)
(139, 276)
(139, 279)
(139, 295)
(139, 307)
(139, 312)
(139, 315)
(139, 318)
(139, 348)
(139, 357)
(139, 375)
(139, 377)
(139, 379)
(139, 383)
(139, 386)
(139, 388)
(139, 402)
(139, 406)
(139, 414)
(139, 430)
(139, 432)
(139, 433)
(139, 435)
(139, 437)
(139, 438)
(139, 455)
(140, 143)
(140, 146)
(140, 152)
(140, 158)
(140, 159)
(140, 171)
(140, 172)
(140, 173)
(140, 183)
(140, 188)
(140, 196)
(140, 197)
(140, 200)
(140, 214)
(140, 215)
(140, 225)
(140, 226)
(140, 230)
(140, 236)
(140, 245)
(140, 249)
(140, 254)
(140, 264)
(140, 269)
(140, 276)
(140, 279)
(140, 295)
(140, 301)
(140, 307)
(140, 312)
(140, 315)
(140, 318)
(140, 338)
(140, 348)
(140, 351)
(140, 357)
(140, 375)
(140, 377)
(140, 379)
(140, 383)
(140, 386)
(140, 388)
(140, 402)
(140, 406)
(140, 414)
(140, 430)
(140, 432)
(140, 433)
(140, 435)
(140, 437)
(140, 438)
(140, 455)
(141, 439)
(142, 143)
(142, 152)
(142, 158)
(142, 159)
(142, 171)
(142, 172)
(142, 183)
(142, 188)
(142, 197)
(142, 215)
(142, 225)
(142, 226)
(142, 230)
(142, 236)
(142, 245)
(142, 254)
(142, 264)
(142, 269)
(142, 276)
(142, 295)
(142, 307)
(142, 312)
(142, 315)
(142, 318)
(142, 348)
(142, 357)
(142, 375)
(142, 377)
(142, 379)
(142, 383)
(142, 386)
(142, 388)
(142, 402)
(142, 406)
(142, 414)
(142, 432)
(142, 433)
(142, 435)
(142, 437)
(142, 438)
(142, 445)
(143, 146)
(143, 160)
(143, 161)
(143, 173)
(143, 175)
(143, 196)
(143, 200)
(143, 213)
(143, 214)
(143, 223)
(143, 227)
(143, 228)
(143, 233)
(143, 238)
(143, 248)
(143, 249)
(143, 253)
(143, 262)
(143, 274)
(143, 279)
(143, 288)
(143, 291)
(143, 301)
(143, 308)
(143, 333)
(143, 335)
(143, 338)
(143, 345)
(143, 350)
(143, 351)
(143, 359)
(143, 393)
(143, 401)
(143, 408)
(143, 412)
(143, 416)
(143, 419)
(143, 429)
(143, 430)
(143, 441)
(143, 445)
(143, 452)
(143, 453)
(143, 455)
(143, 458)
(143, 459)
(144, 146)
(144, 173)
(144, 195)
(144, 196)
(144, 200)
(144, 208)
(144, 214)
(144, 216)
(144, 258)
(144, 267)
(144, 284)
(144, 290)
(144, 301)
(144, 309)
(144, 310)
(144, 327)
(144, 338)
(144, 351)
(144, 380)
(144, 381)
(144, 405)
(144, 409)
(144, 417)
(144, 449)
(145, 322)
(146, 150)
(146, 152)
(146, 158)
(146, 159)
(146, 161)
(146, 171)
(146, 172)
(146, 183)
(146, 188)
(146, 197)
(146, 209)
(146, 215)
(146, 225)
(146, 226)
(146, 227)
(146, 228)
(146, 230)
(146, 236)
(146, 238)
(146, 245)
(146, 248)
(146, 249)
(146, 254)
(146, 255)
(146, 264)
(146, 269)
(146, 274)
(146, 276)
(146, 279)
(146, 291)
(146, 295)
(146, 299)
(146, 307)
(146, 312)
(146, 315)
(146, 318)
(146, 333)
(146, 348)
(146, 357)
(146, 375)
(146, 377)
(146, 379)
(146, 383)
(146, 386)
(146, 388)
(146, 393)
(146, 395)
(146, 402)
(146, 406)
(146, 412)
(146, 414)
(146, 428)
(146, 430)
(146, 432)
(146, 433)
(146, 435)
(146, 437)
(146, 438)
(146, 443)
(146, 445)
(146, 452)
(146, 455)
(147, 422)
(147, 442)
(148, 310)
(148, 405)
(148, 427)
(149, 166)
(149, 222)
(149, 243)
(149, 257)
(149, 273)
(149, 278)
(149, 304)
(149, 317)
(149, 374)
(149, 403)
(149, 422)
(149, 442)
(150, 170)
(150, 173)
(150, 180)
(150, 181)
(150, 194)
(150, 196)
(150, 200)
(150, 208)
(150, 214)
(150, 216)
(150, 237)
(150, 250)
(150, 267)
(150, 274)
(150, 284)
(150, 290)
(150, 301)
(150, 309)
(150, 313)
(150, 314)
(150, 327)
(150, 338)
(150, 345)
(150, 351)
(150, 381)
(150, 399)
(150, 417)
(150, 445)
(150, 449)
(150, 450)
(150, 454)
(150, 459)
(152, 160)
(152, 161)
(152, 173)
(152, 175)
(152, 196)
(152, 200)
(152, 213)
(152, 214)
(152, 223)
(152, 227)
(152, 228)
(152, 233)
(152, 238)
(152, 248)
(152, 249)
(152, 253)
(152, 262)
(152, 274)
(152, 279)
(152, 288)
(152, 291)
(152, 301)
(152, 308)
(152, 333)
(152, 335)
(152, 338)
(152, 345)
(152, 350)
(152, 351)
(152, 359)
(152, 393)
(152, 401)
(152, 408)
(152, 412)
(152, 416)
(152, 419)
(152, 429)
(152, 430)
(152, 441)
(152, 445)
(152, 452)
(152, 453)
(152, 455)
(152, 458)
(152, 459)
(153, 160)
(153, 163)
(153, 174)
(153, 182)
(153, 190)
(153, 233)
(153, 244)
(153, 266)
(153, 271)
(153, 281)
(153, 287)
(153, 297)
(153, 306)
(153, 308)
(153, 324)
(153, 337)
(153, 385)
(153, 392)
(153, 401)
(153, 410)
(153, 424)
(153, 426)
(153, 434)
(153, 440)
(153, 446)
(154, 235)
(155, 335)
(156, 184)
(156, 185)
(156, 202)
(156, 204)
(156, 289)
(156, 336)
(156, 341)
(156, 346)
(156, 349)
(156, 378)
(156, 428)
(156, 443)
(156, 456)
(157, 325)
(158, 160)
(158, 161)
(158, 173)
(158, 175)
(158, 196)
(158, 200)
(158, 213)
(158, 214)
(158, 223)
(158, 227)
(158, 228)
(158, 233)
(158, 238)
(158, 248)
(158, 249)
(158, 253)
(158, 262)
(158, 274)
(158, 279)
(158, 288)
(158, 291)
(158, 301)
(158, 308)
(158, 333)
(158, 335)
(158, 338)
(158, 345)
(158, 350)
(158, 351)
(158, 359)
(158, 393)
(158, 401)
(158, 408)
(158, 412)
(158, 416)
(158, 419)
(158, 429)
(158, 430)
(158, 441)
(158, 445)
(158, 452)
(158, 453)
(158, 455)
(158, 458)
(158, 459)
(159, 160)
(159, 161)
(159, 173)
(159, 175)
(159, 196)
(159, 200)
(159, 213)
(159, 214)
(159, 223)
(159, 227)
(159, 228)
(159, 233)
(159, 238)
(159, 248)
(159, 249)
(159, 253)
(159, 262)
(159, 274)
(159, 279)
(159, 288)
(159, 291)
(159, 301)
(159, 308)
(159, 333)
(159, 335)
(159, 338)
(159, 345)
(159, 350)
(159, 351)
(159, 359)
(159, 393)
(159, 401)
(159, 408)
(159, 412)
(159, 416)
(159, 419)
(159, 429)
(159, 430)
(159, 441)
(159, 445)
(159, 452)
(159, 453)
(159, 455)
(159, 458)
(159, 459)
(160, 171)
(160, 172)
(160, 175)
(160, 182)
(160, 183)
(160, 188)
(160, 197)
(160, 215)
(160, 225)
(160, 226)
(160, 230)
(160, 233)
(160, 236)
(160, 245)
(160, 254)
(160, 264)
(160, 266)
(160, 269)
(160, 276)
(160, 281)
(160, 295)
(160, 297)
(160, 306)
(160, 307)
(160, 308)
(160, 310)
(160, 312)
(160, 315)
(160, 318)
(160, 337)
(160, 348)
(160, 357)
(160, 375)
(160, 377)
(160, 379)
(160, 383)
(160, 386)
(160, 388)
(160, 401)
(160, 402)
(160, 405)
(160, 406)
(160, 414)
(160, 424)
(160, 426)
(160, 432)
(160, 433)
(160, 434)
(160, 435)
(160, 437)
(160, 438)
(161, 171)
(161, 172)
(161, 173)
(161, 183)
(161, 188)
(161, 196)
(161, 197)
(161, 200)
(161, 214)
(161, 215)
(161, 225)
(161, 226)
(161, 230)
(161, 236)
(161, 245)
(161, 254)
(161, 264)
(161, 269)
(161, 276)
(161, 295)
(161, 301)
(161, 307)
(161, 312)
(161, 315)
(161, 318)
(161, 338)
(161, 348)
(161, 351)
(161, 357)
(161, 375)
(161, 377)
(161, 379)
(161, 383)
(161, 386)
(161, 388)
(161, 402)
(161, 406)
(161, 414)
(161, 432)
(161, 433)
(161, 435)
(161, 437)
(161, 438)
(162, 169)
(162, 397)
(162, 421)
(163, 182)
(163, 243)
(163, 266)
(163, 281)
(163, 297)
(163, 306)
(163, 310)
(163, 324)
(163, 337)
(163, 405)
(163, 422)
(163, 424)
(163, 426)
(163, 434)
(163, 440)
(163, 442)
(163, 446)
(164, 191)
(164, 212)
(164, 217)
(164, 247)
(164, 302)
(164, 316)
(164, 326)
(164, 330)
(164, 332)
(164, 355)
(164, 356)
(164, 451)
(166, 169)
(166, 208)
(166, 216)
(166, 222)
(166, 239)
(166, 257)
(166, 267)
(166, 283)
(166, 284)
(166, 290)
(166, 304)
(166, 309)
(166, 317)
(166, 327)
(166, 339)
(166, 347)
(166, 374)
(166, 381)
(166, 392)
(166, 397)
(166, 403)
(166, 417)
(166, 421)
(166, 449)
(167, 259)
(167, 376)
(167, 429)
(168, 239)
(168, 339)
(168, 347)
(168, 392)
(168, 447)
(169, 174)
(169, 222)
(169, 239)
(169, 257)
(169, 304)
(169, 311)
(169, 317)
(169, 339)
(169, 347)
(169, 358)
(169, 385)
(169, 392)
(169, 410)
(170, 250)
(170, 310)
(170, 399)
(170, 405)
(171, 173)
(171, 175)
(171, 196)
(171, 200)
(171, 213)
(171, 214)
(171, 223)
(171, 227)
(171, 228)
(171, 233)
(171, 238)
(171, 248)
(171, 249)
(171, 253)
(171, 262)
(171, 274)
(171, 279)
(171, 288)
(171, 291)
(171, 301)
(171, 308)
(171, 333)
(171, 335)
(171, 338)
(171, 345)
(171, 350)
(171, 351)
(171, 359)
(171, 393)
(171, 401)
(171, 408)
(171, 412)
(171, 416)
(171, 419)
(171, 429)
(171, 430)
(171, 441)
(171, 445)
(171, 452)
(171, 453)
(171, 455)
(171, 458)
(171, 459)
(172, 173)
(172, 175)
(172, 196)
(172, 200)
(172, 213)
(172, 214)
(172, 223)
(172, 227)
(172, 228)
(172, 233)
(172, 238)
(172, 248)
(172, 249)
(172, 253)
(172, 262)
(172, 274)
(172, 279)
(172, 288)
(172, 291)
(172, 301)
(172, 308)
(172, 333)
(172, 335)
(172, 338)
(172, 345)
(172, 350)
(172, 351)
(172, 359)
(172, 393)
(172, 401)
(172, 408)
(172, 412)
(172, 416)
(172, 419)
(172, 429)
(172, 430)
(172, 441)
(172, 445)
(172, 452)
(172, 453)
(172, 455)
(172, 458)
(172, 459)
(173, 183)
(173, 188)
(173, 197)
(173, 209)
(173, 215)
(173, 225)
(173, 226)
(173, 227)
(173, 228)
(173, 230)
(173, 236)
(173, 238)
(173, 245)
(173, 248)
(173, 249)
(173, 254)
(173, 255)
(173, 264)
(173, 269)
(173, 274)
(173, 276)
(173, 279)
(173, 291)
(173, 295)
(173, 299)
(173, 307)
(173, 312)
(173, 315)
(173, 318)
(173, 333)
(173, 348)
(173, 357)
(173, 375)
(173, 377)
(173, 379)
(173, 383)
(173, 386)
(173, 388)
(173, 393)
(173, 395)
(173, 402)
(173, 406)
(173, 412)
(173, 414)
(173, 428)
(173, 430)
(173, 432)
(173, 433)
(173, 435)
(173, 437)
(173, 438)
(173, 443)
(173, 445)
(173, 452)
(173, 455)
(174, 179)
(174, 239)
(174, 311)
(174, 339)
(174, 347)
(174, 371)
(174, 385)
(174, 392)
(174, 397)
(174, 410)
(174, 421)
(174, 425)
(174, 427)
(174, 457)
(175, 183)
(175, 188)
(175, 197)
(175, 198)
(175, 215)
(175, 225)
(175, 226)
(175, 230)
(175, 232)
(175, 233)
(175, 236)
(175, 239)
(175, 245)
(175, 254)
(175, 264)
(175, 269)
(175, 276)
(175, 280)
(175, 291)
(175, 295)
(175, 307)
(175, 308)
(175, 312)
(175, 315)
(175, 318)
(175, 319)
(175, 321)
(175, 329)
(175, 339)
(175, 347)
(175, 348)
(175, 357)
(175, 367)
(175, 375)
(175, 377)
(175, 379)
(175, 383)
(175, 386)
(175, 388)
(175, 391)
(175, 392)
(175, 401)
(175, 402)
(175, 406)
(175, 411)
(175, 414)
(175, 432)
(175, 433)
(175, 435)
(175, 437)
(175, 438)
(175, 452)
(176, 246)
(176, 370)
(176, 436)
(177, 210)
(177, 239)
(177, 263)
(177, 339)
(177, 347)
(177, 392)
(179, 191)
(179, 212)
(179, 217)
(179, 247)
(179, 302)
(179, 310)
(179, 316)
(179, 326)
(179, 330)
(179, 332)
(179, 355)
(179, 356)
(179, 385)
(179, 392)
(179, 405)
(179, 410)
(179, 451)
(179, 457)
(181, 191)
(181, 212)
(181, 217)
(181, 231)
(181, 247)
(181, 302)
(181, 316)
(181, 326)
(181, 330)
(181, 332)
(181, 355)
(181, 356)
(181, 451)
(182, 190)
(182, 233)
(182, 244)
(182, 266)
(182, 271)
(182, 281)
(182, 287)
(182, 297)
(182, 306)
(182, 308)
(182, 324)
(182, 337)
(182, 401)
(182, 424)
(182, 426)
(182, 434)
(182, 440)
(182, 446)
(183, 196)
(183, 200)
(183, 213)
(183, 214)
(183, 223)
(183, 227)
(183, 228)
(183, 233)
(183, 238)
(183, 248)
(183, 249)
(183, 253)
(183, 262)
(183, 274)
(183, 279)
(183, 288)
(183, 291)
(183, 301)
(183, 308)
(183, 333)
(183, 335)
(183, 338)
(183, 345)
(183, 350)
(183, 351)
(183, 359)
(183, 393)
(183, 401)
(183, 408)
(183, 412)
(183, 416)
(183, 419)
(183, 429)
(183, 430)
(183, 441)
(183, 445)
(183, 452)
(183, 453)
(183, 455)
(183, 458)
(183, 459)
(184, 202)
(184, 204)
(184, 289)
(184, 349)
(185, 202)
(185, 204)
(185, 289)
(185, 336)
(185, 349)
(188, 196)
(188, 200)
(188, 213)
(188, 214)
(188, 223)
(188, 227)
(188, 228)
(188, 233)
(188, 238)
(188, 248)
(188, 249)
(188, 253)
(188, 262)
(188, 274)
(188, 279)
(188, 288)
(188, 291)
(188, 301)
(188, 308)
(188, 333)
(188, 335)
(188, 338)
(188, 345)
(188, 350)
(188, 351)
(188, 359)
(188, 393)
(188, 401)
(188, 408)
(188, 412)
(188, 416)
(188, 419)
(188, 429)
(188, 430)
(188, 441)
(188, 445)
(188, 452)
(188, 453)
(188, 455)
(188, 458)
(188, 459)
(189, 292)
(190, 266)
(190, 281)
(190, 297)
(190, 306)
(190, 337)
(190, 424)
(190, 426)
(190, 434)
(191, 192)
(191, 213)
(191, 287)
(191, 294)
(191, 387)
(191, 427)
(191, 428)
(191, 443)
(192, 198)
(192, 212)
(192, 217)
(192, 232)
(192, 247)
(192, 280)
(192, 302)
(192, 316)
(192, 319)
(192, 321)
(192, 326)
(192, 329)
(192, 330)
(192, 332)
(192, 355)
(192, 356)
(192, 367)
(192, 391)
(192, 411)
(192, 428)
(192, 443)
(192, 451)
(193, 223)
(193, 270)
(193, 285)
(193, 335)
(193, 345)
(193, 420)
(193, 444)
(194, 399)
(195, 299)
(196, 197)
(196, 209)
(196, 215)
(196, 225)
(196, 226)
(196, 227)
(196, 228)
(196, 230)
(196, 236)
(196, 238)
(196, 245)
(196, 248)
(196, 249)
(196, 254)
(196, 255)
(196, 264)
(196, 269)
(196, 274)
(196, 276)
(196, 279)
(196, 291)
(196, 295)
(196, 299)
(196, 307)
(196, 312)
(196, 315)
(196, 318)
(196, 333)
(196, 348)
(196, 357)
(196, 375)
(196, 377)
(196, 379)
(196, 383)
(196, 386)
(196, 388)
(196, 393)
(196, 395)
(196, 402)
(196, 406)
(196, 412)
(196, 414)
(196, 428)
(196, 430)
(196, 432)
(196, 433)
(196, 435)
(196, 437)
(196, 438)
(196, 443)
(196, 445)
(196, 452)
(196, 455)
(197, 200)
(197, 213)
(197, 214)
(197, 223)
(197, 227)
(197, 228)
(197, 233)
(197, 238)
(197, 248)
(197, 249)
(197, 253)
(197, 262)
(197, 274)
(197, 279)
(197, 288)
(197, 291)
(197, 301)
(197, 308)
(197, 333)
(197, 335)
(197, 338)
(197, 345)
(197, 350)
(197, 351)
(197, 359)
(197, 393)
(197, 401)
(197, 408)
(197, 412)
(197, 416)
(197, 419)
(197, 429)
(197, 430)
(197, 441)
(197, 445)
(197, 452)
(197, 453)
(197, 455)
(197, 458)
(197, 459)
(198, 272)
(198, 311)
(198, 399)
(199, 457)
(200, 209)
(200, 215)
(200, 225)
(200, 226)
(200, 227)
(200, 228)
(200, 230)
(200, 236)
(200, 238)
(200, 245)
(200, 248)
(200, 249)
(200, 254)
(200, 255)
(200, 264)
(200, 269)
(200, 274)
(200, 276)
(200, 279)
(200, 291)
(200, 295)
(200, 299)
(200, 307)
(200, 312)
(200, 315)
(200, 318)
(200, 333)
(200, 348)
(200, 357)
(200, 375)
(200, 377)
(200, 379)
(200, 383)
(200, 386)
(200, 388)
(200, 393)
(200, 395)
(200, 402)
(200, 406)
(200, 412)
(200, 414)
(200, 428)
(200, 430)
(200, 432)
(200, 433)
(200, 435)
(200, 437)
(200, 438)
(200, 443)
(200, 445)
(200, 452)
(200, 455)
(201, 261)
(201, 423)
(202, 204)
(202, 289)
(202, 336)
(202, 341)
(202, 346)
(202, 349)
(202, 378)
(202, 428)
(202, 443)
(202, 456)
(203, 292)
(204, 289)
(204, 336)
(204, 341)
(204, 346)
(204, 349)
(204, 378)
(204, 428)
(204, 443)
(204, 456)
(206, 429)
(207, 223)
(207, 270)
(207, 285)
(207, 335)
(207, 345)
(207, 420)
(207, 444)
(208, 216)
(208, 222)
(208, 257)
(208, 267)
(208, 284)
(208, 290)
(208, 299)
(208, 304)
(208, 309)
(208, 317)
(208, 327)
(208, 381)
(208, 417)
(208, 422)
(208, 442)
(208, 449)
(209, 214)
(209, 301)
(209, 338)
(209, 351)
(212, 213)
(212, 287)
(212, 294)
(212, 387)
(212, 427)
(212, 428)
(212, 443)
(213, 215)
(213, 217)
(213, 225)
(213, 226)
(213, 230)
(213, 236)
(213, 245)
(213, 247)
(213, 254)
(213, 264)
(213, 269)
(213, 276)
(213, 295)
(213, 302)
(213, 307)
(213, 312)
(213, 315)
(213, 316)
(213, 318)
(213, 326)
(213, 330)
(213, 332)
(213, 348)
(213, 355)
(213, 356)
(213, 357)
(213, 375)
(213, 377)
(213, 379)
(213, 383)
(213, 386)
(213, 388)
(213, 402)
(213, 406)
(213, 414)
(213, 432)
(213, 433)
(213, 435)
(213, 437)
(213, 438)
(213, 451)
(214, 215)
(214, 225)
(214, 226)
(214, 227)
(214, 228)
(214, 230)
(214, 236)
(214, 238)
(214, 245)
(214, 248)
(214, 249)
(214, 254)
(214, 255)
(214, 264)
(214, 269)
(214, 274)
(214, 276)
(214, 279)
(214, 291)
(214, 295)
(214, 299)
(214, 307)
(214, 312)
(214, 315)
(214, 318)
(214, 333)
(214, 348)
(214, 357)
(214, 375)
(214, 377)
(214, 379)
(214, 383)
(214, 386)
(214, 388)
(214, 393)
(214, 395)
(214, 402)
(214, 406)
(214, 412)
(214, 414)
(214, 428)
(214, 430)
(214, 432)
(214, 433)
(214, 435)
(214, 437)
(214, 438)
(214, 443)
(214, 445)
(214, 452)
(214, 455)
(215, 223)
(215, 227)
(215, 228)
(215, 233)
(215, 238)
(215, 248)
(215, 249)
(215, 253)
(215, 262)
(215, 274)
(215, 279)
(215, 288)
(215, 291)
(215, 301)
(215, 308)
(215, 333)
(215, 335)
(215, 338)
(215, 345)
(215, 350)
(215, 351)
(215, 359)
(215, 393)
(215, 401)
(215, 408)
(215, 412)
(215, 416)
(215, 419)
(215, 429)
(215, 430)
(215, 441)
(215, 445)
(215, 452)
(215, 453)
(215, 455)
(215, 458)
(215, 459)
(216, 222)
(216, 257)
(216, 267)
(216, 284)
(216, 290)
(216, 299)
(216, 304)
(216, 309)
(216, 317)
(216, 327)
(216, 381)
(216, 417)
(216, 422)
(216, 442)
(216, 449)
(217, 287)
(217, 294)
(217, 387)
(217, 427)
(217, 428)
(217, 443)
(218, 457)
(219, 224)
(219, 246)
(219, 305)
(219, 370)
(219, 436)
(220, 282)
(220, 361)
(222, 239)
(222, 257)
(222, 267)
(222, 283)
(222, 284)
(222, 290)
(222, 304)
(222, 309)
(222, 317)
(222, 327)
(222, 339)
(222, 347)
(222, 374)
(222, 381)
(222, 392)
(222, 397)
(222, 403)
(222, 417)
(222, 421)
(222, 449)
(223, 225)
(223, 226)
(223, 230)
(223, 236)
(223, 245)
(223, 254)
(223, 264)
(223, 269)
(223, 275)
(223, 276)
(223, 295)
(223, 307)
(223, 312)
(223, 315)
(223, 318)
(223, 348)
(223, 353)
(223, 357)
(223, 362)
(223, 375)
(223, 377)
(223, 379)
(223, 383)
(223, 386)
(223, 388)
(223, 402)
(223, 406)
(223, 414)
(223, 432)
(223, 433)
(223, 435)
(223, 437)
(223, 438)
(224, 340)
(225, 227)
(225, 228)
(225, 233)
(225, 238)
(225, 248)
(225, 249)
(225, 253)
(225, 262)
(225, 274)
(225, 279)
(225, 288)
(225, 291)
(225, 301)
(225, 308)
(225, 333)
(225, 335)
(225, 338)
(225, 345)
(225, 350)
(225, 351)
(225, 359)
(225, 393)
(225, 401)
(225, 408)
(225, 412)
(225, 416)
(225, 419)
(225, 429)
(225, 430)
(225, 441)
(225, 445)
(225, 452)
(225, 453)
(225, 455)
(225, 458)
(225, 459)
(226, 227)
(226, 228)
(226, 233)
(226, 238)
(226, 248)
(226, 249)
(226, 253)
(226, 262)
(226, 274)
(226, 279)
(226, 288)
(226, 291)
(226, 301)
(226, 308)
(226, 333)
(226, 335)
(226, 338)
(226, 345)
(226, 350)
(226, 351)
(226, 359)
(226, 393)
(226, 401)
(226, 408)
(226, 412)
(226, 416)
(226, 419)
(226, 429)
(226, 430)
(226, 441)
(226, 445)
(226, 452)
(226, 453)
(226, 455)
(226, 458)
(226, 459)
(227, 228)
(227, 230)
(227, 236)
(227, 245)
(227, 254)
(227, 259)
(227, 264)
(227, 269)
(227, 276)
(227, 295)
(227, 301)
(227, 307)
(227, 312)
(227, 315)
(227, 318)
(227, 338)
(227, 348)
(227, 351)
(227, 357)
(227, 365)
(227, 375)
(227, 376)
(227, 377)
(227, 379)
(227, 383)
(227, 386)
(227, 388)
(227, 402)
(227, 406)
(227, 414)
(227, 419)
(227, 432)
(227, 433)
(227, 435)
(227, 437)
(227, 438)
(228, 230)
(228, 236)
(228, 245)
(228, 254)
(228, 259)
(228, 264)
(228, 269)
(228, 276)
(228, 295)
(228, 301)
(228, 307)
(228, 312)
(228, 315)
(228, 318)
(228, 338)
(228, 348)
(228, 351)
(228, 357)
(228, 365)
(228, 375)
(228, 376)
(228, 377)
(228, 379)
(228, 383)
(228, 386)
(228, 388)
(228, 402)
(228, 406)
(228, 414)
(228, 419)
(228, 432)
(228, 433)
(228, 435)
(228, 437)
(228, 438)
(229, 298)
(230, 233)
(230, 238)
(230, 248)
(230, 249)
(230, 253)
(230, 262)
(230, 274)
(230, 279)
(230, 288)
(230, 291)
(230, 301)
(230, 308)
(230, 333)
(230, 335)
(230, 338)
(230, 345)
(230, 350)
(230, 351)
(230, 359)
(230, 393)
(230, 401)
(230, 408)
(230, 412)
(230, 416)
(230, 419)
(230, 429)
(230, 430)
(230, 441)
(230, 445)
(230, 452)
(230, 453)
(230, 455)
(230, 458)
(230, 459)
(232, 272)
(232, 311)
(232, 399)
(233, 236)
(233, 245)
(233, 254)
(233, 264)
(233, 266)
(233, 269)
(233, 276)
(233, 281)
(233, 295)
(233, 297)
(233, 306)
(233, 307)
(233, 308)
(233, 310)
(233, 312)
(233, 315)
(233, 318)
(233, 337)
(233, 348)
(233, 357)
(233, 375)
(233, 377)
(233, 379)
(233, 383)
(233, 386)
(233, 388)
(233, 401)
(233, 402)
(233, 405)
(233, 406)
(233, 414)
(233, 424)
(233, 426)
(233, 432)
(233, 433)
(233, 434)
(233, 435)
(233, 437)
(233, 438)
(234, 404)
(236, 238)
(236, 248)
(236, 249)
(236, 253)
(236, 262)
(236, 274)
(236, 279)
(236, 288)
(236, 291)
(236, 301)
(236, 308)
(236, 333)
(236, 335)
(236, 338)
(236, 345)
(236, 350)
(236, 351)
(236, 359)
(236, 393)
(236, 401)
(236, 408)
(236, 412)
(236, 416)
(236, 419)
(236, 429)
(236, 430)
(236, 441)
(236, 445)
(236, 452)
(236, 453)
(236, 455)
(236, 458)
(236, 459)
(238, 245)
(238, 254)
(238, 264)
(238, 269)
(238, 276)
(238, 295)
(238, 301)
(238, 307)
(238, 312)
(238, 315)
(238, 318)
(238, 338)
(238, 348)
(238, 351)
(238, 357)
(238, 375)
(238, 377)
(238, 379)
(238, 383)
(238, 386)
(238, 388)
(238, 402)
(238, 406)
(238, 414)
(238, 432)
(238, 433)
(238, 435)
(238, 437)
(238, 438)
(239, 257)
(239, 304)
(239, 311)
(239, 317)
(239, 339)
(239, 347)
(239, 385)
(239, 392)
(239, 397)
(239, 410)
(239, 421)
(239, 447)
(239, 454)
(239, 457)
(240, 296)
(240, 320)
(240, 366)
(241, 296)
(241, 320)
(241, 366)
(242, 415)
(243, 324)
(243, 374)
(243, 403)
(243, 422)
(243, 440)
(243, 442)
(243, 446)
(244, 266)
(244, 281)
(244, 292)
(244, 297)
(244, 306)
(244, 337)
(244, 424)
(244, 426)
(244, 434)
(245, 248)
(245, 249)
(245, 253)
(245, 262)
(245, 274)
(245, 279)
(245, 288)
(245, 291)
(245, 301)
(245, 308)
(245, 333)
(245, 335)
(245, 338)
(245, 345)
(245, 350)
(245, 351)
(245, 359)
(245, 393)
(245, 401)
(245, 408)
(245, 412)
(245, 416)
(245, 419)
(245, 429)
(245, 430)
(245, 441)
(245, 445)
(245, 452)
(245, 453)
(245, 455)
(245, 458)
(245, 459)
(246, 354)
(246, 418)
(247, 287)
(247, 294)
(247, 387)
(247, 427)
(247, 428)
(247, 443)
(248, 254)
(248, 264)
(248, 269)
(248, 276)
(248, 295)
(248, 301)
(248, 307)
(248, 312)
(248, 315)
(248, 318)
(248, 338)
(248, 348)
(248, 351)
(248, 357)
(248, 375)
(248, 377)
(248, 379)
(248, 383)
(248, 386)
(248, 388)
(248, 402)
(248, 406)
(248, 414)
(248, 432)
(248, 433)
(248, 435)
(248, 437)
(248, 438)
(249, 254)
(249, 264)
(249, 269)
(249, 276)
(249, 279)
(249, 295)
(249, 301)
(249, 307)
(249, 312)
(249, 315)
(249, 318)
(249, 338)
(249, 348)
(249, 351)
(249, 357)
(249, 375)
(249, 377)
(249, 379)
(249, 383)
(249, 386)
(249, 388)
(249, 402)
(249, 406)
(249, 414)
(249, 430)
(249, 432)
(249, 433)
(249, 435)
(249, 437)
(249, 438)
(249, 455)
(250, 314)
(250, 431)
(250, 450)
(250, 454)
(253, 254)
(253, 264)
(253, 269)
(253, 276)
(253, 295)
(253, 307)
(253, 312)
(253, 315)
(253, 318)
(253, 348)
(253, 357)
(253, 375)
(253, 377)
(253, 379)
(253, 383)
(253, 386)
(253, 388)
(253, 402)
(253, 406)
(253, 414)
(253, 432)
(253, 433)
(253, 435)
(253, 437)
(253, 438)
(254, 262)
(254, 274)
(254, 279)
(254, 288)
(254, 291)
(254, 301)
(254, 308)
(254, 333)
(254, 335)
(254, 338)
(254, 345)
(254, 350)
(254, 351)
(254, 359)
(254, 393)
(254, 401)
(254, 408)
(254, 412)
(254, 416)
(254, 419)
(254, 429)
(254, 430)
(254, 441)
(254, 445)
(254, 452)
(254, 453)
(254, 455)
(254, 458)
(254, 459)
(255, 258)
(255, 301)
(255, 338)
(255, 351)
(255, 409)
(256, 372)
(257, 267)
(257, 283)
(257, 284)
(257, 290)
(257, 304)
(257, 309)
(257, 317)
(257, 327)
(257, 339)
(257, 347)
(257, 374)
(257, 381)
(257, 392)
(257, 397)
(257, 403)
(257, 417)
(257, 421)
(257, 449)
(258, 299)
(259, 365)
(259, 420)
(259, 422)
(259, 442)
(259, 444)
(261, 363)
(261, 423)
(261, 453)
(262, 264)
(262, 269)
(262, 276)
(262, 295)
(262, 307)
(262, 312)
(262, 315)
(262, 318)
(262, 348)
(262, 357)
(262, 375)
(262, 377)
(262, 379)
(262, 383)
(262, 386)
(262, 388)
(262, 402)
(262, 406)
(262, 414)
(262, 432)
(262, 433)
(262, 435)
(262, 437)
(262, 438)
(264, 274)
(264, 279)
(264, 288)
(264, 291)
(264, 301)
(264, 308)
(264, 333)
(264, 335)
(264, 338)
(264, 345)
(264, 350)
(264, 351)
(264, 359)
(264, 393)
(264, 401)
(264, 408)
(264, 412)
(264, 416)
(264, 419)
(264, 429)
(264, 430)
(264, 441)
(264, 445)
(264, 452)
(264, 453)
(264, 455)
(264, 458)
(264, 459)
(265, 373)
(266, 271)
(266, 281)
(266, 287)
(266, 297)
(266, 306)
(266, 308)
(266, 324)
(266, 337)
(266, 401)
(266, 424)
(266, 426)
(266, 434)
(266, 440)
(266, 446)
(267, 284)
(267, 290)
(267, 299)
(267, 304)
(267, 309)
(267, 317)
(267, 327)
(267, 381)
(267, 417)
(267, 422)
(267, 442)
(267, 449)
(268, 363)
(269, 274)
(269, 279)
(269, 288)
(269, 291)
(269, 301)
(269, 308)
(269, 333)
(269, 335)
(269, 338)
(269, 345)
(269, 350)
(269, 351)
(269, 359)
(269, 393)
(269, 401)
(269, 408)
(269, 412)
(269, 416)
(269, 419)
(269, 429)
(269, 430)
(269, 441)
(269, 445)
(269, 452)
(269, 453)
(269, 455)
(269, 458)
(269, 459)
(270, 275)
(270, 353)
(270, 362)
(271, 281)
(271, 297)
(271, 306)
(271, 337)
(271, 424)
(271, 426)
(271, 434)
(272, 280)
(272, 319)
(272, 321)
(272, 329)
(272, 367)
(272, 391)
(272, 411)
(273, 374)
(273, 403)
(274, 276)
(274, 295)
(274, 301)
(274, 307)
(274, 312)
(274, 315)
(274, 318)
(274, 338)
(274, 348)
(274, 351)
(274, 357)
(274, 375)
(274, 377)
(274, 379)
(274, 383)
(274, 386)
(274, 388)
(274, 399)
(274, 402)
(274, 406)
(274, 414)
(274, 432)
(274, 433)
(274, 435)
(274, 437)
(274, 438)
(275, 285)
(275, 335)
(275, 345)
(275, 420)
(275, 444)
(276, 279)
(276, 288)
(276, 291)
(276, 301)
(276, 308)
(276, 333)
(276, 335)
(276, 338)
(276, 345)
(276, 350)
(276, 351)
(276, 359)
(276, 393)
(276, 401)
(276, 408)
(276, 412)
(276, 416)
(276, 419)
(276, 429)
(276, 430)
(276, 441)
(276, 445)
(276, 452)
(276, 453)
(276, 455)
(276, 458)
(276, 459)
(278, 374)
(278, 403)
(279, 295)
(279, 301)
(279, 307)
(279, 312)
(279, 315)
(279, 318)
(279, 338)
(279, 348)
(279, 351)
(279, 357)
(279, 375)
(279, 377)
(279, 379)
(279, 383)
(279, 386)
(279, 388)
(279, 402)
(279, 406)
(279, 414)
(279, 430)
(279, 432)
(279, 433)
(279, 435)
(279, 437)
(279, 438)
(279, 455)
(280, 311)
(280, 399)
(281, 287)
(281, 297)
(281, 306)
(281, 308)
(281, 324)
(281, 337)
(281, 401)
(281, 424)
(281, 426)
(281, 434)
(281, 440)
(281, 446)
(282, 361)
(283, 304)
(283, 317)
(284, 290)
(284, 299)
(284, 304)
(284, 309)
(284, 317)
(284, 327)
(284, 381)
(284, 417)
(284, 422)
(284, 442)
(284, 449)
(285, 353)
(285, 362)
(286, 384)
(287, 297)
(287, 302)
(287, 306)
(287, 316)
(287, 326)
(287, 330)
(287, 332)
(287, 337)
(287, 350)
(287, 355)
(287, 356)
(287, 424)
(287, 426)
(287, 434)
(287, 451)
(288, 295)
(288, 307)
(288, 312)
(288, 315)
(288, 318)
(288, 348)
(288, 357)
(288, 375)
(288, 377)
(288, 379)
(288, 383)
(288, 386)
(288, 388)
(288, 402)
(288, 406)
(288, 414)
(288, 432)
(288, 433)
(288, 435)
(288, 437)
(288, 438)
(289, 336)
(289, 341)
(289, 346)
(289, 349)
(289, 378)
(289, 428)
(289, 443)
(289, 456)
(290, 299)
(290, 304)
(290, 309)
(290, 317)
(290, 327)
(290, 381)
(290, 417)
(290, 422)
(290, 442)
(290, 449)
(291, 295)
(291, 301)
(291, 307)
(291, 312)
(291, 315)
(291, 318)
(291, 338)
(291, 348)
(291, 351)
(291, 357)
(291, 375)
(291, 377)
(291, 379)
(291, 383)
(291, 386)
(291, 388)
(291, 402)
(291, 406)
(291, 414)
(291, 432)
(291, 433)
(291, 435)
(291, 437)
(291, 438)
(293, 323)
(294, 296)
(294, 302)
(294, 316)
(294, 320)
(294, 326)
(294, 330)
(294, 332)
(294, 355)
(294, 356)
(294, 366)
(294, 451)
(295, 301)
(295, 308)
(295, 333)
(295, 335)
(295, 338)
(295, 345)
(295, 350)
(295, 351)
(295, 359)
(295, 393)
(295, 401)
(295, 408)
(295, 412)
(295, 416)
(295, 419)
(295, 429)
(295, 430)
(295, 441)
(295, 445)
(295, 452)
(295, 453)
(295, 455)
(295, 458)
(295, 459)
(297, 306)
(297, 308)
(297, 324)
(297, 337)
(297, 401)
(297, 424)
(297, 426)
(297, 434)
(297, 440)
(297, 446)
(299, 301)
(299, 309)
(299, 310)
(299, 327)
(299, 338)
(299, 351)
(299, 380)
(299, 381)
(299, 405)
(299, 409)
(299, 417)
(299, 449)
(300, 328)
(301, 307)
(301, 312)
(301, 315)
(301, 318)
(301, 333)
(301, 348)
(301, 357)
(301, 375)
(301, 377)
(301, 379)
(301, 383)
(301, 386)
(301, 388)
(301, 393)
(301, 395)
(301, 402)
(301, 406)
(301, 412)
(301, 414)
(301, 428)
(301, 430)
(301, 432)
(301, 433)
(301, 435)
(301, 437)
(301, 438)
(301, 443)
(301, 445)
(301, 452)
(301, 455)
(302, 387)
(302, 427)
(302, 428)
(302, 443)
(303, 363)
(304, 309)
(304, 317)
(304, 327)
(304, 339)
(304, 347)
(304, 374)
(304, 381)
(304, 392)
(304, 397)
(304, 403)
(304, 417)
(304, 421)
(304, 449)
(305, 340)
(306, 308)
(306, 324)
(306, 337)
(306, 401)
(306, 424)
(306, 426)
(306, 434)
(306, 440)
(306, 446)
(307, 308)
(307, 333)
(307, 335)
(307, 338)
(307, 345)
(307, 350)
(307, 351)
(307, 359)
(307, 393)
(307, 401)
(307, 408)
(307, 412)
(307, 416)
(307, 419)
(307, 429)
(307, 430)
(307, 441)
(307, 445)
(307, 452)
(307, 453)
(307, 455)
(307, 458)
(307, 459)
(308, 310)
(308, 312)
(308, 315)
(308, 318)
(308, 337)
(308, 348)
(308, 357)
(308, 375)
(308, 377)
(308, 379)
(308, 383)
(308, 386)
(308, 388)
(308, 401)
(308, 402)
(308, 405)
(308, 406)
(308, 414)
(308, 424)
(308, 426)
(308, 432)
(308, 433)
(308, 434)
(308, 435)
(308, 437)
(308, 438)
(309, 317)
(309, 327)
(309, 381)
(309, 417)
(309, 422)
(309, 442)
(309, 449)
(310, 314)
(310, 324)
(310, 401)
(310, 427)
(310, 440)
(310, 446)
(310, 450)
(311, 319)
(311, 321)
(311, 329)
(311, 339)
(311, 347)
(311, 367)
(311, 385)
(311, 391)
(311, 392)
(311, 397)
(311, 410)
(311, 411)
(311, 421)
(311, 457)
(312, 333)
(312, 335)
(312, 338)
(312, 345)
(312, 350)
(312, 351)
(312, 359)
(312, 393)
(312, 401)
(312, 408)
(312, 412)
(312, 416)
(312, 419)
(312, 429)
(312, 430)
(312, 441)
(312, 445)
(312, 452)
(312, 453)
(312, 455)
(312, 458)
(312, 459)
(314, 399)
(314, 405)
(315, 333)
(315, 335)
(315, 338)
(315, 345)
(315, 350)
(315, 351)
(315, 359)
(315, 393)
(315, 401)
(315, 408)
(315, 412)
(315, 416)
(315, 419)
(315, 429)
(315, 430)
(315, 441)
(315, 445)
(315, 452)
(315, 453)
(315, 455)
(315, 458)
(315, 459)
(316, 387)
(316, 427)
(316, 428)
(316, 443)
(317, 327)
(317, 339)
(317, 347)
(317, 374)
(317, 381)
(317, 392)
(317, 397)
(317, 403)
(317, 417)
(317, 421)
(317, 449)
(318, 333)
(318, 335)
(318, 338)
(318, 345)
(318, 350)
(318, 351)
(318, 359)
(318, 393)
(318, 401)
(318, 408)
(318, 412)
(318, 416)
(318, 419)
(318, 429)
(318, 430)
(318, 441)
(318, 445)
(318, 452)
(318, 453)
(318, 455)
(318, 458)
(318, 459)
(319, 399)
(321, 399)
(324, 337)
(324, 405)
(324, 422)
(324, 424)
(324, 426)
(324, 434)
(324, 440)
(324, 442)
(324, 446)
(326, 387)
(326, 427)
(326, 428)
(326, 443)
(327, 381)
(327, 417)
(327, 422)
(327, 442)
(327, 449)
(328, 352)
(329, 399)
(330, 387)
(330, 427)
(330, 428)
(330, 443)
(331, 453)
(332, 387)
(332, 427)
(332, 428)
(332, 443)
(333, 338)
(333, 348)
(333, 351)
(333, 357)
(333, 375)
(333, 377)
(333, 379)
(333, 383)
(333, 386)
(333, 388)
(333, 402)
(333, 406)
(333, 414)
(333, 432)
(333, 433)
(333, 435)
(333, 437)
(333, 438)
(334, 447)
(334, 457)
(335, 348)
(335, 353)
(335, 357)
(335, 362)
(335, 375)
(335, 377)
(335, 379)
(335, 383)
(335, 386)
(335, 388)
(335, 402)
(335, 406)
(335, 414)
(335, 432)
(335, 433)
(335, 435)
(335, 437)
(335, 438)
(336, 349)
(337, 401)
(337, 424)
(337, 426)
(337, 434)
(337, 440)
(337, 446)
(338, 348)
(338, 357)
(338, 375)
(338, 377)
(338, 379)
(338, 383)
(338, 386)
(338, 388)
(338, 393)
(338, 395)
(338, 402)
(338, 406)
(338, 412)
(338, 414)
(338, 428)
(338, 430)
(338, 432)
(338, 433)
(338, 435)
(338, 437)
(338, 438)
(338, 443)
(338, 445)
(338, 452)
(338, 455)
(339, 347)
(339, 385)
(339, 392)
(339, 397)
(339, 410)
(339, 421)
(339, 447)
(339, 454)
(339, 457)
(341, 349)
(342, 389)
(345, 348)
(345, 353)
(345, 357)
(345, 362)
(345, 375)
(345, 377)
(345, 379)
(345, 383)
(345, 386)
(345, 388)
(345, 402)
(345, 406)
(345, 414)
(345, 432)
(345, 433)
(345, 435)
(345, 437)
(345, 438)
(346, 349)
(347, 385)
(347, 392)
(347, 397)
(347, 410)
(347, 421)
(347, 447)
(347, 454)
(347, 457)
(348, 350)
(348, 351)
(348, 359)
(348, 393)
(348, 401)
(348, 408)
(348, 412)
(348, 416)
(348, 419)
(348, 429)
(348, 430)
(348, 441)
(348, 445)
(348, 452)
(348, 453)
(348, 455)
(348, 458)
(348, 459)
(349, 378)
(349, 428)
(349, 443)
(349, 456)
(350, 357)
(350, 359)
(350, 375)
(350, 377)
(350, 379)
(350, 383)
(350, 386)
(350, 388)
(350, 402)
(350, 406)
(350, 414)
(350, 432)
(350, 433)
(350, 435)
(350, 437)
(350, 438)
(351, 357)
(351, 375)
(351, 377)
(351, 379)
(351, 383)
(351, 386)
(351, 388)
(351, 393)
(351, 395)
(351, 402)
(351, 406)
(351, 412)
(351, 414)
(351, 428)
(351, 430)
(351, 432)
(351, 433)
(351, 435)
(351, 437)
(351, 438)
(351, 443)
(351, 445)
(351, 452)
(351, 455)
(353, 420)
(353, 444)
(354, 370)
(354, 436)
(355, 387)
(355, 427)
(355, 428)
(355, 443)
(356, 387)
(356, 427)
(356, 428)
(356, 443)
(357, 359)
(357, 393)
(357, 401)
(357, 408)
(357, 412)
(357, 416)
(357, 419)
(357, 429)
(357, 430)
(357, 441)
(357, 445)
(357, 452)
(357, 453)
(357, 455)
(357, 458)
(357, 459)
(358, 397)
(358, 421)
(358, 457)
(359, 375)
(359, 377)
(359, 379)
(359, 383)
(359, 386)
(359, 388)
(359, 393)
(359, 402)
(359, 406)
(359, 414)
(359, 419)
(359, 432)
(359, 433)
(359, 435)
(359, 437)
(359, 438)
(359, 453)
(362, 420)
(362, 444)
(363, 423)
(365, 376)
(367, 399)
(370, 418)
(371, 385)
(371, 392)
(371, 410)
(374, 403)
(374, 422)
(374, 442)
(375, 393)
(375, 401)
(375, 408)
(375, 412)
(375, 416)
(375, 419)
(375, 429)
(375, 430)
(375, 441)
(375, 445)
(375, 452)
(375, 453)
(375, 455)
(375, 458)
(375, 459)
(376, 420)
(376, 422)
(376, 442)
(376, 444)
(377, 393)
(377, 401)
(377, 408)
(377, 412)
(377, 416)
(377, 419)
(377, 429)
(377, 430)
(377, 441)
(377, 445)
(377, 452)
(377, 453)
(377, 455)
(377, 458)
(377, 459)
(379, 393)
(379, 401)
(379, 408)
(379, 412)
(379, 416)
(379, 419)
(379, 429)
(379, 430)
(379, 441)
(379, 445)
(379, 452)
(379, 453)
(379, 455)
(379, 458)
(379, 459)
(381, 417)
(381, 422)
(381, 442)
(381, 449)
(383, 393)
(383, 401)
(383, 408)
(383, 412)
(383, 416)
(383, 419)
(383, 429)
(383, 430)
(383, 441)
(383, 445)
(383, 452)
(383, 453)
(383, 455)
(383, 458)
(383, 459)
(385, 392)
(385, 397)
(385, 410)
(385, 421)
(385, 425)
(385, 427)
(385, 457)
(386, 393)
(386, 401)
(386, 408)
(386, 412)
(386, 416)
(386, 419)
(386, 429)
(386, 430)
(386, 441)
(386, 445)
(386, 452)
(386, 453)
(386, 455)
(386, 458)
(386, 459)
(387, 451)
(388, 393)
(388, 401)
(388, 408)
(388, 412)
(388, 416)
(388, 419)
(388, 429)
(388, 430)
(388, 441)
(388, 445)
(388, 452)
(388, 453)
(388, 455)
(388, 458)
(388, 459)
(390, 394)
(391, 399)
(392, 397)
(392, 410)
(392, 421)
(392, 425)
(392, 427)
(392, 447)
(392, 454)
(392, 457)
(393, 402)
(393, 406)
(393, 414)
(393, 432)
(393, 433)
(393, 435)
(393, 437)
(393, 438)
(396, 427)
(396, 457)
(397, 410)
(399, 411)
(399, 450)
(401, 402)
(401, 405)
(401, 406)
(401, 414)
(401, 424)
(401, 426)
(401, 432)
(401, 433)
(401, 434)
(401, 435)
(401, 437)
(401, 438)
(402, 408)
(402, 412)
(402, 416)
(402, 419)
(402, 429)
(402, 430)
(402, 441)
(402, 445)
(402, 452)
(402, 453)
(402, 455)
(402, 458)
(402, 459)
(403, 422)
(403, 442)
(405, 427)
(405, 440)
(405, 446)
(405, 450)
(406, 408)
(406, 412)
(406, 416)
(406, 419)
(406, 429)
(406, 430)
(406, 441)
(406, 445)
(406, 452)
(406, 453)
(406, 455)
(406, 458)
(406, 459)
(407, 420)
(407, 444)
(408, 414)
(408, 432)
(408, 433)
(408, 435)
(408, 437)
(408, 438)
(410, 421)
(410, 425)
(410, 427)
(410, 457)
(412, 414)
(412, 432)
(412, 433)
(412, 435)
(412, 437)
(412, 438)
(414, 416)
(414, 419)
(414, 429)
(414, 430)
(414, 441)
(414, 445)
(414, 452)
(414, 453)
(414, 455)
(414, 458)
(414, 459)
(416, 432)
(416, 433)
(416, 435)
(416, 437)
(416, 438)
(417, 422)
(417, 442)
(417, 449)
(418, 436)
(419, 432)
(419, 433)
(419, 435)
(419, 437)
(419, 438)
(419, 453)
(422, 440)
(422, 442)
(422, 446)
(422, 449)
(423, 453)
(424, 426)
(424, 434)
(424, 440)
(424, 446)
(426, 434)
(426, 440)
(426, 446)
(427, 451)
(428, 443)
(428, 451)
(429, 432)
(429, 433)
(429, 435)
(429, 437)
(429, 438)
(429, 453)
(430, 432)
(430, 433)
(430, 435)
(430, 437)
(430, 438)
(430, 455)
(432, 441)
(432, 445)
(432, 452)
(432, 453)
(432, 455)
(432, 458)
(432, 459)
(433, 441)
(433, 445)
(433, 452)
(433, 453)
(433, 455)
(433, 458)
(433, 459)
(434, 440)
(434, 446)
(435, 441)
(435, 445)
(435, 452)
(435, 453)
(435, 455)
(435, 458)
(435, 459)
(437, 441)
(437, 445)
(437, 452)
(437, 453)
(437, 455)
(437, 458)
(437, 459)
(438, 441)
(438, 445)
(438, 452)
(438, 453)
(438, 455)
(438, 458)
(438, 459)
(440, 442)
(440, 446)
(442, 446)
(442, 449)
(443, 451)
(448, 458)
