(0, 100)
(0, 210)
(0, 263)
(1, 4)
(1, 5)
(1, 88)
(1, 196)
(1, 338)
(1, 351)
(2, 277)
(3, 98)
(4, 5)
(4, 78)
(4, 80)
(4, 86)
(4, 88)
(4, 108)
(4, 140)
(4, 159)
(4, 171)
(4, 172)
(4, 183)
(4, 196)
(4, 215)
(4, 236)
(4, 312)
(4, 338)
(4, 351)
(4, 377)
(4, 388)
(4, 395)
(4, 430)
(4, 432)
(4, 437)
(5, 78)
(5, 80)
(5, 86)
(5, 88)
(5, 108)
(5, 140)
(5, 159)
(5, 171)
(5, 172)
(5, 183)
(5, 196)
(5, 215)
(5, 236)
(5, 312)
(5, 338)
(5, 351)
(5, 377)
(5, 388)
(5, 395)
(5, 430)
(5, 432)
(5, 437)
(6, 152)
(6, 183)
(6, 312)
(6, 357)
(6, 377)
(7, 26)
(7, 30)
(7, 58)
(7, 132)
(7, 137)
(7, 143)
(7, 254)
(7, 348)
(8, 48)
(8, 291)
(8, 452)
(9, 252)
(10, 121)
(10, 211)
(11, 15)
(11, 29)
(11, 197)
(11, 226)
(11, 227)
(11, 228)
(11, 365)
(11, 379)
(12, 112)
(12, 243)
(12, 324)
(12, 422)
(13, 149)
(13, 422)
(14, 154)
(15, 29)
(15, 62)
(15, 146)
(15, 172)
(15, 173)
(15, 197)
(15, 226)
(15, 249)
(15, 301)
(15, 379)
(15, 416)
(15, 435)
(15, 437)
(16, 206)
(16, 383)
(16, 429)
(16, 453)
(17, 429)
(18, 208)
(18, 216)
(18, 267)
(18, 381)
(18, 449)
(19, 71)
(19, 453)
(20, 59)
(20, 440)
(21, 38)
(21, 115)
(21, 242)
(21, 415)
(22, 156)
(22, 185)
(22, 289)
(23, 41)
(23, 64)
(23, 113)
(23, 216)
(23, 250)
(23, 275)
(23, 345)
(23, 381)
(23, 449)
(23, 454)
(24, 87)
(24, 249)
(25, 46)
(25, 187)
(26, 43)
(26, 47)
(26, 71)
(26, 87)
(26, 106)
(26, 114)
(26, 117)
(26, 132)
(26, 143)
(26, 146)
(26, 161)
(26, 172)
(26, 173)
(26, 183)
(26, 191)
(26, 212)
(26, 217)
(26, 227)
(26, 228)
(26, 247)
(26, 249)
(26, 301)
(26, 302)
(26, 312)
(26, 316)
(26, 326)
(26, 330)
(26, 355)
(26, 377)
(26, 393)
(26, 401)
(26, 435)
(26, 437)
(26, 451)
(26, 458)
(27, 186)
(28, 105)
(28, 402)
(29, 62)
(29, 146)
(29, 172)
(29, 173)
(29, 197)
(29, 226)
(29, 249)
(29, 301)
(29, 379)
(29, 416)
(29, 435)
(29, 437)
(30, 132)
(30, 419)
(31, 291)
(31, 401)
(31, 452)
(32, 126)
(32, 364)
(33, 47)
(33, 59)
(33, 70)
(33, 98)
(33, 179)
(33, 191)
(33, 212)
(33, 217)
(33, 247)
(33, 302)
(33, 316)
(33, 326)
(33, 330)
(33, 332)
(33, 355)
(33, 451)
(33, 457)
(34, 358)
(35, 87)
(35, 236)
(35, 350)
(35, 414)
(36, 47)
(36, 146)
(36, 173)
(36, 191)
(36, 192)
(36, 204)
(36, 212)
(36, 217)
(36, 247)
(36, 301)
(36, 302)
(36, 316)
(36, 326)
(36, 330)
(36, 332)
(36, 355)
(36, 428)
(36, 443)
(36, 451)
(37, 457)
(39, 182)
(40, 102)
(40, 262)
(41, 150)
(42, 398)
(43, 58)
(43, 254)
(43, 265)
(43, 348)
(43, 373)
(44, 71)
(44, 108)
(44, 285)
(44, 420)
(45, 198)
(46, 187)
(47, 58)
(47, 108)
(47, 134)
(47, 164)
(47, 179)
(47, 181)
(47, 202)
(47, 213)
(47, 239)
(47, 254)
(47, 287)
(47, 294)
(47, 315)
(47, 348)
(47, 379)
(47, 387)
(47, 397)
(47, 427)
(47, 428)
(47, 443)
(47, 457)
(48, 128)
(48, 336)
(49, 413)
(50, 140)
(50, 279)
(50, 430)
(51, 231)
(52, 203)
(53, 59)
(53, 83)
(53, 160)
(53, 307)
(53, 308)
(53, 318)
(53, 401)
(54, 382)
(55, 118)
(55, 169)
(55, 319)
(56, 109)
(56, 146)
(56, 172)
(56, 173)
(56, 192)
(56, 238)
(56, 291)
(56, 301)
(56, 306)
(56, 337)
(56, 397)
(56, 437)
(56, 452)
(57, 441)
(57, 453)
(58, 71)
(58, 87)
(58, 106)
(58, 114)
(58, 117)
(58, 132)
(58, 143)
(58, 146)
(58, 161)
(58, 172)
(58, 173)
(58, 183)
(58, 191)
(58, 212)
(58, 217)
(58, 227)
(58, 228)
(58, 247)
(58, 249)
(58, 301)
(58, 302)
(58, 312)
(58, 316)
(58, 326)
(58, 330)
(58, 355)
(58, 377)
(58, 393)
(58, 401)
(58, 435)
(58, 437)
(58, 451)
(58, 458)
(59, 179)
(59, 233)
(59, 299)
(59, 440)
(60, 441)
(61, 108)
(61, 399)
(62, 147)
(62, 197)
(62, 226)
(63, 269)
(64, 150)
(64, 216)
(64, 381)
(64, 449)
(65, 273)
(66, 110)
(66, 145)
(66, 322)
(67, 241)
(68, 98)
(68, 109)
(68, 271)
(68, 306)
(68, 337)
(68, 356)
(68, 434)
(69, 260)
(70, 179)
(70, 396)
(71, 84)
(71, 87)
(71, 108)
(71, 142)
(71, 146)
(71, 172)
(71, 173)
(71, 183)
(71, 200)
(71, 207)
(71, 225)
(71, 248)
(71, 249)
(71, 254)
(71, 301)
(71, 312)
(71, 345)
(71, 348)
(71, 353)
(71, 362)
(71, 377)
(71, 412)
(71, 435)
(71, 437)
(71, 445)
(72, 288)
(73, 300)
(73, 352)
(74, 151)
(74, 343)
(74, 369)
(75, 119)
(75, 457)
(76, 268)
(77, 103)
(77, 120)
(78, 196)
(78, 338)
(78, 351)
(79, 358)
(80, 196)
(80, 338)
(80, 351)
(81, 133)
(82, 441)
(83, 102)
(83, 107)
(83, 133)
(83, 160)
(83, 175)
(83, 233)
(83, 262)
(83, 308)
(83, 401)
(85, 232)
(86, 88)
(86, 196)
(86, 236)
(86, 338)
(86, 351)
(86, 406)
(87, 105)
(87, 146)
(87, 172)
(87, 173)
(87, 225)
(87, 254)
(87, 301)
(87, 348)
(87, 359)
(87, 393)
(87, 402)
(87, 412)
(87, 435)
(87, 437)
(88, 146)
(88, 173)
(88, 196)
(88, 215)
(88, 301)
(88, 338)
(88, 351)
(88, 408)
(88, 432)
(89, 119)
(90, 146)
(90, 172)
(90, 173)
(90, 287)
(90, 301)
(90, 401)
(90, 437)
(91, 257)
(92, 125)
(92, 319)
(92, 385)
(92, 397)
(92, 411)
(93, 365)
(93, 376)
(94, 221)
(95, 146)
(95, 172)
(95, 173)
(95, 301)
(95, 334)
(95, 435)
(95, 437)
(96, 255)
(97, 158)
(98, 119)
(98, 153)
(98, 179)
(98, 281)
(98, 297)
(98, 311)
(98, 371)
(98, 392)
(98, 427)
(98, 457)
(99, 149)
(99, 166)
(99, 278)
(99, 374)
(99, 403)
(100, 113)
(100, 151)
(100, 177)
(100, 343)
(100, 369)
(100, 454)
(101, 163)
(101, 310)
(101, 446)
(102, 307)
(102, 318)
(104, 205)
(105, 223)
(106, 132)
(106, 137)
(106, 254)
(106, 276)
(106, 348)
(106, 419)
(107, 307)
(107, 318)
(107, 453)
(108, 116)
(108, 126)
(108, 138)
(108, 146)
(108, 173)
(108, 180)
(108, 181)
(108, 183)
(108, 191)
(108, 194)
(108, 196)
(108, 198)
(108, 207)
(108, 212)
(108, 214)
(108, 217)
(108, 237)
(108, 247)
(108, 251)
(108, 264)
(108, 274)
(108, 301)
(108, 302)
(108, 309)
(108, 312)
(108, 313)
(108, 314)
(108, 316)
(108, 326)
(108, 330)
(108, 338)
(108, 351)
(108, 353)
(108, 355)
(108, 362)
(108, 368)
(108, 377)
(108, 399)
(108, 417)
(108, 435)
(108, 445)
(108, 450)
(108, 451)
(108, 459)
(109, 182)
(109, 281)
(109, 297)
(109, 306)
(109, 337)
(109, 371)
(109, 426)
(110, 145)
(110, 322)
(111, 293)
(112, 163)
(112, 446)
(113, 150)
(113, 250)
(113, 454)
(114, 146)
(114, 173)
(114, 254)
(114, 301)
(114, 348)
(115, 242)
(116, 140)
(116, 193)
(116, 430)
(117, 254)
(117, 348)
(118, 169)
(118, 319)
(119, 311)
(119, 317)
(121, 211)
(122, 192)
(123, 266)
(124, 378)
(124, 456)
(125, 427)
(125, 457)
(126, 147)
(126, 399)
(128, 383)
(129, 245)
(130, 147)
(131, 147)
(131, 259)
(131, 442)
(132, 254)
(132, 348)
(132, 393)
(132, 419)
(133, 307)
(133, 318)
(134, 191)
(134, 212)
(134, 217)
(134, 247)
(134, 302)
(134, 316)
(134, 326)
(134, 330)
(134, 355)
(134, 451)
(134, 460)
(135, 224)
(135, 305)
(136, 336)
(137, 143)
(137, 253)
(137, 276)
(138, 250)
(138, 399)
(139, 225)
(139, 249)
(140, 196)
(140, 279)
(140, 338)
(140, 351)
(140, 430)
(140, 455)
(141, 439)
(142, 445)
(143, 254)
(143, 276)
(143, 348)
(144, 380)
(145, 322)
(146, 161)
(146, 172)
(146, 197)
(146, 209)
(146, 226)
(146, 227)
(146, 228)
(146, 236)
(146, 238)
(146, 248)
(146, 249)
(146, 254)
(146, 274)
(146, 277)
(146, 291)
(146, 299)
(146, 333)
(146, 341)
(146, 348)
(146, 393)
(146, 412)
(146, 428)
(146, 435)
(146, 437)
(146, 443)
(146, 445)
(146, 452)
(147, 442)
(148, 405)
(148, 427)
(149, 374)
(149, 403)
(150, 216)
(150, 250)
(150, 275)
(150, 345)
(150, 381)
(150, 449)
(150, 454)
(151, 344)
(152, 183)
(152, 312)
(152, 377)
(152, 378)
(152, 456)
(154, 235)
(155, 335)
(156, 289)
(157, 325)
(158, 383)
(159, 196)
(159, 338)
(159, 351)
(160, 175)
(160, 233)
(160, 307)
(160, 318)
(161, 172)
(161, 173)
(161, 225)
(161, 254)
(161, 301)
(161, 348)
(161, 437)
(162, 421)
(163, 440)
(163, 446)
(164, 191)
(164, 212)
(164, 217)
(164, 247)
(164, 302)
(164, 316)
(164, 326)
(164, 330)
(164, 355)
(164, 451)
(165, 172)
(165, 437)
(166, 267)
(166, 374)
(166, 403)
(167, 259)
(167, 356)
(168, 347)
(168, 447)
(169, 319)
(169, 339)
(170, 310)
(171, 196)
(171, 338)
(171, 351)
(172, 173)
(172, 196)
(172, 197)
(172, 209)
(172, 226)
(172, 227)
(172, 228)
(172, 238)
(172, 254)
(172, 274)
(172, 301)
(172, 338)
(172, 341)
(172, 348)
(172, 351)
(172, 393)
(172, 433)
(172, 435)
(172, 437)
(172, 445)
(173, 197)
(173, 209)
(173, 226)
(173, 227)
(173, 228)
(173, 236)
(173, 238)
(173, 248)
(173, 249)
(173, 254)
(173, 274)
(173, 277)
(173, 291)
(173, 299)
(173, 333)
(173, 341)
(173, 348)
(173, 393)
(173, 412)
(173, 428)
(173, 435)
(173, 437)
(173, 443)
(173, 445)
(173, 452)
(174, 360)
(175, 239)
(175, 291)
(175, 307)
(175, 308)
(175, 318)
(175, 319)
(175, 452)
(176, 370)
(176, 436)
(177, 210)
(177, 263)
(178, 321)
(179, 191)
(179, 212)
(179, 217)
(179, 247)
(179, 302)
(179, 316)
(179, 326)
(179, 330)
(179, 332)
(179, 355)
(179, 451)
(179, 457)
(181, 191)
(181, 212)
(181, 217)
(181, 231)
(181, 247)
(181, 302)
(181, 316)
(181, 326)
(181, 330)
(181, 355)
(181, 451)
(182, 306)
(182, 337)
(182, 426)
(183, 196)
(183, 239)
(183, 254)
(183, 312)
(183, 338)
(183, 348)
(183, 350)
(183, 351)
(183, 357)
(183, 377)
(183, 459)
(184, 277)
(188, 227)
(188, 228)
(189, 292)
(190, 424)
(191, 202)
(191, 213)
(191, 239)
(191, 254)
(191, 287)
(191, 294)
(191, 315)
(191, 348)
(191, 379)
(191, 387)
(191, 397)
(191, 427)
(191, 428)
(191, 443)
(191, 457)
(192, 198)
(192, 428)
(192, 443)
(193, 223)
(194, 399)
(195, 299)
(196, 215)
(196, 236)
(196, 312)
(196, 338)
(196, 351)
(196, 377)
(196, 388)
(196, 395)
(196, 430)
(196, 432)
(196, 437)
(197, 226)
(197, 249)
(197, 301)
(197, 379)
(197, 416)
(197, 435)
(197, 437)
(199, 457)
(200, 445)
(201, 261)
(202, 212)
(202, 217)
(202, 247)
(202, 302)
(202, 315)
(202, 316)
(202, 326)
(202, 330)
(202, 355)
(202, 451)
(204, 289)
(204, 378)
(204, 428)
(204, 443)
(204, 456)
(207, 285)
(207, 420)
(208, 216)
(208, 267)
(208, 284)
(208, 290)
(208, 327)
(208, 381)
(208, 417)
(208, 449)
(209, 301)
(209, 437)
(212, 213)
(212, 239)
(212, 254)
(212, 287)
(212, 294)
(212, 315)
(212, 348)
(212, 379)
(212, 387)
(212, 397)
(212, 427)
(212, 428)
(212, 443)
(212, 457)
(213, 217)
(213, 247)
(213, 264)
(213, 302)
(213, 315)
(213, 316)
(213, 326)
(213, 330)
(213, 355)
(213, 379)
(213, 451)
(215, 236)
(215, 338)
(215, 351)
(215, 406)
(216, 290)
(216, 327)
(216, 422)
(216, 449)
(217, 239)
(217, 254)
(217, 287)
(217, 294)
(217, 315)
(217, 348)
(217, 379)
(217, 387)
(217, 397)
(217, 427)
(217, 428)
(217, 443)
(217, 457)
(218, 457)
(219, 224)
(219, 246)
(219, 305)
(220, 282)
(222, 283)
(222, 304)
(223, 402)
(224, 340)
(225, 238)
(225, 249)
(225, 333)
(225, 445)
(226, 249)
(226, 301)
(226, 379)
(226, 416)
(226, 435)
(226, 437)
(227, 228)
(227, 254)
(227, 301)
(227, 348)
(227, 365)
(227, 419)
(227, 435)
(227, 437)
(228, 254)
(228, 301)
(228, 348)
(228, 365)
(228, 419)
(228, 435)
(228, 437)
(229, 298)
(230, 291)
(230, 401)
(230, 452)
(233, 307)
(233, 308)
(233, 318)
(233, 401)
(234, 404)
(236, 301)
(236, 338)
(236, 351)
(236, 359)
(236, 432)
(238, 301)
(238, 437)
(239, 247)
(239, 302)
(239, 312)
(239, 316)
(239, 326)
(239, 330)
(239, 355)
(239, 377)
(239, 392)
(239, 451)
(239, 457)
(240, 320)
(241, 366)
(243, 403)
(243, 422)
(244, 292)
(244, 424)
(247, 254)
(247, 287)
(247, 294)
(247, 315)
(247, 348)
(247, 379)
(247, 387)
(247, 397)
(247, 427)
(247, 428)
(247, 443)
(247, 457)
(248, 301)
(249, 254)
(249, 301)
(249, 348)
(249, 435)
(250, 314)
(250, 431)
(250, 450)
(250, 454)
(254, 301)
(254, 302)
(254, 312)
(254, 316)
(254, 326)
(254, 330)
(254, 355)
(254, 377)
(254, 393)
(254, 401)
(254, 435)
(254, 437)
(254, 451)
(254, 458)
(255, 409)
(256, 372)
(258, 299)
(259, 442)
(261, 363)
(261, 423)
(262, 307)
(262, 318)
(264, 379)
(264, 400)
(265, 373)
(266, 457)
(267, 417)
(267, 422)
(267, 449)
(268, 363)
(270, 275)
(271, 281)
(271, 297)
(271, 371)
(272, 280)
(274, 301)
(274, 399)
(274, 435)
(274, 437)
(275, 335)
(275, 345)
(277, 301)
(278, 374)
(279, 430)
(281, 306)
(281, 337)
(281, 356)
(281, 434)
(282, 361)
(283, 304)
(284, 290)
(284, 327)
(284, 449)
(285, 353)
(285, 362)
(286, 384)
(287, 302)
(287, 316)
(287, 326)
(287, 330)
(287, 350)
(287, 355)
(287, 451)
(290, 381)
(291, 301)
(291, 383)
(292, 424)
(293, 323)
(294, 296)
(294, 302)
(294, 316)
(294, 326)
(294, 330)
(294, 355)
(294, 451)
(295, 438)
(297, 306)
(297, 337)
(297, 356)
(297, 434)
(299, 301)
(299, 309)
(300, 328)
(301, 333)
(301, 341)
(301, 348)
(301, 393)
(301, 412)
(301, 428)
(301, 435)
(301, 437)
(301, 443)
(301, 445)
(301, 452)
(302, 315)
(302, 348)
(302, 379)
(302, 387)
(302, 397)
(302, 427)
(302, 428)
(302, 443)
(302, 457)
(303, 363)
(305, 340)
(306, 337)
(306, 371)
(306, 426)
(307, 308)
(307, 401)
(308, 318)
(309, 417)
(311, 385)
(311, 411)
(311, 457)
(312, 338)
(312, 348)
(312, 350)
(312, 351)
(312, 357)
(312, 377)
(312, 459)
(314, 399)
(315, 316)
(315, 326)
(315, 330)
(315, 355)
(315, 451)
(316, 348)
(316, 379)
(316, 387)
(316, 397)
(316, 427)
(316, 428)
(316, 443)
(316, 457)
(318, 401)
(319, 385)
(319, 411)
(321, 426)
(324, 422)
(326, 348)
(326, 379)
(326, 387)
(326, 397)
(326, 427)
(326, 428)
(326, 443)
(326, 457)
(327, 381)
(328, 352)
(329, 401)
(330, 348)
(330, 379)
(330, 387)
(330, 397)
(330, 427)
(330, 428)
(330, 443)
(330, 457)
(331, 453)
(332, 428)
(332, 443)
(334, 447)
(334, 457)
(335, 375)
(337, 371)
(337, 426)
(338, 351)
(338, 377)
(338, 388)
(338, 395)
(338, 430)
(338, 432)
(338, 437)
(341, 435)
(341, 437)
(342, 389)
(343, 344)
(344, 369)
(346, 349)
(347, 447)
(348, 355)
(348, 377)
(348, 393)
(348, 401)
(348, 435)
(348, 437)
(348, 451)
(348, 458)
(350, 359)
(350, 377)
(351, 377)
(351, 388)
(351, 395)
(351, 430)
(351, 432)
(351, 437)
(353, 420)
(354, 370)
(354, 436)
(355, 379)
(355, 387)
(355, 397)
(355, 427)
(355, 428)
(355, 443)
(355, 457)
(356, 371)
(356, 434)
(357, 377)
(357, 378)
(357, 456)
(358, 457)
(359, 414)
(362, 420)
(367, 391)
(370, 418)
(371, 434)
(374, 403)
(376, 420)
(377, 459)
(379, 451)
(381, 422)
(381, 449)
(383, 421)
(383, 429)
(383, 452)
(385, 392)
(385, 411)
(385, 457)
(386, 441)
(387, 451)
(390, 394)
(392, 457)
(393, 437)
(396, 427)
(396, 457)
(397, 451)
(399, 450)
(405, 427)
(407, 444)
(408, 432)
(410, 425)
(411, 457)
(417, 449)
(418, 436)
(427, 451)
(428, 443)
(428, 451)
(430, 455)
(433, 437)
(435, 437)
(437, 445)
(440, 446)
(443, 451)
(448, 458)
(451, 457)
